69
CDC5_XM_024686040.1_XP_024541808.1_cell_division_cycle_5-like_protein                                            0.0000000 0.0379948 0.2130473 2.4390047 3.3029823 3.6950892 3.7159954 2.9706307 3.8399495 3.3081042 2.8632077 3.2557217 3.1129111 3.2945177 3.1824427 2.6452120 2.9207590 3.5444668 2.9732430 2.7658328 4.2151925 3.6113853 4.4190989 2.9991057 3.0641795 4.0380296 3.6985901 2.3780819 3.2759320 3.0843746 3.8322312 3.1946855 3.2399199 3.2591516 3.4017614 3.1802226 3.7962480 3.4494313 2.9461827 3.3580572 3.2701137 3.6485272 2.6987672 3.2781096 3.8133618 4.1103172 2.8563132 4.4129908 2.9999159 2.7523147 2.7720859 3.2834120 3.1227804 2.9235149 2.6176230 3.2959968 3.1441751 4.1022777 2.7238899 3.4212314 2.5067029 2.5314424 2.4234953 3.0215045 3.2566468 3.7535809 3.0453582 2.9667012 3.4016193 
CDC5_XM_002981114.2_XP_002981160.1_cell_division_cycle_5-like_protein__Selaginella_moellendorffii_               0.0379948 0.0000000 0.2328689 2.3783881 3.4095024 3.7832148 3.4907566 3.1659306 4.0889843 3.5945441 3.1174153 3.3468373 3.5817224 3.1937159 3.2437257 2.6956136 3.1227118 4.1885926 2.7547451 2.5502665 4.0793943 3.4059860 4.5356957 2.7991271 2.8367928 3.8549550 4.2711270 2.4885200 3.7624309 3.2954867 4.0594202 3.9557789 3.5578544 3.7241565 3.6229162 3.5796441 4.2249905 3.8630370 3.1492129 3.9882838 3.2750853 4.1820992 2.6180557 3.5701746 3.7657274 4.3077216 3.1040718 4.4681374 3.4050045 2.5681387 2.8799524 3.7802498 3.5151076 3.0042423 2.6883619 3.1332137 3.1853772 3.9066832 2.8384574 3.2546048 2.6341269 2.5254325 2.4473170 3.0650587 3.4573161 3.7415383 3.4542617 3.0391879 3.7832936 
CDC5_Mapoly0014s0195_PTQ45693.1_hypothetical_protein_MARPO_0014s0195__Marchantia_polymorpha_                     0.2130473 0.2328689 0.0000000 2.3746523 3.3147541 3.7586809 3.5946099 3.1423076 3.8671273 3.5726189 3.1163547 3.5535088 3.4873112 3.4419042 3.3636018 3.0187988 3.0527545 4.2298504 2.6766211 2.5502665 4.0385079 3.0474238 4.8262751 2.8110002 2.8502744 3.7016987 4.0219917 2.5960366 3.3394126 3.4010194 3.5839493 4.0761849 3.0283973 3.3376449 3.3164201 3.2710966 3.9131919 3.7501545 3.0727408 3.9984428 3.2013663 3.7677179 2.8442262 3.6254541 3.4637164 4.2606993 2.9793365 4.5003353 3.6190190 2.4950883 2.9572292 3.2721272 3.9726175 3.0255087 2.6258702 3.2370996 2.9863980 3.7594248 2.8876332 3.5816448 2.5159636 2.8084018 2.4291853 3.0834148 3.6727806 3.7763906 3.2646766 2.9713133 3.7598710 
I_Mapoly0085s0092_PTQ33890.1_hypothetical_protein_MARPO_0085s0092__Marchantia_polymorpha_                        2.4390047 2.3783881 2.3746523 0.0000000 1.0764466 1.0601230 1.4223809 1.3329481 1.4025892 1.6675920 1.5300968 1.4725484 1.5866014 1.5607079 1.4767978 1.3976958 1.4049447 1.9170107 1.5993283 1.4897786 1.8437406 2.0449602 1.9037742 1.6261884 1.4329786 1.8235466 1.4511899 1.2935390 1.4685829 1.8177771 1.8056626 1.4536481 1.5545799 1.6002998 1.5263544 1.5026131 1.6422838 1.4844194 1.5844644 1.5671723 1.6359406 1.9869364 1.9880112 1.6171777 1.5378776 1.7811226 1.5326850 1.9253572 1.7841672 1.6277480 1.8603766 1.2689870 1.3230988 1.2706274 1.1125855 1.1727145 1.1684353 1.5871579 1.5051396 1.5240159 1.3294848 1.4787329 1.2974020 1.6468081 1.5481222 1.6627347 1.6375854 1.7058843 2.0342164 
II_Mapoly0001s0061_PTQ49997.1_hypothetical_protein_MARPO_0001s0061__Marchantia_polymorpha_                       3.3029823 3.4095024 3.3147541 1.0764466 0.0000000 1.1105217 1.9291019 1.7913971 1.8428086 1.9379544 1.7316372 2.0479141 2.0887911 2.0452739 1.7981461 2.3066303 1.8867035 2.7269879 1.7823006 1.4516809 2.5308288 2.7378482 2.9461760 1.6387690 1.5233957 2.8791057 2.1382112 1.5336308 2.6340036 2.5097564 2.7780434 2.2268314 2.3066122 2.3928223 2.4792556 2.4301501 2.7726436 2.4139517 2.2254686 2.5623553 2.3085118 2.6613058 2.2269322 2.3452647 1.9873179 2.5493990 2.2234003 2.5072144 1.7309369 1.7271360 1.8177478 1.6911905 1.7600688 1.6601752 1.0345003 1.1521279 0.9895252 1.7457833 1.6723105 1.6966292 1.8269801 1.9195013 1.8058626 2.1238981 2.6703601 2.2914974 2.8871588 1.9484712 2.5128471 
III_XM_002991980.2_XP_002992026.2_myb-related_protein_B__Selaginella_moellendorffii_                             3.6950892 3.7832148 3.7586809 1.0601230 1.1105217 0.0000000 2.0568628 1.4912274 2.3256491 2.0080178 1.7874534 1.8740474 1.9657887 1.8853228 1.6534544 2.0124198 1.6910550 2.5194097 1.5053529 1.4015833 2.2611769 2.4635524 2.6117829 1.7609587 1.6041956 2.6120243 2.1134151 1.6456791 2.6836558 2.3103437 2.6397607 2.5898319 2.8329821 2.5417766 2.3935699 2.2583414 2.6043966 2.4886753 2.0465577 2.0384620 2.1772721 2.6816067 2.6278118 2.0361559 2.2555429 2.4568431 2.3597527 2.1961476 2.3683478 1.7824379 2.2408628 1.5918985 1.5725415 1.4850917 0.9960548 1.0109579 0.9545383 2.0309700 2.1898010 1.7759126 1.7780989 1.8914894 1.6877544 2.1906495 2.2321242 2.3840287 2.6213853 2.2057150 2.4513804 
III_Mapoly0007s0271_PTQ47916.1_hypothetical_protein_MARPO_0007s0271__Marchantia_polymorpha_                      3.7159954 3.4907566 3.5946099 1.4223809 1.9291019 2.0568628 0.0000000 0.7061858 1.1403400 1.1826744 0.9343082 1.0985125 1.9658607 1.6944354 1.7001035 1.7365572 2.1872776 3.3586076 2.0411825 1.6052232 2.3999172 2.3071045 2.3107750 1.3466290 1.2936889 2.4113492 2.2542886 1.4680276 2.4709876 2.1791346 2.4284127 2.6389460 2.5177229 2.4074440 2.4632525 2.6735891 2.6831398 2.6997284 2.5050479 2.8050307 2.4451714 2.8141823 1.8665390 2.1174691 2.0932830 2.9926952 2.5900765 2.1767466 2.5411802 1.4740387 2.5650163 2.0440567 1.9647949 1.6199502 1.4740646 1.7780176 1.6644234 1.2487785 1.2463848 1.2020023 1.3179407 1.8210840 1.6852332 2.0377791 2.3519572 2.4887570 2.7202927 2.3340897 2.1803254 
III_XM_002971992.2_XP_002972038.2_transcription_factor_MYB1__Selaginella_moellendorffii_                         2.9706307 3.1659306 3.1423076 1.3329481 1.7913971 1.4912274 0.7061858 0.0000000 1.1743340 0.9890668 0.8986388 0.8784170 1.9545936 1.6971650 1.5876292 1.7586128 1.6345139 1.8125937 1.5105418 1.2544141 2.0542191 1.9176404 2.2173118 1.4376392 1.2411569 2.1771742 1.8703739 1.3534023 1.9470964 1.6704256 2.1247361 1.9299093 2.0834735 1.9467174 2.1507186 1.9316811 2.0237506 2.1583150 2.0886690 1.9323710 2.2464871 2.1416166 1.8782562 1.8418949 1.7930802 2.0519391 1.8592494 1.6624437 1.8974999 1.3827794 1.8769079 1.7017205 1.6748135 1.3889047 1.2124312 1.6950528 1.2866110 1.0676313 0.9938504 1.0301222 1.2293974 1.6945072 1.4616226 1.7798896 1.8001658 1.9672852 2.0437644 2.0252625 1.6847574 
IV_MN199005_QIN53281.1_R2R3-MYB_transcription_factor__Selaginella_moellendorffii_                                3.8399495 4.0889843 3.8671273 1.4025892 1.8428086 2.3256491 1.1403400 1.1743340 0.0000000 0.6641157 0.7070872 0.8465256 2.2022457 1.6720016 1.5047621 1.8031624 1.7673844 3.1746270 1.7238646 1.3732238 2.9265677 2.6285266 2.6660131 1.4456368 1.4263892 2.6875736 1.7914646 1.2676114 2.5466116 2.0607607 2.4017191 2.3909280 2.2129884 2.4967352 2.2640438 2.2205952 2.4563101 2.3564861 2.1510644 2.8234236 2.4775573 2.7363262 2.1060374 2.2137932 2.0231333 2.4436741 2.3947912 2.1786988 2.2492115 1.5372749 2.2371316 2.2247305 1.9411573 1.8395156 1.5304091 1.7022804 1.5252172 1.2992331 0.9325823 0.9020455 1.2514516 1.3295583 1.4080202 1.8170733 2.3421770 1.9891699 2.4016123 1.9904749 2.6571160 
IV_MN199007_QIN53283.1_R2R3-MYB_transcription_factor__Selaginella_moellendorffii_                                3.3081042 3.5945441 3.5726189 1.6675920 1.9379544 2.0080178 1.1826744 0.9890668 0.6641157 0.0000000 0.6146754 0.7225820 1.9167988 1.7477149 1.3778725 1.6684705 1.7913314 2.7116155 1.8838147 1.5014599 2.7596020 2.5018205 2.8409606 1.5626258 1.4457710 2.6091894 2.1262289 1.2519832 2.2072750 2.2280064 2.6331555 2.6496529 2.3445867 2.5177723 2.2044009 2.1745204 2.5162243 2.4965225 2.4039211 2.4434400 2.9335691 2.7334455 2.2089772 2.3825142 1.9958207 2.5079078 2.4736313 2.0175835 2.5058358 1.4829647 2.5880505 2.0202590 1.9113018 1.7422774 1.6498141 1.9289773 1.6400299 1.4603813 0.9715170 0.8763648 1.4741111 1.7110655 1.5084210 1.8320869 2.3732251 2.5637347 2.6404186 2.1991743 2.1420241 
IV_MN199006_QIN53282.1_R2R3-MYB_transcription_factor__Selaginella_moellendorffii_                                2.8632077 3.1174153 3.1163547 1.5300968 1.7316372 1.7874534 0.9343082 0.8986388 0.7070872 0.6146754 0.0000000 0.6498912 1.7451378 1.5222190 1.4835883 1.6184744 1.6446069 2.6656567 1.7316888 1.3999641 2.0974816 2.3469361 2.3528521 1.6352490 1.4425388 2.3891240 1.7221769 1.2777690 2.3486815 2.1843779 2.2909810 2.0964312 2.1719405 2.2672166 2.0893637 2.1465751 2.1392319 1.9236652 2.0767978 2.2988730 2.1963518 2.3961543 1.9127343 1.9985321 1.6591860 2.3943571 2.3030245 2.2503346 2.2429798 1.4924910 1.8885764 1.8381200 1.8193308 1.6444157 1.5839240 1.5557584 1.5052392 1.3034158 0.7617094 0.8373191 1.4176604 1.6439297 1.4116935 1.9366898 2.0163249 2.2682661 2.3399305 1.9021220 2.1477126 
IV_Mapoly0032s0153_PTQ41991.1_hypothetical_protein_MARPO_0032s0153__Marchantia_polymorpha_                       3.2557217 3.3468373 3.5535088 1.4725484 2.0479141 1.8740474 1.0985125 0.8784170 0.8465256 0.7225820 0.6498912 0.0000000 1.9752991 1.7224315 1.4052877 1.7791907 1.9609225 3.0338593 1.8771999 1.5171340 2.1776262 2.5075404 2.6480291 1.6259727 1.4481007 2.4904816 2.1741912 1.3547820 2.3818780 2.5083760 2.7779119 2.6463287 2.6970653 2.4105660 2.3607495 2.3125770 2.3868293 2.5334091 2.4228953 2.4921960 2.4303171 2.9212341 1.9200116 2.5436464 2.0944268 2.4026014 2.6776958 2.0177057 2.7075153 1.5375888 2.5494847 1.8524225 1.9402175 1.6460825 1.5205881 1.7233345 1.7074364 1.3746756 0.9057267 0.8233413 1.5243226 1.8463764 1.6138686 1.8276066 2.3204773 2.5299150 2.6852352 2.2977958 2.5907239 
V_Mapoly0008s0029_PTQ47242.1_hypothetical_protein_MARPO_0008s0029__Marchantia_polymorpha_                        3.1129111 3.5817224 3.4873112 1.5866014 2.0887911 1.9657887 1.9658607 1.9545936 2.2022457 1.9167988 1.7451378 1.9752991 0.0000000 0.6821432 0.7184652 0.8813939 0.7192973 2.5483890 1.6852141 1.4500003 2.2851426 2.0340114 2.1608042 1.5460617 1.4922633 2.5486774 2.1170079 1.7889987 2.7175353 2.7675469 2.8718350 2.7015360 2.5370481 2.5440485 2.8535218 3.0032233 2.7623643 2.3417273 2.7385839 2.3600723 2.5800997 2.3911592 2.5557752 2.5100515 2.2201558 2.5378479 2.3555237 2.3986758 2.7046043 1.6265317 2.4315485 2.3093423 2.5730694 1.7116805 1.8430121 1.7169492 1.8941486 2.0453141 1.9275006 1.9243416 0.7644292 0.8762089 0.7964739 1.8882037 2.6055720 2.4326569 3.4964085 2.7698462 2.8576707 
V_XM_002977602.2_XP_002977648.2_uncharacterized_protein_LOC9657152__Selaginella_moellendorffii_                  3.2945177 3.1937159 3.4419042 1.5607079 2.0452739 1.8853228 1.6944354 1.6971650 1.6720016 1.7477149 1.5222190 1.7224315 0.6821432 0.0000000 0.7109619 0.8707959 0.7485202 2.3922008 1.8619576 1.4169794 2.6464073 1.9475047 2.1463700 1.5506674 1.4587937 2.8265483 2.1935226 1.6322853 2.8590457 2.4383540 2.8263405 2.5086052 2.1540913 2.5053872 2.9126984 2.2743366 2.6352187 2.4790882 2.2553629 2.5009051 2.2702136 2.6772961 2.2481747 2.3713738 2.3775771 2.5786792 2.7493010 2.3947981 2.3745902 1.6606424 2.5965960 2.4723312 2.1884008 1.7133114 1.8781848 1.6758378 1.7014990 1.8184704 1.8472665 1.7633876 0.5396204 0.7768216 0.6949076 2.4322024 2.7923902 2.3451414 2.6204831 2.3477346 2.8231551 
V_MN199008_QIN53284.1_R2R3-MYB_transcription_factor__Selaginella_moellendorffii_                                 3.1824427 3.2437257 3.3636018 1.4767978 1.7981461 1.6534544 1.7001035 1.5876292 1.5047621 1.3778725 1.4835883 1.4052877 0.7184652 0.7109619 0.0000000 0.8645180 0.6541852 2.1395773 1.6288098 1.4050114 2.7436841 2.1372774 2.6740182 1.6661796 1.6068117 2.3505852 2.0920457 1.8544588 2.7993799 1.9807152 2.6190315 2.6358371 2.4691034 2.5150811 2.3379928 2.7663084 2.5502841 2.8929768 2.4855931 2.2294366 2.6041831 2.9561197 2.1033171 2.4899384 2.5234532 2.6031734 2.5866234 2.2743760 2.6892780 1.8123072 2.8103275 2.2552033 1.8826866 1.7614064 2.0539438 1.5089695 1.6071344 1.7539338 1.5873974 1.3114425 0.6157460 0.7787921 0.6562591 2.0894220 2.5288476 2.1719573 2.8838320 2.2869229 2.6539059 
V_MN199009_QIN53285.1_R2R3-MYB_transcription_factor__Selaginella_moellendorffii_                                 2.6452120 2.6956136 3.0187988 1.3976958 2.3066303 2.0124198 1.7365572 1.7586128 1.8031624 1.6684705 1.6184744 1.7791907 0.8813939 0.8707959 0.8645180 0.0000000 0.7190256 2.3607581 1.6667754 1.4415455 2.6002439 2.2316680 2.6015494 1.7192100 1.5421970 2.3435077 2.3036904 1.7173031 2.8393018 2.4600809 2.7742988 2.8515309 2.8505391 2.9141081 2.7347809 2.6508515 2.8565003 2.7001212 2.3204399 2.2993992 2.6656851 2.3030919 2.1057238 2.2171787 2.6660820 2.4311090 2.5052075 2.1352635 2.4076197 1.6645255 2.4314352 2.3348304 2.0394844 1.6986874 1.8921651 2.1512494 1.8112846 1.7047527 1.5965767 1.4968673 0.6843039 0.8570083 0.6737610 2.4519276 2.4767103 2.5490434 2.6857849 2.0918273 2.4771910 
V_MN199010_QIN53286.1_R2R3-MYB_transcription_factor__Selaginella_moellendorffii_                                 2.9207590 3.1227118 3.0527545 1.4049447 1.8867035 1.6910550 2.1872776 1.6345139 1.7673844 1.7913314 1.6446069 1.9609225 0.7192973 0.7485202 0.6541852 0.7190256 0.0000000 2.2665886 1.6231385 1.3670902 2.7035949 2.4494552 2.5896831 1.5133002 1.4559049 2.3785544 2.0685497 1.7638930 3.1696095 2.8417711 2.3567064 2.7506572 2.8498958 3.1322587 2.9706688 2.9016247 3.0103299 2.9129649 2.5219702 2.1587444 2.4850421 2.4531716 2.1951373 2.1185057 2.5810019 2.2267403 2.6078648 2.3764224 2.5844590 1.5567043 2.3959963 2.1276361 2.1745394 1.7689546 1.9070579 1.7419788 1.8740345 1.9059305 1.7319849 1.5345400 0.6075573 0.8233640 0.6492567 1.9989097 2.8666959 2.3589687 2.9418837 1.8224278 2.6700397 
VI_g8575.t1_length                                                                                               3.5444668 4.1885926 4.2298504 1.9170107 2.7269879 2.5194097 3.3586076 1.8125937 3.1746270 2.7116155 2.6656567 3.0338593 2.5483890 2.3922008 2.1395773 2.3607581 2.2665886 0.0000000 0.0375258 0.0522966 1.6129329 1.5378071 1.8671342 1.0397081 0.8997143 1.6090744 1.2990226 1.1888240 2.5284025 1.9690193 2.4506281 2.0774216 2.4048681 2.3381560 2.2533091 2.1100957 2.3498035 2.3271667 1.7938305 2.2043693 2.2876812 2.4321490 2.1102127 2.4473796 1.8414970 2.0977055 1.9605466 1.8195514 2.3040573 0.9077286 2.2747429 3.4333879 3.2736881 2.8171832 2.0406893 3.2262325 2.1558018 2.9392568 2.4488138 2.5250595 1.9772478 2.2998288 2.2382893 1.5176008 2.3844232 2.0204668 2.6177033 2.0600760 2.0614358 
VI_BBG43567_LC221833_MYB_transcription_factor                                                                    2.9732430 2.7547451 2.6766211 1.5993283 1.7823006 1.5053529 2.0411825 1.5105418 1.7238646 1.8838147 1.7316888 1.8771999 1.6852141 1.8619576 1.6288098 1.6667754 1.6231385 0.0375258 0.0000000 0.0611537 0.9908513 1.0027731 0.9466028 0.7480853 0.6560546 0.8684277 0.6956836 1.0232095 1.3501460 1.2075783 1.4568715 1.2032376 1.4239124 1.4254277 1.3856922 1.1825206 1.2977159 1.3573356 1.4944378 1.2803345 1.5355537 1.6524706 1.7264386 1.6961374 1.3115115 1.4218210 1.1596798 1.3687781 1.4147395 0.7446072 1.1658346 1.7359986 1.8676421 1.9947478 1.5645393 1.9663533 1.4741671 1.7545638 1.4943305 1.6070070 1.3623217 1.5234497 1.3816785 0.9207975 1.3330508 1.3060260 1.3687877 1.6739438 1.3629966 
BBG43566_LC221832_Chara_leptospora_mRNA_for_MYB_transcription_factor                                             2.7658328 2.5502665 2.5502665 1.4897786 1.4516809 1.4015833 1.6052232 1.2544141 1.3732238 1.5014599 1.3999641 1.5171340 1.4500003 1.4169794 1.4050114 1.4415455 1.3670902 0.0522966 0.0611537 0.0000000 0.8200347 0.7707199 0.8090934 0.7531336 0.6618073 0.7732022 0.7012380 0.9974798 1.0805427 1.0688332 1.1148549 1.0000019 1.0858344 1.1911692 1.1083231 1.1257154 1.1753081 1.1311428 1.2307712 1.0484478 1.1455906 1.2448262 1.3423902 1.3003907 1.0320663 1.2048106 1.0030384 1.2012177 1.0748907 0.7496886 1.1101869 1.5409064 1.5390752 1.7994003 1.4741045 1.5575115 1.3484520 1.4556819 1.2594400 1.3553292 1.3327137 1.3199862 1.3493190 0.7417293 1.0440639 1.0913299 1.0895961 1.2633722 1.1403000 
VI_Mapoly0019s0071.1                                                                                             4.2151925 4.0793943 4.0385079 1.8437406 2.5308288 2.2611769 2.3999172 2.0542191 2.9265677 2.7596020 2.0974816 2.1776262 2.2851426 2.6464073 2.7436841 2.6002439 2.7035949 1.6129329 0.9908513 0.8200347 0.0000000 0.4007741 0.6131303 0.1917364 0.1630098 0.4912126 0.6711907 0.8053544 1.6225500 1.5210296 1.4745159 1.5305256 1.7572174 1.7019756 1.4859110 1.6236903 1.5916808 1.6689634 1.6438493 1.6677251 1.9701717 2.0981644 1.9117578 2.0787824 1.6514485 1.8916190 1.6960709 1.7000192 1.5356345 0.1937764 1.7915783 2.6156987 2.6896018 2.1825329 1.7128535 2.0106494 2.0127034 2.1847055 2.3019523 2.4052397 2.1296147 2.1803677 1.9253641 0.8347685 1.5049670 1.6274154 1.8289378 1.6018586 1.6240885 
VI_XM_024688730.1__XP_024544498.1                                                                                3.6113853 3.4059860 3.0474238 2.0449602 2.7378482 2.4635524 2.3071045 1.9176404 2.6285266 2.5018205 2.3469361 2.5075404 2.0340114 1.9475047 2.1372774 2.2316680 2.4494552 1.5378071 1.0027731 0.7707199 0.4007741 0.0000000 0.5196476 0.1948325 0.1220145 0.5492890 0.6516908 0.7771338 1.7490886 1.5033324 1.5363901 1.4674787 1.7200145 1.7481696 1.6562127 1.5182365 1.8929687 1.4722217 1.7654918 1.6420362 1.8437902 1.7778831 1.6589245 2.0016289 1.4434330 1.7232990 1.6023926 1.4598537 1.5714055 0.2027073 1.5492010 2.3985423 2.6208890 1.8850546 1.5538675 1.8699148 1.8174221 2.3107869 2.1865934 2.1094869 1.8798962 1.9049763 1.9426569 0.6996798 1.5465892 1.6345431 1.9533667 1.6222639 1.6697554 
VI_XM_024688389.1_XP_024524157.1_transcription_repressor_MYB4__Selaginella_moellendorffii_                       4.4190989 4.5356957 4.8262751 1.9037742 2.9461760 2.6117829 2.3107750 2.2173118 2.6660131 2.8409606 2.3528521 2.6480291 2.1608042 2.1463700 2.6740182 2.6015494 2.5896831 1.8671342 0.9466028 0.8090934 0.6131303 0.5196476 0.0000000 0.2231517 0.1704387 0.7281876 0.6388225 0.8775389 1.9650831 1.5434272 1.9906072 1.6053472 2.1352646 1.9154327 1.7824499 1.7802883 1.9135940 1.8060630 1.8382445 1.7379800 1.8690718 1.8754259 2.0254643 1.9636221 1.7343703 2.1229891 1.7029352 1.4705155 2.1080107 0.2703565 1.7514829 2.9959892 2.7617187 2.1202572 1.8103425 2.0734037 2.1771881 2.4034976 2.4952648 2.3508536 1.8447760 2.0059038 2.1275815 0.6642432 1.6981427 1.7736550 2.1751559 1.6670763 1.8587626 
VI_Sacu_v1.1_s1503.g028048_Myb_transcription_factor__0.077_                                                      2.9991057 2.7991271 2.8110002 1.6261884 1.6387690 1.7609587 1.3466290 1.4376392 1.4456368 1.5626258 1.6352490 1.6259727 1.5460617 1.5506674 1.6661796 1.7192100 1.5133002 1.0397081 0.7480853 0.7531336 0.1917364 0.1948325 0.2231517 0.0000000 0.0000010 0.2109347 0.3231179 0.7148699 0.8770298 0.7972579 0.8785579 0.9401837 1.0163565 0.9669531 0.9366293 0.9661365 0.9070082 0.9630865 1.2133310 1.0234480 1.2657068 1.3706045 1.4219806 1.3916804 1.0269260 1.1506590 0.9171259 1.0766465 1.1650982 0.1319362 1.1890908 1.8353181 1.8653107 1.7216819 1.5020228 1.4181858 1.6905758 1.6484442 1.3396356 1.3574334 1.4120056 1.5816862 1.6563190 0.5135070 0.9506110 0.9960471 0.9368053 1.3742470 1.2150225 
VI_Sacu_v1.1_s0147.g023157_Myb_transcription_factor__0.077_                                                      3.0641795 2.8367928 2.8502744 1.4329786 1.5233957 1.6041956 1.2936889 1.2411569 1.4263892 1.4457710 1.4425388 1.4481007 1.4922633 1.4587937 1.6068117 1.5421970 1.4559049 0.8997143 0.6560546 0.6618073 0.1630098 0.1220145 0.1704387 0.0000010 0.0000000 0.1310028 0.2592997 0.7304635 0.8245045 0.7919622 0.8822597 0.8529146 0.9462222 0.9232001 0.8819776 0.8691126 0.8790132 0.8644410 1.1286807 0.9184250 1.1676918 1.2409256 1.2485011 1.2220846 0.9465058 1.0562841 0.8499642 1.0856474 1.0566395 0.0457560 1.1104908 1.6444122 1.7025149 1.4959194 1.3400098 1.3042498 1.5389411 1.4999072 1.3359126 1.2537702 1.4186459 1.5342078 1.4624135 0.4125978 0.8836025 0.8752044 0.8625289 1.2529447 1.0673930 
VI_MA_130648p0010_437_residues__                                                                                 4.0380296 3.8549550 3.7016987 1.8235466 2.8791057 2.6120243 2.4113492 2.1771742 2.6875736 2.6091894 2.3891240 2.4904816 2.5486774 2.8265483 2.3505852 2.3435077 2.3785544 1.6090744 0.8684277 0.7732022 0.4912126 0.5492890 0.7281876 0.2109347 0.1310028 0.0000000 0.6032854 0.8725650 1.8066208 1.6459437 1.6389690 1.6089933 2.0023555 1.7680826 1.7097820 1.6779788 1.8981600 1.7097283 1.9800257 1.9329287 2.2109444 2.1761551 1.9489211 2.1963462 1.6455679 2.2399106 1.7420157 1.5747370 1.6429667 0.2203056 1.6905379 2.3985028 2.8361907 2.1663559 1.8221581 1.8705356 1.9114009 2.3373859 2.1325079 2.0063785 1.9799245 2.2115077 1.9000052 0.8344832 1.6117822 1.5640858 1.9130583 1.5911320 1.5891916 
VI_AmTr_v1.0_scaffold00111.43_locus_evm_27.TU.AmTr_v1.0_scaffold00111.43                                         3.6985901 4.2711270 4.0219917 1.4511899 2.1382112 2.1134151 2.2542886 1.8703739 1.7914646 2.1262289 1.7221769 2.1741912 2.1170079 2.1935226 2.0920457 2.3036904 2.0685497 1.2990226 0.6956836 0.7012380 0.6711907 0.6516908 0.6388225 0.3231179 0.2592997 0.6032854 0.0000000 0.8085940 1.4184599 1.3451083 1.4763599 1.2198576 1.4807791 1.3785012 1.3410381 1.4735661 1.4116965 1.3010404 1.3424141 1.4728326 1.6464592 1.8844702 1.6078209 1.8024392 1.1649575 1.5925459 1.3506024 1.1856936 1.6773640 0.3640253 1.5601346 2.3136746 2.2396396 1.8904481 1.6311300 1.3920126 1.7496977 2.1340822 1.6719752 1.6985066 1.8243977 1.8633269 1.6516527 0.4325935 1.3761614 1.2820993 1.4584988 1.2480461 1.4412186 
VII_HAOX-0009745                                                                                                 2.3780819 2.4885200 2.5960366 1.2935390 1.5336308 1.6456791 1.4680276 1.3534023 1.2676114 1.2519832 1.2777690 1.3547820 1.7889987 1.6322853 1.8544588 1.7173031 1.7638930 1.1888240 1.0232095 0.9974798 0.8053544 0.7771338 0.8775389 0.7148699 0.7304635 0.8725650 0.8085940 0.0000000 0.4254185 0.4052115 0.6176647 0.5536049 0.6529486 0.3737097 0.3928382 0.5515163 0.4065976 0.4565656 0.7319225 0.8794564 0.8413142 0.8374263 0.9737488 0.7273104 0.5796246 0.9871444 0.5990361 0.9715510 0.9549863 0.7519334 0.8529588 1.5225769 1.4421952 1.5867187 1.1545939 1.2082120 1.2379687 1.3432644 1.2379616 1.0608362 1.8968425 1.5382488 1.5096736 0.8178922 0.3745764 0.5642219 0.4824363 1.0514194 0.9506052 
VII_Mp3g05910.1                                                                                                  3.2759320 3.7624309 3.3394126 1.4685829 2.6340036 2.6836558 2.4709876 1.9470964 2.5466116 2.2072750 2.3486815 2.3818780 2.7175353 2.8590457 2.7993799 2.8393018 3.1696095 2.5284025 1.3501460 1.0805427 1.6225500 1.7490886 1.9650831 0.8770298 0.8245045 1.8066208 1.4184599 0.4254185 0.0000000 0.8138935 1.1921836 1.0324978 1.2300849 0.5786704 0.6464067 0.6609699 0.8009957 0.7893531 1.0353683 1.6698050 1.7502829 1.7417282 1.4895746 1.7411758 0.9075654 1.4724257 1.0569592 1.4121880 1.6227356 0.8544019 1.4209844 2.9120365 2.9169201 2.4373741 1.4120362 2.0253921 1.9151279 2.6004022 2.0274087 2.0329443 2.2987366 2.4294175 2.5653964 1.5147346 0.7701076 1.0245130 0.9470529 1.2971276 1.4649406 
VII_ENA_MN199011_MN199011.1_Selaginella_moellendorffii                                                           3.0843746 3.2954867 3.4010194 1.8177771 2.5097564 2.3103437 2.1791346 1.6704256 2.0607607 2.2280064 2.1843779 2.5083760 2.7675469 2.4383540 1.9807152 2.4600809 2.8417711 1.9690193 1.2075783 1.0688332 1.5210296 1.5033324 1.5434272 0.7972579 0.7919622 1.6459437 1.3451083 0.4052115 0.8138935 0.0000000 1.0064894 1.0654502 1.1328583 0.9127404 0.7886948 0.8888688 0.9194482 0.8385614 1.1684476 1.4031463 1.3934933 1.6045664 1.5030089 1.7151531 0.9265644 1.4543284 1.1125348 1.3916243 1.4879520 0.8483446 1.3913864 2.7104848 2.5084441 2.2423672 1.5156947 1.6393793 1.7223592 2.2652719 1.9222670 1.7047287 2.2551438 1.9145757 2.2008865 1.1976069 0.7965198 0.9900032 1.1371987 1.3209682 1.2933077 
VII_Sacu_v1.1_s0002.g001222_Myb_transcription_factor__0.077_                                                     3.8322312 4.0594202 3.5839493 1.8056626 2.7780434 2.6397607 2.4284127 2.1247361 2.4017191 2.6331555 2.2909810 2.7779119 2.8718350 2.8263405 2.6190315 2.7742988 2.3567064 2.4506281 1.4568715 1.1148549 1.4745159 1.5363901 1.9906072 0.8785579 0.8822597 1.6389690 1.4763599 0.6176647 1.1921836 1.0064894 0.0000000 0.8683524 1.0591612 1.1844997 1.0846484 1.0570171 1.3155061 1.0420308 1.3140691 1.8197056 1.8246422 1.9154691 1.7778890 1.8149590 0.9044011 1.7689321 0.9243495 1.6195043 1.6825364 0.9938281 1.5072253 2.7676175 2.9719917 2.5490223 1.9924688 2.0960760 1.8875257 2.7935539 1.9113438 2.0628370 2.3795767 2.3387563 2.3153331 1.5765723 1.1309182 1.2158317 1.2398024 1.6481921 1.5616371 
VII_Sacu_v1.1_s0041.g012546_Myb_transcription_factor__0.077_                                                     3.1946855 3.9557789 4.0761849 1.4536481 2.2268314 2.5898319 2.6389460 1.9299093 2.3909280 2.6496529 2.0964312 2.6463287 2.7015360 2.5086052 2.6358371 2.8515309 2.7506572 2.0774216 1.2032376 1.0000019 1.5305256 1.4674787 1.6053472 0.9401837 0.8529146 1.6089933 1.2198576 0.5536049 1.0324978 1.0654502 0.8683524 0.0000000 1.0322557 1.0031740 1.0129449 0.9561745 1.2278945 0.9382994 1.1399286 1.5263225 1.5381445 1.6973635 1.6145511 1.6753596 0.4234373 1.6152744 0.8137081 1.3454185 1.3903728 0.8972778 1.3781488 2.6904466 2.6590518 1.7314061 1.3568534 1.8311411 1.5560758 2.6465295 2.1469500 2.2346645 2.2073070 2.1035678 2.3066226 1.2284759 0.9068638 1.2076660 1.2471074 1.3897154 1.5872061 
VII_Sacu_v1.1_s0272.g027033_Myb_transcription_factor__0.077_                                                     3.2399199 3.5578544 3.0283973 1.5545799 2.3066122 2.8329821 2.5177229 2.0834735 2.2129884 2.3445867 2.1719405 2.6970653 2.5370481 2.1540913 2.4691034 2.8505391 2.8498958 2.4048681 1.4239124 1.0858344 1.7572174 1.7200145 2.1352646 1.0163565 0.9462222 2.0023555 1.4807791 0.6529486 1.2300849 1.1328583 1.0591612 1.0322557 0.0000000 1.3152728 1.2983850 1.1776129 1.4324238 1.0800545 1.2629534 1.7096063 1.7695778 1.8801640 1.9382591 1.7495461 0.9842138 1.7719743 0.7826055 1.7193173 1.6608580 1.0497940 1.5048620 2.8356934 2.9233087 2.1524024 1.7373811 1.9726452 1.8548245 2.6661923 1.7633704 2.1458459 2.0838273 2.2759075 2.3464735 1.6673528 1.2803511 1.3070740 1.4113027 1.5482849 1.7613054 
VII_MA_96853p0010_582_residues__                                                                                 3.2591516 3.7241565 3.3376449 1.6002998 2.3928223 2.5417766 2.4074440 1.9467174 2.4967352 2.5177723 2.2672166 2.4105660 2.5440485 2.5053872 2.5150811 2.9141081 3.1322587 2.3381560 1.4254277 1.1911692 1.7019756 1.7481696 1.9154327 0.9669531 0.9232001 1.7680826 1.3785012 0.3737097 0.5786704 0.9127404 1.1844997 1.0031740 1.3152728 0.0000000 0.4785054 0.7800168 0.6874553 0.6562453 1.1766710 1.7633375 1.6893161 1.8643427 1.6950209 1.7590513 0.9837420 1.7131692 0.9788030 1.5758655 1.5856577 1.0000010 1.5597281 2.8092441 2.7968282 2.2708306 1.4764854 1.9627190 1.9425593 2.7069617 2.0166388 2.0509047 2.1097419 2.2054485 2.2336337 1.3085058 0.6264236 0.9652337 0.9546459 1.3452913 1.8177301 
VII_MA_10208000p0010_602_residues__                                                                              3.4017614 3.6229162 3.3164201 1.5263544 2.4792556 2.3935699 2.4632525 2.1507186 2.2640438 2.2044009 2.0893637 2.3607495 2.8535218 2.9126984 2.3379928 2.7347809 2.9706688 2.2533091 1.3856922 1.1083231 1.4859110 1.6562127 1.7824499 0.9366293 0.8819776 1.7097820 1.3410381 0.3928382 0.6464067 0.7886948 1.0846484 1.0129449 1.2983850 0.4785054 0.0000000 0.7347751 0.5382846 0.6703276 1.1223623 1.6272666 1.7484590 1.6452454 1.5265141 1.5731663 1.0618077 1.7762357 0.9859693 1.5935576 1.6373502 1.0353939 1.3287489 2.4486953 2.5851171 2.2921950 1.5123490 1.8185032 1.7192563 2.5264280 1.8792252 1.8441006 1.8799140 2.1556345 2.1653428 1.2833686 0.6911125 0.9466041 0.8709244 1.3859285 1.7446519 
VII_MA_20462p0010_470_residues__                                                                                 3.1802226 3.5796441 3.2710966 1.5026131 2.4301501 2.2583414 2.6735891 1.9316811 2.2205952 2.1745204 2.1465751 2.3125770 3.0032233 2.2743366 2.7663084 2.6508515 2.9016247 2.1100957 1.1825206 1.1257154 1.6236903 1.5182365 1.7802883 0.9661365 0.8691126 1.6779788 1.4735661 0.5515163 0.6609699 0.8888688 1.0570171 0.9561745 1.1776129 0.7800168 0.7347751 0.0000000 0.8516020 0.7971377 1.1017066 1.5204311 1.6652078 1.6126266 1.6127383 1.4687386 0.9605090 1.6321721 0.9803655 1.3374669 1.4798639 0.9862434 1.4595034 2.9505055 2.6619003 2.0067138 1.3461477 1.7304224 1.6886848 2.1398272 1.8493993 1.7358457 2.0660291 1.9764980 2.1751375 1.2809201 0.7560665 1.0538697 0.9802519 1.2968622 1.4727945 
VII_AmTr_v1.0_scaffold00038.91                                                                                   3.7962480 4.2249905 3.9131919 1.6422838 2.7726436 2.6043966 2.6831398 2.0237506 2.4563101 2.5162243 2.1392319 2.3868293 2.7623643 2.6352187 2.5502841 2.8565003 3.0103299 2.3498035 1.2977159 1.1753081 1.5916808 1.8929687 1.9135940 0.9070082 0.8790132 1.8981600 1.4116965 0.4065976 0.8009957 0.9194482 1.3155061 1.2278945 1.4324238 0.6874553 0.5382846 0.8516020 0.0000000 0.8652388 1.2186773 1.7176779 2.0070583 1.6966229 1.6331820 1.7510448 1.0446331 1.8990442 1.2174313 1.6237432 1.9301451 1.0003546 1.4965523 2.8295623 2.9616457 2.2788957 1.5548139 2.1413896 1.9575785 2.7245685 2.2274152 2.1808044 2.0984295 2.2214241 2.2786199 1.3064593 0.8175538 1.0135784 0.8852356 1.3832553 1.8260199 
VII_AmTr_v1.0_scaffold00037.85                                                                                   3.4494313 3.8630370 3.7501545 1.4844194 2.4139517 2.4886753 2.6997284 2.1583150 2.3564861 2.4965225 1.9236652 2.5334091 2.3417273 2.4790882 2.8929768 2.7001212 2.9129649 2.3271667 1.3573356 1.1311428 1.6689634 1.4722217 1.8060630 0.9630865 0.8644410 1.7097283 1.3010404 0.4565656 0.7893531 0.8385614 1.0420308 0.9382994 1.0800545 0.6562453 0.6703276 0.7971377 0.8652388 0.0000000 1.1747922 1.5352728 1.6988104 1.5482104 1.3763013 1.5395715 0.9580027 1.5098727 1.0267777 1.6234773 1.5424518 0.9660768 1.3785718 2.4532379 2.5824669 1.9639244 1.6191594 1.8702888 1.9006321 2.6873811 1.6969560 1.9255982 2.2666581 2.2472712 2.1827653 1.3794612 0.6064871 1.0551491 0.9286465 1.3279588 1.5494785 
VIII_MN199016_QIN53292.1_R2R3-MYB_transcription_factor__Selaginella_moellendorffii_                              2.9461827 3.1492129 3.0727408 1.5844644 2.2254686 2.0465577 2.5050479 2.0886690 2.1510644 2.4039211 2.0767978 2.4228953 2.7385839 2.2553629 2.4855931 2.3204399 2.5219702 1.7938305 1.4944378 1.2307712 1.6438493 1.7654918 1.8382445 1.2133310 1.1286807 1.9800257 1.3424141 0.7319225 1.0353683 1.1684476 1.3140691 1.1399286 1.2629534 1.1766710 1.1223623 1.1017066 1.2186773 1.1747922 0.0000000 0.8469976 0.8848257 0.9378756 1.0408679 1.0113300 1.0827556 0.8226451 1.1981035 1.6277566 0.9988644 1.1254377 0.7858073 2.4170200 2.1479485 2.5525828 1.7110425 1.7300473 1.8211265 2.1915635 1.9584499 2.1384180 2.1816393 2.5733272 2.0151815 1.3914992 1.1086034 1.1688158 1.1970839 0.7492956 1.0524782 
VIII_XM_024668296.1_XP_024524064.1_transcription_factor_MYB26__Selaginella_moellendorffii_                       3.3580572 3.9882838 3.9984428 1.5671723 2.5623553 2.0384620 2.8050307 1.9323710 2.8234236 2.4434400 2.2988730 2.4921960 2.3600723 2.5009051 2.2294366 2.2993992 2.1587444 2.2043693 1.2803345 1.0484478 1.6677251 1.6420362 1.7379800 1.0234480 0.9184250 1.9329287 1.4728326 0.8794564 1.6698050 1.4031463 1.8197056 1.5263225 1.7096063 1.7633375 1.6272666 1.5204311 1.7176779 1.5352728 0.8469976 0.0000000 1.2389519 1.0772088 1.1633752 1.2893622 1.3979364 1.1591091 1.6614646 1.2327229 0.9353104 1.0639190 1.0590558 2.6809616 2.4955953 1.9144742 1.6210917 1.9202098 1.7603841 2.4280837 2.3325338 2.3419729 2.3462787 2.3908997 2.0226584 1.3176742 1.4270753 1.6260012 1.6194333 0.9558806 1.3846971 
VIII_Mapoly0073s0038_PTQ35164.1_hypothetical_protein_MARPO_0073s0038__Marchantia_polymorpha_                     3.2701137 3.2750853 3.2013663 1.6359406 2.3085118 2.1772721 2.4451714 2.2464871 2.4775573 2.9335691 2.1963518 2.4303171 2.5800997 2.2702136 2.6041831 2.6656851 2.4850421 2.2876812 1.5355537 1.1455906 1.9701717 1.8437902 1.8690718 1.2657068 1.1676918 2.2109444 1.6464592 0.8413142 1.7502829 1.3934933 1.8246422 1.5381445 1.7695778 1.6893161 1.7484590 1.6652078 2.0070583 1.6988104 0.8848257 1.2389519 0.0000000 0.9724417 1.0936767 1.0898923 1.4547637 1.4465217 1.6299297 1.4599735 1.1896058 1.1951459 1.0605657 2.3367608 2.3953025 2.2291708 1.9561578 2.0300301 2.1861061 2.6484644 2.1640833 2.2188194 2.2613745 2.6981394 2.1285197 1.6269253 1.6953756 1.5620995 1.9731154 1.0179400 1.3045671 
VIII_Mapoly0006s0226_PTQ48220.1_hypothetical_protein_MARPO_0006s0226__Marchantia_polymorpha_                     3.6485272 4.1820992 3.7677179 1.9869364 2.6613058 2.6816067 2.8141823 2.1416166 2.7363262 2.7334455 2.3961543 2.9212341 2.3911592 2.6772961 2.9561197 2.3030919 2.4531716 2.4321490 1.6524706 1.2448262 2.0981644 1.7778831 1.8754259 1.3706045 1.2409256 2.1761551 1.8844702 0.8374263 1.7417282 1.6045664 1.9154691 1.6973635 1.8801640 1.8643427 1.6452454 1.6126266 1.6966229 1.5482104 0.9378756 1.0772088 0.9724417 0.0000000 0.9182929 0.9138140 1.7167320 1.1549626 1.7100124 1.5263029 1.4312416 1.3006419 1.0086634 2.5988471 2.5039703 2.5753475 1.8255193 2.1206843 1.9660692 2.4238708 2.2492586 2.3658303 2.2613199 2.6332525 2.1617825 1.8627482 1.4860872 1.6157023 1.8647176 0.8364409 1.3478642 
VIII_XM_024680104.1_XP_024535872.1_transcription_factor_MYB8-like__Selaginella_moellendorffii_                   2.6987672 2.6180557 2.8442262 1.9880112 2.2269322 2.6278118 1.8665390 1.8782562 2.1060374 2.2089772 1.9127343 1.9200116 2.5557752 2.2481747 2.1033171 2.1057238 2.1951373 2.1102127 1.7264386 1.3423902 1.9117578 1.6589245 2.0254643 1.4219806 1.2485011 1.9489211 1.6078209 0.9737488 1.4895746 1.5030089 1.7778890 1.6145511 1.9382591 1.6950209 1.5265141 1.6127383 1.6331820 1.3763013 1.0408679 1.1633752 1.0936767 0.9182929 0.0000000 0.8024962 1.4917859 1.0629102 1.7134808 1.5566846 1.4802725 1.3265369 0.8544248 2.5154060 2.5566523 2.1804419 2.0314289 2.4149239 2.3812204 2.2678793 2.0495053 2.0380804 2.0152763 2.3589282 1.9498191 2.0917414 1.6204519 1.6346053 1.8823034 1.1479541 1.1368090 
VIII_MN199020_QIN53296.1_R2R3-MYB_transcription_factor__Selaginella_moellendorffii_                              3.2781096 3.5701746 3.6254541 1.6171777 2.3452647 2.0361559 2.1174691 1.8418949 2.2137932 2.3825142 1.9985321 2.5436464 2.5100515 2.3713738 2.4899384 2.2171787 2.1185057 2.4473796 1.6961374 1.3003907 2.0787824 2.0016289 1.9636221 1.3916804 1.2220846 2.1963462 1.8024392 0.7273104 1.7411758 1.7151531 1.8149590 1.6753596 1.7495461 1.7590513 1.5731663 1.4687386 1.7510448 1.5395715 1.0113300 1.2893622 1.0898923 0.9138140 0.8024962 0.0000000 1.4507355 1.3572785 1.5051420 1.7553575 1.2378251 1.2888691 0.9063657 2.8454614 2.5245860 2.2933815 1.7150714 1.7777322 1.8492724 2.1973938 2.1482368 2.1875529 1.9493120 2.2592370 1.9428017 1.6298557 1.5010894 1.6762859 1.7571951 0.9142389 1.2011217 
Azfi_s0004.g008455                                                                                               3.8133618 3.7657274 3.4637164 1.5378776 1.9873179 2.2555429 2.0932830 1.7930802 2.0231333 1.9958207 1.6591860 2.0944268 2.2201558 2.3775771 2.5234532 2.6660820 2.5810019 1.8414970 1.3115115 1.0320663 1.6514485 1.4434330 1.7343703 1.0269260 0.9465058 1.6455679 1.1649575 0.5796246 0.9075654 0.9265644 0.9044011 0.4234373 0.9842138 0.9837420 1.0618077 0.9605090 1.0446331 0.9580027 1.0827556 1.3979364 1.4547637 1.7167320 1.4917859 1.4507355 0.0000000 1.4975480 0.8188172 1.3331012 1.4229718 0.9900936 1.2399877 2.2152773 2.2983367 2.0012731 1.4254070 1.6731583 1.5629966 2.1221043 1.7990116 1.8590234 2.1440064 2.2428426 2.3381790 1.1284550 0.9752478 1.0590645 1.2175671 1.4559406 1.5234470 
Azfi_s0014.g013584                                                                                               4.1103172 4.3077216 4.2606993 1.7811226 2.5493990 2.4568431 2.9926952 2.0519391 2.4436741 2.5079078 2.3943571 2.4026014 2.5378479 2.5786792 2.6031734 2.4311090 2.2267403 2.0977055 1.4218210 1.2048106 1.8916190 1.7232990 2.1229891 1.1506590 1.0562841 2.2399106 1.5925459 0.9871444 1.4724257 1.4543284 1.7689321 1.6152744 1.7719743 1.7131692 1.7762357 1.6321721 1.8990442 1.5098727 0.8226451 1.1591091 1.4465217 1.1549626 1.0629102 1.3572785 1.4975480 0.0000000 1.7218563 1.6552128 1.3872160 1.1544979 1.1660976 2.8457998 3.1990273 2.6456014 1.9217933 1.9609511 2.0280634 2.4080469 2.1669599 2.3147507 2.1524804 2.4900351 2.0273442 1.4674557 1.6241660 1.6553772 1.7728617 1.0165278 1.1940837 
Azfi_s0021.g015882                                                                                               2.8563132 3.1040718 2.9793365 1.5326850 2.2234003 2.3597527 2.5900765 1.8592494 2.3947912 2.4736313 2.3030245 2.6776958 2.3555237 2.7493010 2.5866234 2.5052075 2.6078648 1.9605466 1.1596798 1.0030384 1.6960709 1.6023926 1.7029352 0.9171259 0.8499642 1.7420157 1.3506024 0.5990361 1.0569592 1.1125348 0.9243495 0.8137081 0.7826055 0.9788030 0.9859693 0.9803655 1.2174313 1.0267777 1.1981035 1.6614646 1.6299297 1.7100124 1.7134808 1.5051420 0.8188172 1.7218563 0.0000000 1.4659004 1.5032865 0.9340150 1.4621098 2.5590693 3.0079850 2.0651543 1.4186680 1.7748521 1.6537075 2.6673223 1.9411087 1.9386631 1.8092293 2.0999264 2.1189304 1.2263779 0.9346700 1.0155263 1.2646195 1.3229372 1.6549972 
Azfi_s0035.g025508                                                                                               4.4129908 4.4681374 4.5003353 1.9253572 2.5072144 2.1961476 2.1767466 1.6624437 2.1786988 2.0175835 2.2503346 2.0177057 2.3986758 2.3947981 2.2743760 2.1352635 2.3764224 1.8195514 1.3687781 1.2012177 1.7000192 1.4598537 1.4705155 1.0766465 1.0856474 1.5747370 1.1856936 0.9715510 1.4121880 1.3916243 1.6195043 1.3454185 1.7193173 1.5758655 1.5935576 1.3374669 1.6237432 1.6234773 1.6277566 1.2327229 1.4599735 1.5263029 1.5566846 1.7553575 1.3331012 1.6552128 1.4659004 0.0000000 1.3441372 1.0594850 1.2432076 2.6257206 2.7942537 2.4171203 2.0142174 2.2993360 2.0892903 2.2757433 2.1651617 1.9874513 1.9670132 1.7493691 2.0304066 1.3037658 1.6151317 1.6866303 1.7357865 1.5596334 1.3617227 
Azfi_s0041.g026722                                                                                               2.9999159 3.4050045 3.6190190 1.7841672 1.7309369 2.3683478 2.5411802 1.8974999 2.2492115 2.5058358 2.2429798 2.7075153 2.7046043 2.3745902 2.6892780 2.4076197 2.5844590 2.3040573 1.4147395 1.0748907 1.5356345 1.5714055 2.1080107 1.1650982 1.0566395 1.6429667 1.6773640 0.9549863 1.6227356 1.4879520 1.6825364 1.3903728 1.6608580 1.5856577 1.6373502 1.4798639 1.9301451 1.5424518 0.9988644 0.9353104 1.1896058 1.4312416 1.4802725 1.2378251 1.4229718 1.3872160 1.5032865 1.3441372 0.0000000 1.1513777 1.0283246 2.6471945 2.7079622 2.1536631 1.7855246 1.9746488 1.8471048 2.4374546 2.0213510 2.0697004 2.2439994 2.4600073 2.3375819 1.5991905 1.5332396 1.2944363 1.5581898 1.0608397 1.3058997 
