58
CDC5_XM_024677933.1_XP_024533701.1_transcription_factor_MYB61-like__Selaginella_moellendorffii_     0.0000000 8.4482195 8.1667500 8.3365965 2.8424263 4.6428713 5.0040131 4.2137292 4.1460029 4.4086290 4.1117470 4.0973968 4.8455651 3.5389501 4.1213857 5.6344264 4.7087412 4.7266815 3.7179421 3.0610734 2.0723490 3.0311748 3.3563655 3.6803602 3.6860240 3.6546900 3.3228005 2.8854256 2.4486230 2.5343734 2.4910890 2.8977044 2.3894410 3.9193337 2.6144018 2.8982817 3.4271237 1.9265483 2.2553766 2.1202341 1.8923612 2.6126448 2.9592579 2.6212271 2.6752827 6.1095004 7.1110788 2.4364943 2.2092664 2.7099876 2.1782337 1.5839872 3.6917249 2.6428969 3.6775777 5.1356356 5.5067215 2.5289960 
CDC5_XM_024686040.1_XP_024541808.1_cell_division_cycle_5-like_protein                               8.4482195 0.0000000 0.0381623 0.1891606 7.5975900 8.9999984 8.9999989 8.9999983 8.9999987 8.9999986 8.9999981 8.9999981 8.9999982 7.3555408 8.9999988 8.9999987 8.9999986 8.9999988 8.9999980 8.9999988 8.5046203 8.9999988 8.9999985 8.9999988 8.9999989 8.9999983 8.9999982 8.9999990 8.9065471 8.9999985 8.9999988 8.9999989 8.9999986 8.9999989 8.9999987 8.9999990 8.9999984 8.9999988 8.9999984 8.9999984 8.9999984 8.9999988 8.9999985 8.9999983 8.9999983 8.9999987 8.9999983 8.9999988 8.9999981 8.9999981 8.9999981 8.9999988 8.9999988 8.9999983 8.9999989 8.9999985 8.9999989 8.9999988 
CDC5_XM_002981114.2_XP_002981160.1_cell_division_cycle_5-like_protein__Selaginella_moellendorffii_  8.1667500 0.0381623 0.0000000 0.1321936 7.2950141 8.9999983 8.9999983 8.9999988 8.9999985 8.9999984 8.9999989 8.9999986 8.9999988 6.7381022 8.9999985 8.9999984 8.9999983 8.2287837 8.9999984 8.5638220 7.5664405 8.9999986 8.9999986 8.9999981 8.9999986 8.9999988 8.9999987 8.9999982 8.6214293 8.9999990 8.9999989 8.9999983 8.9999990 8.9999988 8.9999982 8.9999989 8.9999988 8.9999986 8.9999981 8.9999989 8.9999989 8.9999989 8.9999986 8.9999990 8.9999981 8.9999990 8.9999989 8.9999987 8.9999989 8.9999985 8.9999989 8.9999983 8.9999985 8.9999985 8.9999980 8.9999987 8.9999984 8.9999983 
CDC5_Mapoly0014s0195_PTQ45693.1_hypothetical_protein_MARPO_0014s0195__Marchantia_polymorpha_        8.3365965 0.1891606 0.1321936 0.0000000 6.1980486 8.9999985 8.9999986 8.9999989 8.8143974 8.9999987 8.9999985 8.9999988 8.9999988 6.9546512 8.9999985 8.9999986 8.9999987 7.5062114 8.9999983 8.5638220 7.5664405 8.9999989 8.9999980 8.9999989 8.9999986 8.9999988 8.9999983 8.9999989 8.7788621 8.9999985 8.9999989 8.9999983 8.9999987 8.9999989 8.9999988 8.9999985 8.9999986 8.9999988 8.9999985 8.9999982 8.9999988 8.9999988 8.9999983 8.9999989 8.9999988 8.9999988 8.9999986 8.9999987 8.9999980 8.9999986 8.9999990 8.9999989 8.9999985 8.9999987 8.9999989 8.9999983 8.9999989 8.9999984 
I_Mapoly0085s0092_PTQ33890.1_hypothetical_protein_MARPO_0085s0092__Marchantia_polymorpha_           2.8424263 7.5975900 7.2950141 6.1980486 0.0000000 1.6803027 1.7029889 2.3281951 2.3748084 2.7212011 2.4469477 2.7509765 2.5774043 2.5253222 2.8751207 2.8539052 3.1273565 2.5696948 3.7782126 2.9813141 3.0628967 3.8995511 3.6009425 3.3247655 3.1939575 2.7189400 3.6223299 3.5443516 2.7673499 2.5848404 3.3801378 3.5075127 2.4523783 2.8902304 2.7511294 2.5671660 2.8956756 3.3239156 2.6452250 3.2127829 3.3744284 3.3231816 3.7328443 4.7176271 3.0904069 5.2581966 5.7073084 2.8014792 3.1760510 2.6971614 3.7975963 3.1836355 3.2724228 3.6672351 1.9401269 2.1173337 1.7280862 2.7383545 
II_Mapoly0001s0061_PTQ49997.1_hypothetical_protein_MARPO_0001s0061__Marchantia_polymorpha_          4.6428713 8.9999984 8.9999983 8.9999985 1.6803027 0.0000000 1.3949286 3.4034807 3.8040196 5.3374051 4.3776620 4.8820165 4.0202686 3.8126459 5.1171804 4.3977059 4.7913456 4.3506550 6.6569542 4.0823521 2.9467278 5.9260797 6.0298473 5.7753276 5.1756971 5.0235586 6.4278338 5.5633941 3.5883689 5.5472021 5.5065142 5.8421950 5.1948416 5.9817654 5.0932511 5.4300242 5.8151657 5.6439842 4.7764165 6.6048434 4.8448871 6.6159949 7.5757011 6.3784734 7.0754600 8.9999984 8.9999984 4.7380628 6.8306371 5.7674018 5.4553447 4.7211281 5.4865852 5.0214089 1.7276817 2.4651517 3.4289369 5.7959434 
III_XM_002991980.2_XP_002992026.2_myb-related_protein_B__Selaginella_moellendorffii_                5.0040131 8.9999989 8.9999983 8.9999986 1.7029889 1.3949286 0.0000000 3.8613390 3.8208130 5.2270455 4.5001596 4.3035297 3.6258695 3.5884105 3.5917445 4.5772027 4.1869434 5.3556530 4.8689781 3.4040492 2.6991979 6.2153751 5.9756941 5.0959377 5.3210707 5.1209370 6.3927318 5.4069959 4.5502645 5.2408972 4.9893140 7.1233927 5.0587602 6.1656044 6.5453762 5.6722281 5.6574229 5.2787504 5.1595767 5.2878134 4.8541263 5.0584686 6.5601673 5.5776061 5.4800170 8.9999988 8.9999989 5.6694894 5.8638761 6.0199530 6.9793712 5.7122072 5.3699304 5.1874122 1.6928775 2.5065010 3.1972238 5.9698940 
III_Mapoly0007s0271_PTQ47916.1_hypothetical_protein_MARPO_0007s0271__Marchantia_polymorpha_         4.2137292 8.9999983 8.9999988 8.9999989 2.3281951 3.4034807 3.8613390 0.0000000 1.1305456 1.9807391 1.7278849 1.5995475 1.5916817 2.4042833 3.8626166 3.1101365 3.5814782 3.8442792 6.0845373 3.9129578 2.8052076 5.3845993 5.1000653 4.8329488 3.9451046 4.1244732 5.1861898 5.4062554 3.6594224 4.7839018 4.1225319 5.0970509 5.3648806 4.3532643 4.9471165 4.7796283 4.8130760 4.7021225 4.0230959 6.1760835 4.8570182 5.7061689 5.9871003 6.4115331 5.2489402 8.3056187 7.4646178 4.4802546 5.8452043 5.1025789 6.7432659 6.2033695 4.2122417 5.4316336 2.8212828 3.8656003 3.7516184 5.9888304 
III_XM_002971992.2_XP_002972038.2_transcription_factor_MYB1__Selaginella_moellendorffii_            4.1460029 8.9999987 8.9999985 8.8143974 2.3748084 3.8040196 3.8208130 1.1305456 0.0000000 1.8810414 1.5709578 1.9097536 1.4100395 2.8849738 4.2096154 3.6248126 3.3824814 3.5041789 5.1306653 3.3095781 2.6169635 5.2022402 5.0153866 3.7972356 4.0787817 3.7133385 4.5409298 4.8156368 3.2990463 4.0868023 4.6479789 4.1461959 4.7472032 4.0162377 4.9449004 4.9231153 3.9889613 4.6105375 3.5475263 5.7579526 4.9206554 6.0340899 5.9916830 4.8830535 5.3127634 7.6691969 8.4856085 4.6803226 4.9949505 4.5292303 6.3241957 5.5997222 4.1341338 5.4406417 2.2913227 3.4219868 3.7932253 5.9285994 
IV_MN199005_QIN53281.1_R2R3-MYB_transcription_factor__Selaginella_moellendorffii_                   4.4086290 8.9999986 8.9999984 8.9999987 2.7212011 5.3374051 5.2270455 1.9807391 1.8810414 0.0000000 0.9355104 1.2216244 1.1990520 3.4919092 3.9916134 3.2546482 3.8447047 3.9501631 5.3036701 3.5755798 2.6971327 6.3735199 5.4470996 6.2159550 4.7874631 5.1571514 6.0171908 5.1434410 3.9693887 5.0943661 5.4462918 5.2554493 5.3157214 5.4923228 4.5651392 4.9944644 5.0022804 5.6617059 4.8697533 6.0096939 5.5376013 6.3726981 6.4479223 6.5722085 4.1725601 8.9999985 8.9999990 5.1972902 4.6281056 6.1272068 6.2480553 5.4043310 5.2240621 5.8384702 2.9142330 4.2979987 4.1594669 6.0384367 
IV_MN199007_QIN53283.1_R2R3-MYB_transcription_factor__Selaginella_moellendorffii_                   4.1117470 8.9999981 8.9999989 8.9999985 2.4469477 4.3776620 4.5001596 1.7278849 1.5709578 0.9355104 0.0000000 0.8148233 0.9631461 2.9860363 3.8893711 3.3842404 3.9353122 4.1473718 5.6542529 4.0586296 2.6890234 7.1254189 5.1963550 5.3279853 4.6288012 4.5416800 5.4086579 6.0744133 3.0392079 4.1238382 3.5687852 4.5418659 4.6074615 4.5349009 4.6532907 4.3779261 4.7714883 5.0869136 4.5807048 6.3863494 4.6208391 6.2734380 5.6591051 5.7096408 5.0190014 8.9999984 8.9999989 4.2706255 4.4198469 4.6897287 5.4518676 5.5052294 5.0362471 4.3808168 2.9185455 4.0470110 4.9419222 5.3792629 
IV_MN199006_QIN53282.1_R2R3-MYB_transcription_factor__Selaginella_moellendorffii_                   4.0973968 8.9999981 8.9999986 8.9999988 2.7509765 4.8820165 4.3035297 1.5995475 1.9097536 1.2216244 0.8148233 0.0000000 1.1860061 3.0135437 3.9259481 3.4280473 4.5974975 3.5983406 6.2927361 3.9954429 2.6910372 5.7759213 5.0740243 5.5900171 5.0627868 4.5323207 5.1853325 4.9393244 3.0407468 4.7065739 4.5565106 5.1712822 4.4016721 4.3482494 4.9999701 4.9053631 5.0279892 4.8171142 4.4787672 7.9791872 5.6275248 7.2233580 6.6283009 5.7512610 5.8747497 8.9999985 7.9819076 5.0164254 5.8311293 5.2538747 7.2138305 5.8173898 4.7652751 4.6240910 2.6496917 4.5491338 4.2412728 5.6601933 
IV_Mapoly0032s0153_PTQ41991.1_hypothetical_protein_MARPO_0032s0153__Marchantia_polymorpha_          4.8455651 8.9999982 8.9999988 8.9999988 2.5774043 4.0202686 3.6258695 1.5916817 1.4100395 1.1990520 0.9631461 1.1860061 0.0000000 2.9604484 3.8372440 3.5895788 4.1119237 4.0561157 7.2460466 3.8329153 2.8504695 5.4206813 5.3200023 6.1415170 4.8333644 4.5871915 5.9282485 5.4344790 2.5413246 4.9598584 4.0012386 5.4620362 6.0700788 5.1099392 5.3301950 5.0876310 5.1164016 4.6199006 5.0970716 5.2939895 4.9542902 6.4191874 6.2650395 6.6752182 6.6959701 8.8169256 6.8066190 4.8285098 5.7001710 5.4854032 6.8967713 5.8394980 5.3755997 5.1005103 2.4197245 3.0660978 4.3966030 5.4811156 
V_Mapoly0008s0029_PTQ47242.1_hypothetical_protein_MARPO_0008s0029__Marchantia_polymorpha_           3.5389501 7.3555408 6.7381022 6.9546512 2.5253222 3.8126459 3.5884105 2.4042833 2.8849738 3.4919092 2.9860363 3.0135437 2.9604484 0.0000000 0.8466408 0.6962595 0.9319704 0.8328092 4.9242162 2.8912246 2.5945583 5.5851712 5.1227036 4.7723655 3.9745199 3.8816890 4.8995404 5.0132124 4.0620635 4.8135558 4.8549489 6.7726489 5.1790684 4.9555469 4.8138173 5.3863579 4.9252266 5.1113826 3.9358242 6.9745672 5.6560912 5.9697672 4.9144765 6.4221618 6.2381783 6.8639285 7.0039265 5.1871037 5.3833275 5.3306396 5.5989674 6.7149389 4.1965742 5.8286178 3.6487433 4.4328188 3.9327544 6.9611731 
V_XM_002977602.2_XP_002977648.2_uncharacterized_protein_LOC9657152__Selaginella_moellendorffii_     4.1213857 8.9999988 8.9999985 8.9999985 2.8751207 5.1171804 3.5917445 3.8626166 4.2096154 3.9916134 3.8893711 3.9259481 3.8372440 0.8466408 0.0000000 0.9483871 0.9801880 1.1116511 5.3362667 3.8768139 2.5874677 7.6676247 6.7311591 6.4196104 5.0802962 5.1036985 6.0066075 4.4484551 5.5699278 6.4917102 5.3869816 7.4737931 6.6749037 6.8040985 5.4943235 6.5069905 6.5347594 6.0931842 5.7560717 6.8286185 5.7875819 7.2033418 7.4167698 5.5552696 6.6457133 8.1232936 8.9999986 6.6701356 6.6103919 5.9942754 7.7193127 6.0332471 5.4552366 6.0151740 3.8697838 4.5503246 4.3722639 6.9747851 
V_MN199008_QIN53284.1_R2R3-MYB_transcription_factor__Selaginella_moellendorffii_                    5.6344264 8.9999987 8.9999984 8.9999986 2.8539052 4.3977059 4.5772027 3.1101365 3.6248126 3.2546482 3.3842404 3.4280473 3.5895788 0.6962595 0.9483871 0.0000000 1.0336789 1.0912732 5.6565935 3.3564927 2.4139174 6.8775036 7.2798604 6.4262911 6.0046066 5.9943338 5.9880516 5.8874930 5.9969173 6.6474986 5.3764124 6.3739741 5.9255398 6.0282542 5.2227439 5.1207350 6.3865952 7.0298576 5.1558827 6.7425827 5.4650353 6.4847527 7.5115775 5.9064292 6.4732658 8.6403990 8.1169109 7.0392502 6.2760287 5.7980814 6.7164637 7.6005739 6.6964561 6.4407009 3.2837563 4.6483006 4.3274410 6.9060845 
V_MN199009_QIN53285.1_R2R3-MYB_transcription_factor__Selaginella_moellendorffii_                    4.7087412 8.9999986 8.9999983 8.9999987 3.1273565 4.7913456 4.1869434 3.5814782 3.3824814 3.8447047 3.9353122 4.5974975 4.1119237 0.9319704 0.9801880 1.0336789 0.0000000 1.2626605 5.5544313 3.4605633 2.4540821 6.5245686 6.2141948 5.5867865 5.0755540 4.7216742 5.6240959 5.3639438 5.5084215 5.9252630 5.7885428 6.5534911 6.2576056 5.6622570 5.3155509 6.0528130 6.6152439 6.6523604 5.4629999 5.4982308 5.0942194 6.2012954 5.4082563 5.6069425 6.2020595 7.9391071 8.8090373 5.2015621 6.0718314 5.1589175 6.3812913 5.1943459 5.4537449 6.3723756 3.1252223 3.5803937 3.8628719 5.8659722 
V_MN199010_QIN53286.1_R2R3-MYB_transcription_factor__Selaginella_moellendorffii_                    4.7266815 8.9999988 8.2287837 7.5062114 2.5696948 4.3506550 5.3556530 3.8442792 3.5041789 3.9501631 4.1473718 3.5983406 4.0561157 0.8328092 1.1116511 1.0912732 1.2626605 0.0000000 4.8331065 3.5693423 2.5035509 7.2568789 6.0349737 6.0594232 5.1412445 5.0145699 5.1197109 5.2854390 5.1445482 5.2365978 5.5425169 7.3753583 6.8294806 5.2533423 5.7534777 6.1750586 6.6664532 6.4447267 4.9385687 7.1263939 5.0542467 5.8919967 7.1299995 6.5938249 6.6875931 8.1975099 8.9616472 6.3341339 4.6210782 5.5020567 7.2120047 5.9960994 5.4507654 6.2082626 3.0678998 5.5407040 4.6366860 7.0504021 
VI_g8575.t1_length                                                                                  3.7179421 8.9999980 8.9999984 8.9999983 3.7782126 6.6569542 4.8689781 6.0845373 5.1306653 5.3036701 5.6542529 6.2927361 7.2460466 4.9242162 5.3362667 5.6565935 5.5544313 4.8331065 0.0000000 0.0481311 0.0624133 3.3931160 2.3576515 2.6152323 2.1201911 1.9151075 2.8603680 1.8798411 3.5139702 3.6666691 3.9021103 3.8286826 3.9581859 4.3339101 4.7873372 5.1178675 4.0881259 4.9649614 3.8973356 6.1854607 4.2251967 5.2088322 6.8979615 5.2795345 6.5078544 8.9999984 8.2146161 4.8037028 4.5430021 3.9939589 4.7922841 4.5998724 2.3624795 4.6454743 4.6078613 7.7247689 7.5530559 5.8159395 
VI_BBG43567_LC221833_MYB_transcription_factor                                                       3.0610734 8.9999988 8.5638220 8.5638220 2.9813141 4.0823521 3.4040492 3.9129578 3.3095781 3.5755798 4.0586296 3.9954429 3.8329153 2.8912246 3.8768139 3.3564927 3.4605633 3.5693423 0.0481311 0.0000000 0.0711507 1.3849123 1.5138895 1.3037124 1.4190065 1.2132977 1.0580764 1.4505933 2.1455336 1.9955578 2.3352058 2.4275425 2.3201572 2.5752209 2.4868928 2.5809456 2.2282619 2.8014727 2.5150255 3.1541275 2.3511924 3.1026880 3.7356231 3.7123269 4.0996679 6.2591866 5.3274732 2.3318899 2.7987240 2.2186836 2.5809197 2.5899539 1.6215777 3.0823533 2.8830075 4.0729010 5.1507991 2.4284728 
BBG43566_LC221832_Chara_leptospora_mRNA_for_MYB_transcription_factor                                2.0723490 8.5046203 7.5664405 7.5664405 3.0628967 2.9467278 2.6991979 2.8052076 2.6169635 2.6971327 2.6890234 2.6910372 2.8504695 2.5945583 2.5874677 2.4139174 2.4540821 2.5035509 0.0624133 0.0711507 0.0000000 1.0351996 0.9376155 0.9999848 0.9903576 0.7894361 0.9986388 0.9155759 1.6095458 1.7478423 1.7068989 1.6443309 1.4979402 1.7894015 2.0292402 1.9487738 1.8379331 2.0204015 1.8893191 2.2556606 1.7694652 2.0628252 2.4845455 2.6263571 2.6684613 4.6008522 4.3243900 1.5595746 2.0840322 1.5620503 1.9964575 1.8772239 0.9925640 2.0654711 3.0974921 3.1595964 4.0544220 1.7802048 
VI_Mapoly0019s0071.1                                                                                3.0311748 8.9999988 8.9999986 8.9999989 3.8995511 5.9260797 6.2153751 5.3845993 5.2022402 6.3735199 7.1254189 5.7759213 5.4206813 5.5851712 7.6676247 6.8775036 6.5245686 7.2568789 3.3931160 1.3849123 1.0351996 0.0000000 0.4268744 0.7616227 0.4305405 0.3698774 0.7449428 0.8762597 2.0532676 3.1168661 3.3026811 3.0400972 3.1226404 4.2029801 3.6908479 3.4947854 2.1871369 2.8270666 2.7482036 4.8742502 3.3708696 5.1459291 4.9497946 5.6860727 4.9955281 6.9780137 7.3274828 2.7610588 3.9782175 3.2090065 4.2142869 3.5802263 0.4262550 4.7479142 4.5839729 5.8215969 5.1929994 3.3854522 
VI_XM_024688730.1__XP_024544498.1                                                                   3.3563655 8.9999985 8.9999986 8.9999980 3.6009425 6.0298473 5.9756941 5.1000653 5.0153866 5.4470996 5.1963550 5.0740243 5.3200023 5.1227036 6.7311591 7.2798604 6.2141948 6.0349737 2.3576515 1.5138895 0.9376155 0.4268744 0.0000000 0.6240766 0.4182009 0.3324806 0.6827912 0.6982471 2.8229705 3.0380992 2.6276120 2.7235793 2.8023615 3.7542799 3.3562579 3.0504779 2.2899266 2.5715032 2.4743294 4.3093669 2.3448521 4.2015339 3.7930491 4.3433196 4.6771680 6.2873436 7.6179086 2.7901904 3.5729566 2.9363829 3.5142040 3.6165771 0.4744146 4.0167949 3.3238033 5.7854274 5.6922939 3.0998878 
VI_XM_024688389.1_XP_024524157.1_transcription_repressor_MYB4__Selaginella_moellendorffii_          3.6803602 8.9999988 8.9999981 8.9999989 3.3247655 5.7753276 5.0959377 4.8329488 3.7972356 6.2159550 5.3279853 5.5900171 6.1415170 4.7723655 6.4196104 6.4262911 5.5867865 6.0594232 2.6152323 1.3037124 0.9999848 0.7616227 0.6240766 0.0000000 0.4078692 0.4029230 0.7341618 0.8815620 2.5235784 3.0747217 2.6154087 3.5838777 3.1186535 3.6545487 3.6587658 3.6426342 2.3229345 2.7291779 2.5977146 3.5146979 3.3709793 4.1680120 4.4381935 4.3899157 4.8004113 5.8554249 8.3140168 2.8312873 3.3968121 2.7862736 3.8511527 3.6938392 0.5244935 3.4619096 4.5680198 6.1702628 5.5195612 3.4850986 
VI_Sacu_v1.1_s1503.g028048_Myb_transcription_factor__0.077_                                         3.6860240 8.9999989 8.9999986 8.9999986 3.1939575 5.1756971 5.3210707 3.9451046 4.0787817 4.7874631 4.6288012 5.0627868 4.8333644 3.9745199 5.0802962 6.0046066 5.0755540 5.1412445 2.1201911 1.4190065 0.9903576 0.4305405 0.4182009 0.4078692 0.0000000 0.0000010 0.3815198 0.6258668 2.3709303 2.0892160 1.9931995 2.0791211 2.3702146 2.7999364 2.1745265 2.1759544 2.2229916 1.6449344 1.5381672 3.5219762 2.3457495 3.9332693 3.3035201 3.9220421 3.8376896 5.2437594 5.8433655 2.2535762 2.8988435 2.2001147 2.3079796 2.5165681 0.1577348 3.1566407 3.0037081 5.5474944 5.8855045 2.0316355 
VI_Sacu_v1.1_s0147.g023157_Myb_transcription_factor__0.077_                                         3.6546900 8.9999983 8.9999988 8.9999988 2.7189400 5.0235586 5.1209370 4.1244732 3.7133385 5.1571514 4.5416800 4.5323207 4.5871915 3.8816890 5.1036985 5.9943338 4.7216742 5.0145699 1.9151075 1.2132977 0.7894361 0.3698774 0.3324806 0.4029230 0.0000010 0.0000000 0.2755146 0.5878874 2.5172537 2.1489849 2.1354394 2.1360503 2.3623411 2.8382483 2.2701356 2.1640447 2.0730555 1.6672577 1.4271832 3.6395418 2.2027359 4.0188504 3.2431632 3.7159542 3.6664941 4.8178640 5.7079149 2.2532714 2.9636142 2.1847799 2.3356426 2.2884805 0.0948704 3.2148326 2.6194594 5.3756527 5.6140012 1.9389002 
VI_MA_130648p0010_437_residues__                                                                    3.3228005 8.9999982 8.9999987 8.9999983 3.6223299 6.4278338 6.3927318 5.1861898 4.5409298 6.0171908 5.4086579 5.1853325 5.9282485 4.8995404 6.0066075 5.9880516 5.6240959 5.1197109 2.8603680 1.0580764 0.9986388 0.7449428 0.6827912 0.7341618 0.3815198 0.2755146 0.0000000 0.7091033 2.0549440 2.8688179 2.4579751 3.2389747 2.7653081 3.7136580 3.4978968 2.9128984 2.0550298 2.3759996 1.8927449 4.4851399 3.1503257 5.2610679 4.9958107 5.1043461 4.9187711 6.9225771 7.7571845 2.9762292 3.7547671 2.9364099 3.3419994 3.1919131 0.3673964 3.7170201 5.0156063 6.4972022 6.2970202 3.1483848 
VI_AmTr_v1.0_scaffold00111.43_locus_evm_27.TU.AmTr_v1.0_scaffold00111.43                            2.8854256 8.9999990 8.9999982 8.9999989 3.5443516 5.5633941 5.4069959 5.4062554 4.8156368 5.1434410 6.0744133 4.9393244 5.4344790 5.0132124 4.4484551 5.8874930 5.3639438 5.2854390 1.8798411 1.4505933 0.9155759 0.8762597 0.6982471 0.8815620 0.6258668 0.5878874 0.7091033 0.0000000 2.3296718 2.3572398 2.3131159 2.5658381 1.9189888 3.1355804 2.2677163 2.3902070 2.6688806 2.0688720 2.0413880 3.6248191 3.1276389 4.7715858 4.3890590 4.1193089 5.1155820 6.4956137 6.5421421 2.6475580 3.8894902 2.5304038 3.3314147 3.1686028 0.7639059 3.4839094 3.4083622 5.3401417 4.5483222 2.7130393 
VII_HAOX-0009745                                                                                    2.4486230 8.9065471 8.6214293 8.7788621 2.7673499 3.5883689 4.5502645 3.6594224 3.2990463 3.9693887 3.0392079 3.0407468 2.5413246 4.0620635 5.5699278 5.9969173 5.5084215 5.1445482 3.5139702 2.1455336 1.6095458 2.0532676 2.8229705 2.5235784 2.3709303 2.5172537 2.0549440 2.3296718 0.0000000 0.7960284 0.9445783 1.5411975 1.5166715 1.4960933 0.9553959 0.8746938 1.3236114 0.8070386 0.8085416 1.7769501 1.8801328 2.4548904 2.1056254 2.5375584 2.1477228 4.5013264 5.3234876 1.1304207 2.7504608 1.6167055 2.7916148 2.5399183 2.6028742 1.9572906 2.1259555 3.6787866 5.4237641 0.9154359 
VII_Mp3g05910.1                                                                                     2.5343734 8.9999985 8.9999990 8.9999985 2.5848404 5.5472021 5.2408972 4.7839018 4.0868023 5.0943661 4.1238382 4.7065739 4.9598584 4.8135558 6.4917102 6.6474986 5.9252630 5.2365978 3.6666691 1.9955578 1.7478423 3.1168661 3.0380992 3.0747217 2.0892160 2.1489849 2.8688179 2.3572398 0.7960284 0.0000000 0.7742200 1.4319681 1.2238888 1.7517625 0.6332238 0.6446993 0.7285142 0.7698700 0.7465321 2.3266484 2.1544154 3.2763483 2.6574398 3.0172005 3.1009511 4.3184762 6.5957296 1.2798098 2.4570671 1.2590666 3.5832484 2.4248067 2.3640191 2.3184314 3.8595615 4.9495740 5.1924176 1.1193181 
VII_ENA_MN199011_MN199011.1_Selaginella_moellendorffii                                              2.4910890 8.9999988 8.9999989 8.9999989 3.3801378 5.5065142 4.9893140 4.1225319 4.6479789 5.4462918 3.5687852 4.5565106 4.0012386 4.8549489 5.3869816 5.3764124 5.7885428 5.5425169 3.9021103 2.3352058 1.7068989 3.3026811 2.6276120 2.6154087 1.9931995 2.1354394 2.4579751 2.3131159 0.9445783 0.7742200 0.0000000 1.5690817 1.6956248 1.8568152 1.1056212 1.0267108 1.1425488 0.8666472 0.9143506 2.2078364 2.1838823 3.4479207 2.4134231 3.1101763 3.2894690 5.3558426 6.4891437 1.4364628 2.7054575 1.5558165 2.2698052 2.2540662 2.3692404 2.2706746 3.1607217 5.1379059 5.8194336 1.3599174 
VII_Sacu_v1.1_s0002.g001222_Myb_transcription_factor__0.077_                                        2.8977044 8.9999989 8.9999983 8.9999983 3.5075127 5.8421950 7.1233927 5.0970509 4.1461959 5.2554493 4.5418659 5.1712822 5.4620362 6.7726489 7.4737931 6.3739741 6.5534911 7.3753583 3.8286826 2.4275425 1.6443309 3.0400972 2.7235793 3.5838777 2.0791211 2.1360503 3.2389747 2.5658381 1.5411975 1.4319681 1.5690817 0.0000000 1.2646908 1.7022777 1.8382360 1.5100326 1.5895720 1.8398023 1.3036904 2.5891833 3.0852299 3.8794978 3.2687531 3.9373238 3.3992303 7.1527074 6.4874465 1.2566888 2.6621363 1.3367510 3.1163274 2.8776240 2.3540306 2.7550818 4.5267074 6.2335927 7.1753609 1.8408363 
VII_Sacu_v1.1_s0041.g012546_Myb_transcription_factor__0.077_                                        2.3894410 8.9999986 8.9999990 8.9999987 2.4523783 5.1948416 5.0587602 5.3648806 4.7472032 5.3157214 4.6074615 4.4016721 6.0700788 5.1790684 6.6749037 5.9255398 6.2576056 6.8294806 3.9581859 2.3201572 1.4979402 3.1226404 2.8023615 3.1186535 2.3702146 2.3623411 2.7653081 1.9189888 1.5166715 1.2238888 1.6956248 1.2646908 0.0000000 1.6599545 1.5557292 1.6241867 1.1442053 1.7173590 1.3564752 2.6292959 2.4175108 3.7932163 2.9366633 3.4337977 2.7258309 6.8634902 8.3119997 0.6334179 2.4590706 1.0507762 3.8947341 2.9620645 2.4554817 2.5820343 3.9336639 5.8496337 5.1206624 1.7955464 
VII_Sacu_v1.1_s0272.g027033_Myb_transcription_factor__0.077_                                        3.9193337 8.9999989 8.9999988 8.9999989 2.8902304 5.9817654 6.1656044 4.3532643 4.0162377 5.4923228 4.5349009 4.3482494 5.1099392 4.9555469 6.8040985 6.0282542 5.6622570 5.2533423 4.3339101 2.5752209 1.7894015 4.2029801 3.7542799 3.6545487 2.7999364 2.8382483 3.7136580 3.1355804 1.4960933 1.7517625 1.8568152 1.7022777 1.6599545 0.0000000 2.3193223 2.2240133 1.9410807 2.4289560 1.7373485 2.9076064 2.4034120 3.5687651 3.4214380 4.6425651 3.0521356 5.8806173 7.3064596 1.7350576 3.6558391 0.9709248 4.2039395 3.1698777 3.3299738 3.1036621 3.3514486 5.9656407 6.8564095 2.7021702 
VII_MA_96853p0010_582_residues__                                                                    2.6144018 8.9999987 8.9999982 8.9999988 2.7511294 5.0932511 6.5453762 4.9471165 4.9449004 4.5651392 4.6532907 4.9999701 5.3301950 4.8138173 5.4943235 5.2227439 5.3155509 5.7534777 4.7873372 2.4868928 2.0292402 3.6908479 3.3562579 3.6587658 2.1745265 2.2701356 3.4978968 2.2677163 0.9553959 0.6332238 1.1056212 1.8382360 1.5557292 2.3193223 0.0000000 0.4628624 0.7465001 0.7882110 0.5078131 2.4210509 2.8279527 3.6830154 3.2899857 3.6060582 3.5803524 5.7864328 6.4844597 1.5754355 3.3643695 1.5037680 3.6838922 2.6625009 2.4421818 3.0752010 4.0513876 6.2867853 4.9433828 1.1314940 
VII_MA_10208000p0010_602_residues__                                                                 2.8982817 8.9999990 8.9999989 8.9999985 2.5671660 5.4300242 5.6722281 4.7796283 4.9231153 4.9944644 4.3779261 4.9053631 5.0876310 5.3863579 6.5069905 5.1207350 6.0528130 6.1750586 5.1178675 2.5809456 1.9487738 3.4947854 3.0504779 3.6426342 2.1759544 2.1640447 2.9128984 2.3902070 0.8746938 0.6446993 1.0267108 1.5100326 1.6241867 2.2240133 0.4628624 0.0000000 0.8785824 0.6162579 0.5641391 2.4699696 2.6337119 3.8907771 3.3676548 3.3420740 2.9953854 5.8062154 7.3192134 1.4754209 2.9323543 1.4055927 3.5567947 2.8556690 2.5034719 2.7636397 4.1512256 6.7043094 4.6531028 1.0275990 
VII_MA_20462p0010_470_residues__                                                                    3.4271237 8.9999984 8.9999988 8.9999986 2.8956756 5.8151657 5.6574229 4.8130760 3.9889613 5.0022804 4.7714883 5.0279892 5.1164016 4.9252266 6.5347594 6.3865952 6.6152439 6.6664532 4.0881259 2.2282619 1.8379331 2.1871369 2.2899266 2.3229345 2.2229916 2.0730555 2.0550298 2.6688806 1.3236114 0.7285142 1.1425488 1.5895720 1.1442053 1.9410807 0.7465001 0.8785824 0.0000000 0.8403014 0.5611399 2.2671354 1.9305903 3.8823290 2.7727476 2.5860234 2.5062354 4.8125206 7.2674796 1.3722266 2.3736270 1.2533881 3.1864755 2.7820705 2.1091483 2.4553230 3.2040177 5.7076930 5.8905473 1.0731194 
VII_AmTr_v1.0_scaffold00038.91                                                                      1.9265483 8.9999988 8.9999986 8.9999988 3.3239156 5.6439842 5.2787504 4.7021225 4.6105375 5.6617059 5.0869136 4.8171142 4.6199006 5.1113826 6.0931842 7.0298576 6.6523604 6.4447267 4.9649614 2.8014727 2.0204015 2.8270666 2.5715032 2.7291779 1.6449344 1.6672577 2.3759996 2.0688720 0.8070386 0.7698700 0.8666472 1.8398023 1.7173590 2.4289560 0.7882110 0.6162579 0.8403014 0.0000000 0.7595708 2.4382008 2.3855693 3.5373336 3.4358639 3.1546998 3.3560722 5.3658550 8.0186022 1.4982817 3.1571723 1.7367459 2.5818360 2.4232742 1.9449123 2.9320019 3.6986873 4.8776939 5.7942266 0.9164745 
VII_AmTr_v1.0_scaffold00037.85                                                                      2.2553766 8.9999984 8.9999981 8.9999985 2.6452250 4.7764165 5.1595767 4.0230959 3.5475263 4.8697533 4.5807048 4.4787672 5.0970716 3.9358242 5.7560717 5.1558827 5.4629999 4.9385687 3.8973356 2.5150255 1.8893191 2.7482036 2.4743294 2.5977146 1.5381672 1.4271832 1.8927449 2.0413880 0.8085416 0.7465321 0.9143506 1.3036904 1.3564752 1.7373485 0.5078131 0.5641391 0.5611399 0.7595708 0.0000000 2.2241838 2.3673535 3.0009717 2.4310896 2.7711082 2.4667574 4.8837421 7.0286184 1.2060429 2.1527785 1.3267349 3.0169680 2.5729333 1.6525909 2.6085054 3.8887445 4.9070698 4.6946865 0.8647167 
VIII_MN199016_QIN53292.1_R2R3-MYB_transcription_factor__Selaginella_moellendorffii_                 2.1202341 8.9999984 8.9999989 8.9999982 3.2127829 6.6048434 5.2878134 6.1760835 5.7579526 6.0096939 6.3863494 7.9791872 5.2939895 6.9745672 6.8286185 6.7425827 5.4982308 7.1263939 6.1854607 3.1541275 2.2556606 4.8742502 4.3093669 3.5146979 3.5219762 3.6395418 4.4851399 3.6248191 1.7769501 2.3266484 2.2078364 2.5891833 2.6292959 2.9076064 2.4210509 2.4699696 2.2671354 2.4382008 2.2241838 0.0000000 1.3525429 1.7478498 1.3792426 2.8272576 2.1063146 7.4427255 8.9999986 2.4337971 1.6756642 2.3346392 3.3636137 1.7214042 3.3618769 1.6639998 4.6902559 5.7055581 6.5511858 2.4823980 
VIII_XM_024668296.1_XP_024524064.1_transcription_factor_MYB26__Selaginella_moellendorffii_          1.8923612 8.9999984 8.9999989 8.9999988 3.3744284 4.8448871 4.8541263 4.8570182 4.9206554 5.5376013 4.6208391 5.6275248 4.9542902 5.6560912 5.7875819 5.4650353 5.0942194 5.0542467 4.2251967 2.3511924 1.7694652 3.3708696 2.3448521 3.3709793 2.3457495 2.2027359 3.1503257 3.1276389 1.8801328 2.1544154 2.1838823 3.0852299 2.4175108 2.4034120 2.8279527 2.6337119 1.9305903 2.3855693 2.3673535 1.3525429 0.0000000 1.6441747 1.7031633 2.4847339 2.2719632 6.4114835 8.1280283 2.1890472 1.7506913 2.2049318 1.8983056 1.1918115 2.6192484 1.7409396 3.6985982 5.4798152 4.8828625 2.7150013 
VIII_Mapoly0073s0038_PTQ35164.1_hypothetical_protein_MARPO_0073s0038__Marchantia_polymorpha_        2.6126448 8.9999988 8.9999989 8.9999988 3.3231816 6.6159949 5.0584686 5.7061689 6.0340899 6.3726981 6.2734380 7.2233580 6.4191874 5.9697672 7.2033418 6.4847527 6.2012954 5.8919967 5.2088322 3.1026880 2.0628252 5.1459291 4.2015339 4.1680120 3.9332693 4.0188504 5.2610679 4.7715858 2.4548904 3.2763483 3.4479207 3.8794978 3.7932163 3.5687651 3.6830154 3.8907771 3.8823290 3.5373336 3.0009717 1.7478498 1.6441747 0.0000000 1.2319337 2.8717261 2.2317734 7.3793033 8.9999984 3.4316555 2.3506762 3.7823243 3.5521086 2.1736874 4.0914323 2.0665185 3.6358167 6.8639192 7.3876178 3.7812894 
VIII_Mapoly0006s0226_PTQ48220.1_hypothetical_protein_MARPO_0006s0226__Marchantia_polymorpha_        2.9592579 8.9999985 8.9999986 8.9999983 3.7328443 7.5757011 6.5601673 5.9871003 5.9916830 6.4479223 5.6591051 6.6283009 6.2650395 4.9144765 7.4167698 7.5115775 5.4082563 7.1299995 6.8979615 3.7356231 2.4845455 4.9497946 3.7930491 4.4381935 3.3035201 3.2431632 4.9958107 4.3890590 2.1056254 2.6574398 2.4134231 3.2687531 2.9366633 3.4214380 3.2899857 3.3676548 2.7727476 3.4358639 2.4310896 1.3792426 1.7031633 1.2319337 0.0000000 1.8326406 1.4663062 8.9999989 8.2782994 3.3864899 2.0516878 2.8336024 3.7115522 2.4579641 3.6246915 1.8473332 4.4437389 5.4526822 7.4709030 3.1738634 
VIII_XM_024680104.1_XP_024535872.1_transcription_factor_MYB8-like__Selaginella_moellendorffii_      2.6212271 8.9999983 8.9999990 8.9999989 4.7176271 6.3784734 5.5776061 6.4115331 4.8830535 6.5722085 5.7096408 5.7512610 6.6752182 6.4221618 5.5552696 5.9064292 5.6069425 6.5938249 5.2795345 3.7123269 2.6263571 5.6860727 4.3433196 4.3899157 3.9220421 3.7159542 5.1043461 4.1193089 2.5375584 3.0172005 3.1101763 3.9373238 3.4337977 4.6425651 3.6060582 3.3420740 2.5860234 3.1546998 2.7711082 2.8272576 2.4847339 2.8717261 1.8326406 0.0000000 1.7373819 7.1796751 7.4711687 3.0432895 2.3819001 3.0818755 3.9463302 3.1679379 4.7240624 2.0125089 5.8042180 6.1787180 5.7503169 4.0410416 
VIII_MN199020_QIN53296.1_R2R3-MYB_transcription_factor__Selaginella_moellendorffii_                 2.6752827 8.9999983 8.9999981 8.9999988 3.0904069 7.0754600 5.4800170 5.2489402 5.3127634 4.1725601 5.0190014 5.8747497 6.6959701 6.2381783 6.6457133 6.4732658 6.2020595 6.6875931 6.5078544 4.0996679 2.6684613 4.9955281 4.6771680 4.8004113 3.8376896 3.6664941 4.9187711 5.1155820 2.1477228 3.1009511 3.2894690 3.3992303 2.7258309 3.0521356 3.5803524 2.9953854 2.5062354 3.3560722 2.4667574 2.1063146 2.2719632 2.2317734 1.4663062 1.7373819 0.0000000 7.4100013 7.6662569 3.1733001 1.9948712 2.7337534 4.1441186 3.0742786 4.1453824 1.5846379 5.0551562 7.2991294 6.5468586 3.5158164 
ARP_XM_002962269.2_XP_002962315.1_transcription_factor_AS1__Selaginella_moellendorffii_             6.1095004 8.9999987 8.9999990 8.9999988 5.2581966 8.9999984 8.9999988 8.3056187 7.6691969 8.9999985 8.9999984 8.9999985 8.8169256 6.8639285 8.1232936 8.6403990 7.9391071 8.1975099 8.9999984 6.2591866 4.6008522 6.9780137 6.2873436 5.8554249 5.2437594 4.8178640 6.9225771 6.4956137 4.5013264 4.3184762 5.3558426 7.1527074 6.8634902 5.8806173 5.7864328 5.8062154 4.8125206 5.3658550 4.8837421 7.4427255 6.4114835 7.3793033 8.9999989 7.1796751 7.4100013 0.0000000 1.4792169 6.1369092 7.8036472 5.7411876 7.9691778 8.9999989 5.1890631 7.9218088 7.3986312 8.9999985 8.9999989 8.0075136 
ARP_Mapoly0040s0004_PTQ40315.1_hypothetical_protein_MARPO_0040s0004__Marchantia_polymorpha_         7.1110788 8.9999983 8.9999989 8.9999986 5.7073084 8.9999984 8.9999989 7.4646178 8.4856085 8.9999990 8.9999989 7.9819076 6.8066190 7.0039265 8.9999986 8.1169109 8.8090373 8.9616472 8.2146161 5.3274732 4.3243900 7.3274828 7.6179086 8.3140168 5.8433655 5.7079149 7.7571845 6.5421421 5.3234876 6.5957296 6.4891437 6.4874465 8.3119997 7.3064596 6.4844597 7.3192134 7.2674796 8.0186022 7.0286184 8.9999986 8.1280283 8.9999984 8.2782994 7.4711687 7.6662569 1.4792169 0.0000000 7.9400260 8.9086265 7.8059523 6.6336796 8.4388613 6.0123130 7.5776326 7.0782387 8.1079768 7.3500326 6.8907195 
Azfi_s0004.g008455                                                                                  2.4364943 8.9999988 8.9999987 8.9999987 2.8014792 4.7380628 5.6694894 4.4802546 4.6803226 5.1972902 4.2706255 5.0164254 4.8285098 5.1871037 6.6701356 7.0392502 5.2015621 6.3341339 4.8037028 2.3318899 1.5595746 2.7610588 2.7901904 2.8312873 2.2535762 2.2532714 2.9762292 2.6475580 1.1304207 1.2798098 1.4364628 1.2566888 0.6334179 1.7350576 1.5754355 1.4754209 1.3722266 1.4982817 1.2060429 2.4337971 2.1890472 3.4316555 3.3864899 3.0432895 3.1733001 6.1369092 7.9400260 0.0000000 2.4575715 1.2638659 2.9985442 2.8803207 2.1528672 2.4258092 3.7025539 5.6363746 5.0006696 1.6765100 
Azfi_s0014.g013584                                                                                  2.2092664 8.9999981 8.9999989 8.9999980 3.1760510 6.8306371 5.8638761 5.8452043 4.9949505 4.6281056 4.4198469 5.8311293 5.7001710 5.3833275 6.6103919 6.2760287 6.0718314 4.6210782 4.5430021 2.7987240 2.0840322 3.9782175 3.5729566 3.3968121 2.8988435 2.9636142 3.7547671 3.8894902 2.7504608 2.4570671 2.7054575 2.6621363 2.4590706 3.6558391 3.3643695 2.9323543 2.3736270 3.1571723 2.1527785 1.6756642 1.7506913 2.3506762 2.0516878 2.3819001 1.9948712 7.8036472 8.9086265 2.4575715 0.0000000 3.1655656 2.8276844 2.4825834 3.4193091 1.9693680 5.0251968 5.7584673 7.0998505 3.1654954 
Azfi_s0021.g015882                                                                                  2.7099876 8.9999981 8.9999985 8.9999986 2.6971614 5.7674018 6.0199530 5.1025789 4.5292303 6.1272068 4.6897287 5.2538747 5.4854032 5.3306396 5.9942754 5.7980814 5.1589175 5.5020567 3.9939589 2.2186836 1.5620503 3.2090065 2.9363829 2.7862736 2.2001147 2.1847799 2.9364099 2.5304038 1.6167055 1.2590666 1.5558165 1.3367510 1.0507762 0.9709248 1.5037680 1.4055927 1.2533881 1.7367459 1.3267349 2.3346392 2.2049318 3.7823243 2.8336024 3.0818755 2.7337534 5.7411876 7.8059523 1.2638659 3.1655656 0.0000000 3.9966118 2.5675917 2.4572966 2.9316605 3.7184539 5.1513722 5.7300750 2.2682637 
Azfi_s0035.g025508                                                                                  2.1782337 8.9999981 8.9999989 8.9999990 3.7975963 5.4553447 6.9793712 6.7432659 6.3241957 6.2480553 5.4518676 7.2138305 6.8967713 5.5989674 7.7193127 6.7164637 6.3812913 7.2120047 4.7922841 2.5809197 1.9964575 4.2142869 3.5142040 3.8511527 2.3079796 2.3356426 3.3419994 3.3314147 2.7916148 3.5832484 2.2698052 3.1163274 3.8947341 4.2039395 3.6838922 3.5567947 3.1864755 2.5818360 3.0169680 3.3636137 1.8983056 3.5521086 3.7115522 3.9463302 4.1441186 7.9691778 6.6336796 2.9985442 2.8276844 3.9966118 0.0000000 2.0324189 2.5740375 2.9750193 6.1959665 6.7404693 7.8052697 3.5560616 
Azfi_s0041.g026722                                                                                  1.5839872 8.9999988 8.9999983 8.9999989 3.1836355 4.7211281 5.7122072 6.2033695 5.5997222 5.4043310 5.5052294 5.8173898 5.8394980 6.7149389 6.0332471 7.6005739 5.1943459 5.9960994 4.5998724 2.5899539 1.8772239 3.5802263 3.6165771 3.6938392 2.5165681 2.2884805 3.1919131 3.1686028 2.5399183 2.4248067 2.2540662 2.8776240 2.9620645 3.1698777 2.6625009 2.8556690 2.7820705 2.4232742 2.5729333 1.7214042 1.1918115 2.1736874 2.4579641 3.1679379 3.0742786 8.9999989 8.4388613 2.8803207 2.4825834 2.5675917 2.0324189 0.0000000 2.5206527 2.0174156 3.7703165 5.3371723 6.2691989 2.6221429 
Azfi_s0076.g037908                                                                                  3.6917249 8.9999988 8.9999985 8.9999985 3.2724228 5.4865852 5.3699304 4.2122417 4.1341338 5.2240621 5.0362471 4.7652751 5.3755997 4.1965742 5.4552366 6.6964561 5.4537449 5.4507654 2.3624795 1.6215777 0.9925640 0.4262550 0.4744146 0.5244935 0.1577348 0.0948704 0.3673964 0.7639059 2.6028742 2.3640191 2.3692404 2.3540306 2.4554817 3.3299738 2.4421818 2.5034719 2.1091483 1.9449123 1.6525909 3.3618769 2.6192484 4.0914323 3.6246915 4.7240624 4.1453824 5.1890631 6.0123130 2.1528672 3.4193091 2.4572966 2.5740375 2.5206527 0.0000000 3.4109211 2.9273946 5.6581033 5.1392937 1.9448569 
Azfi_s0129.g048859                                                                                  2.6428969 8.9999983 8.9999985 8.9999987 3.6672351 5.0214089 5.1874122 5.4316336 5.4406417 5.8384702 4.3808168 4.6240910 5.1005103 5.8286178 6.0151740 6.4407009 6.3723756 6.2082626 4.6454743 3.0823533 2.0654711 4.7479142 4.0167949 3.4619096 3.1566407 3.2148326 3.7170201 3.4839094 1.9572906 2.3184314 2.2706746 2.7550818 2.5820343 3.1036621 3.0752010 2.7636397 2.4553230 2.9320019 2.6085054 1.6639998 1.7409396 2.0665185 1.8473332 2.0125089 1.5846379 7.9218088 7.5776326 2.4258092 1.9693680 2.9316605 2.9750193 2.0174156 3.4109211 0.0000000 4.3321204 5.5436247 6.3183586 2.8778760 
R1R2R3_MN199004_QIN53280.1_R1R2R3-MYB_protein__Selaginella_moellendorffii_                          3.6775777 8.9999989 8.9999980 8.9999989 1.9401269 1.7276817 1.6928775 2.8212828 2.2913227 2.9142330 2.9185455 2.6496917 2.4197245 3.6487433 3.8697838 3.2837563 3.1252223 3.0678998 4.6078613 2.8830075 3.0974921 4.5839729 3.3238033 4.5680198 3.0037081 2.6194594 5.0156063 3.4083622 2.1259555 3.8595615 3.1607217 4.5267074 3.9336639 3.3514486 4.0513876 4.1512256 3.2040177 3.6986873 3.8887445 4.6902559 3.6985982 3.6358167 4.4437389 5.8042180 5.0551562 7.3986312 7.0782387 3.7025539 5.0251968 3.7184539 6.1959665 3.7703165 2.9273946 4.3321204 0.0000000 0.3177110 1.1403652 3.6521993 
R1R2R3_Mapoly0036s0107_PTQ41127.1_hypothetical_protein_MARPO_0036s0107__Marchantia_polymorpha_      5.1356356 8.9999985 8.9999987 8.9999983 2.1173337 2.4651517 2.5065010 3.8656003 3.4219868 4.2979987 4.0470110 4.5491338 3.0660978 4.4328188 4.5503246 4.6483006 3.5803937 5.5407040 7.7247689 4.0729010 3.1595964 5.8215969 5.7854274 6.1702628 5.5474944 5.3756527 6.4972022 5.3401417 3.6787866 4.9495740 5.1379059 6.2335927 5.8496337 5.9656407 6.2867853 6.7043094 5.7076930 4.8776939 4.9070698 5.7055581 5.4798152 6.8639192 5.4526822 6.1787180 7.2991294 8.9999985 8.1079768 5.6363746 5.7584673 5.1513722 6.7404693 5.3371723 5.6581033 5.5436247 0.3177110 0.0000000 1.9293843 5.6774633 
R1R2R3_Mapoly0150s0001_PTQ28976.1_hypothetical_protein_MARPO_0150s0001__Marchantia_polymorpha_      5.5067215 8.9999989 8.9999984 8.9999989 1.7280862 3.4289369 3.1972238 3.7516184 3.7932253 4.1594669 4.9419222 4.2412728 4.3966030 3.9327544 4.3722639 4.3274410 3.8628719 4.6366860 7.5530559 5.1507991 4.0544220 5.1929994 5.6922939 5.5195612 5.8855045 5.6140012 6.2970202 4.5483222 5.4237641 5.1924176 5.8194336 7.1753609 5.1206624 6.8564095 4.9433828 4.6531028 5.8905473 5.7942266 4.6946865 6.5511858 4.8828625 7.3876178 7.4709030 5.7503169 6.5468586 8.9999989 7.3500326 5.0006696 7.0998505 5.7300750 7.8052697 6.2691989 5.1392937 6.3183586 1.1403652 1.9293843 0.0000000 4.6375793 
sp_Q8W1W6_MYB33_ARATH_Transcription_factor_MYB33_OS_Arabidopsis_thaliana_OX_3702_GN_MYB33_PE_2_SV_1 2.5289960 8.9999988 8.9999983 8.9999984 2.7383545 5.7959434 5.9698940 5.9888304 5.9285994 6.0384367 5.3792629 5.6601933 5.4811156 6.9611731 6.9747851 6.9060845 5.8659722 7.0504021 5.8159395 2.4284728 1.7802048 3.3854522 3.0998878 3.4850986 2.0316355 1.9389002 3.1483848 2.7130393 0.9154359 1.1193181 1.3599174 1.8408363 1.7955464 2.7021702 1.1314940 1.0275990 1.0731194 0.9164745 0.8647167 2.4823980 2.7150013 3.7812894 3.1738634 4.0410416 3.5158164 8.0075136 6.8907195 1.6765100 3.1654954 2.2682637 3.5560616 2.6221429 1.9448569 2.8778760 3.6521993 5.6774633 4.6375793 0.0000000 
