59
CDC5_XM_024677933.1_XP_024533701.1_transcription_factor_MYB61-like__Selaginella_moellendorffii_     0.0000000 3.7727795 3.7224307 3.8380351 2.6861428 2.7799648 2.4042706 2.4785477 2.2087952 2.2127305 2.7176101 2.8405456 2.6728242 2.4943570 2.2479912 2.7454599 2.5775109 2.2430526 2.2349819 1.7520481 1.3367258 2.0819461 2.0782373 6.5992383 2.0614022 2.3169711 2.2454558 2.1414019 1.9593955 1.7049646 1.5737074 1.9062832 1.7638400 1.7469790 2.0900735 1.7562439 1.8806065 1.6642091 1.5696004 1.6276216 1.4686708 1.3617532 4.7924472 1.7977881 1.7056525 1.6429121 3.2088784 3.4455855 1.5415484 1.5226670 1.7379915 1.2950441 1.3240926 2.3984865 1.7887819 2.4493434 3.1043945 2.9481980 1.4552939 
CDC5_XM_024686040.1_XP_024541808.1_cell_division_cycle_5-like_protein                               3.7727795 0.0000000 0.0301567 0.2642452 3.4255094 5.0576366 4.9699070 5.0914147 4.2933971 4.9828808 5.4686456 5.5083952 4.7875305 5.3011154 5.0721894 4.4048322 4.5422632 4.7633244 4.8134067 3.7937401 3.2140478 4.5647441 4.7917293 7.5230633 5.2678703 3.9079771 4.0909386 4.7660585 4.8138873 3.4454722 4.3477703 5.0416413 4.0619055 5.7285141 5.5360113 4.7729048 5.0238311 3.9571815 4.2025083 4.4198307 5.2064142 4.7800565 5.1721871 5.0392462 4.9269160 4.9618989 6.3081105 5.6148911 5.5452828 5.2336875 4.8431162 5.0799666 4.6717445 3.9128986 4.2495617 4.2907900 5.0438193 3.1672537 4.6845879 
CDC5_XM_002981114.2_XP_002981160.1_cell_division_cycle_5-like_protein__Selaginella_moellendorffii_  3.7224307 0.0301567 0.0000000 0.2753825 3.3691851 5.0201360 5.0013177 4.9663511 4.4644508 4.8557297 5.4227974 5.1439450 4.6825140 5.1966329 5.0987110 4.3908024 4.4820375 4.6178962 4.9193763 3.5218326 2.9696568 4.4432023 4.5972238 6.9230125 4.9830582 3.6812187 3.8261682 4.7030852 5.0349467 3.2983626 4.5578565 4.9461905 4.1323371 5.4711474 5.4552162 4.4512065 4.9485131 3.8271618 4.1815787 4.4352864 5.2537156 4.6949178 6.0185505 5.1618597 4.7445598 4.7476692 6.0111683 5.4493262 5.5009270 5.1360402 4.8191326 5.0178739 5.0125547 3.6715347 4.4210739 4.2898185 4.9266374 3.0419373 4.6957829 
CDC5_Mapoly0014s0195_PTQ45693.1_hypothetical_protein_MARPO_0014s0195__Marchantia_polymorpha_        3.8380351 0.2642452 0.2753825 0.0000000 3.5797215 5.5016881 4.9287001 5.0669674 4.4440540 5.4040838 5.2905436 5.9853079 4.7560344 5.6526397 5.1178609 4.7902502 4.7370921 5.0441262 5.6929423 3.5218326 2.9696568 4.5789575 4.6669273 7.4650595 5.1318177 3.7708593 3.9278107 4.5495620 4.9504995 3.3630130 4.9289203 5.1870790 4.2641760 5.6778998 5.0442685 4.1500167 4.8032379 4.0156399 4.1842750 4.3689559 5.3562167 4.8533858 5.7001185 4.9519137 4.9581152 4.5098368 5.9556863 5.4471176 5.3104984 5.4507782 4.6101299 4.7387352 5.4192611 3.6527859 4.5933012 5.0387737 4.7972309 3.0368037 4.5531585 
I_Mapoly0085s0092_PTQ33890.1_hypothetical_protein_MARPO_0085s0092__Marchantia_polymorpha_           2.6861428 3.4255094 3.3691851 3.5797215 0.0000000 2.1523498 1.5005051 2.0420897 1.7590486 1.8405692 1.9465448 1.9807847 2.1978445 2.3797781 2.2875964 2.1667735 2.3852247 2.1319174 2.7848081 2.1716820 1.7427065 2.4752489 2.4690178 6.5085523 2.5809842 2.8430591 2.6098280 2.2758154 2.6270938 2.2100098 2.3338269 2.5369643 2.7018593 2.5083002 2.5753199 2.2548146 2.4421401 2.2346666 2.0728873 1.9287435 2.2366841 2.1998195 3.2470698 2.6702546 2.8588905 2.3359819 3.1865509 3.3389346 2.2988542 2.6197916 2.2957442 2.4542578 2.4714852 2.8826584 2.8373731 1.5146011 1.7936184 2.1024001 1.9684196 
II_Mapoly0001s0061_PTQ49997.1_hypothetical_protein_MARPO_0001s0061__Marchantia_polymorpha_          2.7799648 5.0576366 5.0201360 5.5016881 2.1523498 0.0000000 1.4391305 2.6763467 2.9948721 3.0530496 2.9852681 2.8454501 2.9109846 3.2783463 3.5997305 2.6442820 3.8807858 2.9406155 4.3214415 2.2393076 1.8129106 3.6633321 3.7954593 5.9806133 4.1716103 2.8582788 2.7586660 3.9563558 3.3859041 2.1841508 3.9447029 4.0015923 4.1637674 4.5648220 4.2679195 3.5390770 3.9414386 3.4592811 3.7388533 3.9575201 3.5569507 3.8280706 3.4419719 4.0660024 3.5956226 3.8043524 5.7426247 5.4914606 3.8378373 4.0343392 4.3828732 3.1280231 3.9305293 3.0035057 4.1271754 2.5550809 3.2237851 1.8627424 3.9520364 
III_XM_002991980.2_XP_002992026.2_myb-related_protein_B__Selaginella_moellendorffii_                2.4042706 4.9699070 5.0013177 4.9287001 1.5005051 1.4391305 0.0000000 2.5259300 2.3038316 2.6537817 2.4192008 2.3293993 2.5347945 2.6873972 2.9650265 2.6021978 3.0563519 3.0545343 3.7410059 2.0319794 1.7213333 3.7041186 3.3398023 6.7096130 3.9100634 2.9994742 2.8596292 3.4750918 3.3699453 2.3145258 3.4195492 3.6587282 3.7570257 3.6187688 2.8827930 3.2653285 3.2045066 3.2721279 3.8312876 3.8865060 3.2742673 3.0409964 3.9859634 3.1835294 3.0619433 3.4506889 3.9474906 4.0315429 3.3833878 3.5393976 3.5578522 2.8830263 3.1475546 3.0969893 3.5179807 2.0043189 2.4837967 1.8804144 3.4563906 
III_Mapoly0007s0271_PTQ47916.1_hypothetical_protein_MARPO_0007s0271__Marchantia_polymorpha_         2.4785477 5.0914147 4.9663511 5.0669674 2.0420897 2.6763467 2.5259300 0.0000000 1.5121886 1.6071204 1.3243537 1.4822878 1.5550596 2.6409942 2.4722586 2.4652236 3.0241121 2.8490644 4.4064919 2.2140675 1.8257657 3.4440083 3.1564121 7.9757960 3.5075271 2.1549611 2.1961393 3.7904307 3.1115115 1.7310206 3.7769972 3.1323442 3.1034273 3.6082195 3.3974604 3.5565677 3.4649233 3.6249346 3.3497397 3.3210514 3.4229102 3.9765374 3.5324642 3.6789834 3.5350450 3.3767927 4.1836508 5.0459102 3.2129227 3.9494596 3.4102891 3.3739212 3.6319811 2.3189441 4.6588496 2.8893257 3.2697075 2.8061536 3.7365322 
III_XM_002971992.2_XP_002972038.2_transcription_factor_MYB1__Selaginella_moellendorffii_            2.2087952 4.2933971 4.4644508 4.4440540 1.7590486 2.9948721 2.3038316 1.5121886 0.0000000 1.4920386 1.3725097 1.5474509 1.4677701 2.4250820 2.3588557 1.9455225 2.2577861 2.1896530 2.7663531 1.7676759 1.5276082 2.7741112 3.3434445 5.9941190 3.3373636 2.0961501 2.0710855 3.1784323 3.0013705 1.7458815 3.1383724 2.8127401 2.6982866 3.0008904 2.9692291 2.8003847 2.9926042 2.6446632 2.8625278 2.6469403 2.2052155 3.4172067 3.8204503 2.8150151 3.1552148 2.6701745 3.6801387 3.9583518 3.1313821 2.6903218 2.9634901 2.2564790 2.9447998 2.1058898 3.4909026 2.1618125 2.3133002 1.9639234 2.6090415 
IV_MN199005_QIN53281.1_R2R3-MYB_transcription_factor__Selaginella_moellendorffii_                   2.2127305 4.9828808 4.8557297 5.4040838 1.8405692 3.0530496 2.6537817 1.6071204 1.4920386 0.0000000 0.8350517 1.1261985 1.0716810 2.4731065 2.2170768 2.0161176 2.3106058 2.2912855 3.1807674 1.7013537 1.5225242 3.1108841 2.8896712 5.9920169 3.4978826 2.0494066 2.1285809 3.1804285 2.5696350 1.8055148 3.1849344 3.3816331 3.5573692 3.3261156 3.3086171 2.7890810 2.9795355 2.9830803 3.2869688 3.2014225 2.6316061 3.0747692 3.7254280 3.2272564 2.8562867 2.8791639 4.1962378 4.9151008 3.2911983 2.6637434 2.9174749 2.6671375 3.2949880 2.3343718 3.6895282 2.1952990 2.4128775 1.8409774 3.1190585 
IV_MN199007_QIN53283.1_R2R3-MYB_transcription_factor__Selaginella_moellendorffii_                   2.7176101 5.4686456 5.4227974 5.2905436 1.9465448 2.9852681 2.4192008 1.3243537 1.3725097 0.8350517 0.0000000 0.9702428 0.9970457 2.3553237 2.6630458 2.1667884 2.9244719 2.9268495 3.3392922 2.1174639 1.6677456 3.4689979 3.3804994 7.1970260 3.7143235 2.5377726 2.5191812 3.4378716 3.0079046 1.7795080 2.8846468 3.1462113 3.2658228 3.7361773 3.1815346 2.7608329 2.6968156 2.8189658 3.1317692 3.2629652 2.7521239 2.9211307 3.3319555 3.6324842 3.3509109 3.0016740 3.6657515 4.0254211 2.9785000 3.1589390 3.0238020 2.9629342 3.1913935 2.4738668 3.9161479 2.7053672 2.8616069 2.3235372 3.1661728 
IV_MN199006_QIN53282.1_R2R3-MYB_transcription_factor__Selaginella_moellendorffii_                   2.8405456 5.5083952 5.1439450 5.9853079 1.9807847 2.8454501 2.3293993 1.4822878 1.5474509 1.1261985 0.9702428 0.0000000 0.9047772 2.7002876 2.4427868 2.2946967 2.5779437 2.5417946 3.4544389 2.1694753 1.5549371 3.2204034 2.8602930 5.9472851 3.5301015 2.6745617 2.6297700 3.2102961 2.5677165 1.9551176 3.0682404 3.4067447 3.5527067 3.1246640 3.5297331 2.9620412 3.0615255 3.1448976 3.2142823 2.9410604 3.0360552 3.8417983 3.3205458 3.5433392 3.3060220 3.0926484 3.3830173 3.9621062 2.9113929 3.0788485 3.0969349 3.4751323 3.1224178 2.4724236 3.5655962 2.5233035 3.0404303 2.0876028 3.4705559 
IV_Mapoly0032s0153_PTQ41991.1_hypothetical_protein_MARPO_0032s0153__Marchantia_polymorpha_          2.6728242 4.7875305 4.6825140 4.7560344 2.1978445 2.9109846 2.5347945 1.5550596 1.4677701 1.0716810 0.9970457 0.9047772 0.0000000 2.7241668 2.6747745 2.1481436 2.8978836 2.3989055 3.6508295 2.0566160 1.6750969 3.4570986 3.1708122 7.2240853 3.8736564 2.1115504 2.1347176 3.1513844 3.2984281 1.9929819 3.0698943 3.4574182 3.6833720 3.6369447 3.3466866 3.0442413 3.1558931 3.2460578 3.1045598 3.4577727 3.6003681 3.9588645 3.3768910 3.9762306 3.6908601 3.4945582 3.6407487 4.3617434 2.9463702 3.3167861 3.1694208 3.2567884 3.1064351 2.2734949 4.2010017 2.9938818 3.3064955 2.0744307 3.4277543 
V_Mapoly0008s0029_PTQ47242.1_hypothetical_protein_MARPO_0008s0029__Marchantia_polymorpha_           2.4943570 5.3011154 5.1966329 5.6526397 2.3797781 3.2783463 2.6873972 2.6409942 2.4250820 2.4731065 2.3553237 2.7002876 2.7241668 0.0000000 1.2306310 1.0924406 1.1787411 1.1089489 3.6029411 2.0437729 1.6478535 3.1492372 3.4871451 7.6325700 4.1750365 2.6563703 2.5296493 3.7748264 3.4266440 2.6446098 4.1973320 3.9224961 4.0829516 4.6253367 3.4415838 3.8399540 4.4439905 4.2200341 4.1779563 3.9493447 4.4599180 4.0771130 5.0529326 3.6578401 3.2294831 3.6503060 5.1677102 4.5541834 4.1841639 3.5261086 4.5563242 3.4965135 4.0622401 2.6761304 4.5811368 2.8913097 3.4808017 2.4941294 3.4386572 
V_XM_002977602.2_XP_002977648.2_uncharacterized_protein_LOC9657152__Selaginella_moellendorffii_     2.2479912 5.0721894 5.0987110 5.1178609 2.2875964 3.5997305 2.9650265 2.4722586 2.3588557 2.2170768 2.6630458 2.4427868 2.6747745 1.2306310 0.0000000 1.0814789 1.3158284 1.1337285 3.4756446 2.1237358 1.7731310 3.6492051 3.1365978 7.0908215 3.6286847 2.8826720 2.6613175 4.0347432 3.0401963 2.7584232 3.5952107 3.6545868 3.3120599 4.0232239 3.4711077 3.4487664 4.4661928 3.7657783 3.9044227 3.6625628 3.8359790 3.3500522 4.0987217 3.3375377 2.9345424 3.6480075 4.0835910 4.6182399 3.0964076 3.3505793 3.2403226 3.3946620 3.2095851 2.8176571 4.5025836 3.0733923 3.5534753 2.4934090 3.6848232 
V_MN199008_QIN53284.1_R2R3-MYB_transcription_factor__Selaginella_moellendorffii_                    2.7454599 4.4048322 4.3908024 4.7902502 2.1667735 2.6442820 2.6021978 2.4652236 1.9455225 2.0161176 2.1667884 2.2946967 2.1481436 1.0924406 1.0814789 0.0000000 1.2863938 0.8804061 2.8508279 1.9359726 1.5926541 3.3774479 3.4023243 7.0725871 3.7233005 3.0144973 2.9497852 3.4649125 3.3037563 2.5749171 3.3850170 3.2201100 3.0873237 3.7698136 3.2350687 3.1073580 3.9811330 3.4376201 3.7909859 3.0634545 3.6180170 3.4201129 4.7350423 2.9233452 3.3655577 3.1488527 3.4333359 3.7980887 3.7073350 3.2440459 3.4812272 2.8527641 3.4154142 2.9246894 4.7996421 2.5140663 2.9544722 2.5551900 3.2228934 
V_MN199009_QIN53285.1_R2R3-MYB_transcription_factor__Selaginella_moellendorffii_                    2.5775109 4.5422632 4.4820375 4.7370921 2.3852247 3.8807858 3.0563519 3.0241121 2.2577861 2.3106058 2.9244719 2.5779437 2.8978836 1.1787411 1.3158284 1.2863938 0.0000000 1.1138836 3.3389574 2.1622825 1.7455308 3.7392221 3.8117252 6.6815587 4.3204139 2.9721322 2.8746951 3.9498539 3.4889444 2.7744870 3.4289621 3.6978607 3.1850510 4.0870928 3.8832270 3.8181665 4.4746186 3.8196350 4.1702356 3.9603146 3.4220148 3.5726983 4.6155289 3.0365405 3.2628392 3.5742140 4.9433154 4.9488959 3.3087644 3.9320329 3.7676883 2.9124791 3.1953685 2.9843800 4.5081753 2.6900844 3.1330952 2.1563476 3.3129248 
V_MN199010_QIN53286.1_R2R3-MYB_transcription_factor__Selaginella_moellendorffii_                    2.2430526 4.7633244 4.6178962 5.0441262 2.1319174 2.9406155 3.0545343 2.8490644 2.1896530 2.2912855 2.9268495 2.5417946 2.3989055 1.1089489 1.1337285 0.8804061 1.1138836 0.0000000 3.3041784 1.9972591 1.6496719 3.4378524 3.2131879 7.6798005 3.5742638 2.4398585 2.5265578 3.7273320 3.3150562 2.4889781 3.9219925 3.3541614 3.2156422 4.5876047 3.6162169 3.3522418 3.8905823 3.8863138 3.7872294 3.4764613 3.7625262 3.7524267 4.6302154 3.6789989 3.2370352 3.4216086 4.3656974 4.3329467 3.6089489 3.1553777 3.4970404 3.4670357 3.4284231 2.5229169 4.2787561 3.1121503 3.1824753 1.7589647 3.2855481 
VI_g8575.t1_length                                                                                  2.2349819 4.8134067 4.9193763 5.6929423 2.7848081 4.3214415 3.7410059 4.4064919 2.7663531 3.1807674 3.3392922 3.4544389 3.6508295 3.6029411 3.4756446 2.8508279 3.3389574 3.3041784 0.0000000 0.0314656 0.0552802 2.3588059 2.5046027 8.9999983 2.5181244 1.5119095 1.4700973 2.6315359 2.1052300 1.8498476 2.8936915 2.7174160 2.8123841 3.0559158 3.4003405 2.8470183 3.0628525 2.9421146 3.1340455 2.6012190 2.9879606 2.8712472 3.7177632 3.6282823 3.0266557 2.9385988 4.3779807 4.3745542 2.9096287 2.8035469 2.6108253 2.2310693 3.1461759 1.4152254 3.5019382 3.6372204 4.4351680 3.9462161 3.2228972 
VI_BBG43567_LC221833_MYB_transcription_factor                                                       1.7520481 3.7937401 3.5218326 3.5218326 2.1716820 2.2393076 2.0319794 2.2140675 1.7676759 1.7013537 2.1174639 2.1694753 2.0566160 2.0437729 2.1237358 1.9359726 2.1622825 1.9972591 0.0314656 0.0000000 0.0634680 0.9991246 1.0175761 8.9999984 0.8845379 1.0577496 1.0097235 0.8876301 0.9067116 1.4548688 1.2187369 1.5055134 1.3907832 1.1992964 1.4117621 1.3916996 1.3763917 1.1990817 1.7162257 1.3187418 1.7496010 1.5605410 3.3128870 1.9468609 2.0263302 1.8017943 3.2116414 2.7672487 1.1664128 1.7092144 1.1421618 1.2914352 1.5533270 1.0702139 1.5966480 1.7007593 2.1120360 2.6719715 1.2025166 
BBG43566_LC221832_Chara_leptospora_mRNA_for_MYB_transcription_factor                                1.3367258 3.2140478 2.9696568 2.9696568 1.7427065 1.8129106 1.7213333 1.8257657 1.5276082 1.5225242 1.6677456 1.5549371 1.6750969 1.6478535 1.7731310 1.5926541 1.7455308 1.6496719 0.0552802 0.0634680 0.0000000 0.7392250 0.6831448 7.5291891 0.7314771 0.7160826 0.6545139 0.7264933 0.7806290 1.1629943 1.0855119 1.1330224 1.1988240 1.0380953 1.0935469 1.2367246 1.2379473 1.1184184 1.2532348 1.1116828 1.3939908 1.1893144 3.4102452 1.4477263 1.5734917 1.5203885 2.3868766 2.0973367 0.9948988 1.3329428 0.9772859 1.1614347 1.2322547 0.7559116 1.2388389 1.7311186 1.6877294 1.9582058 1.1665066 
VI_Mapoly0019s0071.1                                                                                2.0819461 4.5647441 4.4432023 4.5789575 2.4752489 3.6633321 3.7041186 3.4440083 2.7741112 3.1108841 3.4689979 3.2204034 3.4570986 3.1492372 3.6492051 3.3774479 3.7392221 3.4378524 2.3588059 0.9991246 0.7392250 0.0000000 0.6120192 7.9991525 0.8800710 0.3468707 0.3042513 0.7079103 1.2245332 1.4617266 2.0408254 2.3956516 2.0179924 2.2540825 2.4781501 2.2598508 2.3917167 2.0764460 2.6131790 2.3157439 2.9733247 2.5260662 3.5267803 3.1108069 3.0818734 2.6756268 3.8334109 3.8775774 2.4584442 2.7801344 2.3498837 2.2231365 2.5681408 0.3269749 2.9011260 3.4020899 3.5761101 2.7078387 2.3104697 
VI_XM_024688730.1__XP_024544498.1                                                                   2.0782373 4.7917293 4.5972238 4.6669273 2.4690178 3.7954593 3.3398023 3.1564121 3.3434445 2.8896712 3.3804994 2.8602930 3.1708122 3.4871451 3.1365978 3.4023243 3.8117252 3.2131879 2.5046027 1.0175761 0.6831448 0.6120192 0.0000000 8.9999988 0.8820449 0.3542441 0.2864009 0.7869952 1.0162809 1.5146673 1.9621463 1.9031522 1.9796569 2.2927176 2.1811752 1.8605841 2.0081092 1.7250008 2.4005869 2.0842509 2.6126912 2.4711376 3.4052175 2.5049136 2.6459761 2.6141768 3.2002631 2.9293620 2.5065836 2.9153653 2.2515185 1.8110462 2.1135183 0.3762936 2.6166303 3.7307551 4.1714974 2.9126626 2.1747338 
VI_XM_024688710__XP_024544478.1_pentatricopeptide_repeat-containing_protein_At1g11290               6.5992383 7.5230633 6.9230125 7.4650595 6.5085523 5.9806133 6.7096130 7.9757960 5.9941190 5.9920169 7.1970260 5.9472851 7.2240853 7.6325700 7.0908215 7.0725871 6.6815587 7.6798005 8.9999983 8.9999984 7.5291891 7.9991525 8.9999988 0.0000000 8.9999988 8.2514152 8.7358086 8.4396702 8.4363729 8.9999988 7.8962781 6.1288937 6.8206641 8.1088527 6.8769970 6.7625673 8.4646907 6.1609861 8.2750586 6.8887867 5.8698185 7.5475871 7.0614990 6.7488603 6.8598790 6.0128206 8.9999980 8.9999990 8.0099904 6.4278886 6.1663701 7.1799916 5.7495235 8.9999990 7.3336391 5.4350049 5.5901138 8.9999989 6.7929368 
VI_XM_024688389.1_XP_024524157.1_transcription_repressor_MYB4__Selaginella_moellendorffii_          2.0614022 5.2678703 4.9830582 5.1318177 2.5809842 4.1716103 3.9100634 3.5075271 3.3373636 3.4978826 3.7143235 3.5301015 3.8736564 4.1750365 3.6286847 3.7233005 4.3204139 3.5742638 2.5181244 0.8845379 0.7314771 0.8800710 0.8820449 8.9999988 0.0000000 0.4218007 0.3736090 1.0910601 1.1886274 1.4337972 2.1540598 2.6068592 2.2687504 2.4111953 3.0487498 2.5115417 2.7892849 2.1898024 3.0495708 2.6939215 2.5127849 2.8050409 3.4614598 2.9559309 2.7710466 3.1921414 4.0725051 4.2732306 2.3843971 2.7706018 2.4615770 1.9686024 2.6935206 0.3788704 3.2167591 3.5343244 4.2368718 2.9406957 2.8039020 
VI_Sacu_v1.1_s1503.g028048_Myb_transcription_factor__0.077_                                         2.3169711 3.9079771 3.6812187 3.7708593 2.8430591 2.8582788 2.9994742 2.1549611 2.0961501 2.0494066 2.5377726 2.6745617 2.1115504 2.6563703 2.8826720 3.0144973 2.9721322 2.4398585 1.5119095 1.0577496 0.7160826 0.3468707 0.3542441 8.2514152 0.4218007 0.0000000 0.0000010 0.3138991 0.4878960 1.4570414 1.1438951 1.2818858 1.2517647 1.4964119 1.6625046 1.3265758 1.3713575 1.2251222 1.4979330 1.4285695 1.7718780 1.6781392 3.0944515 1.9775472 1.8949391 1.8442002 2.5556654 2.4202132 1.5061774 1.7566178 1.3913120 1.4932545 1.7010483 0.1348557 2.1072720 2.0420167 2.5859777 2.8529324 1.3448721 
VI_Sacu_v1.1_s0147.g023157_Myb_transcription_factor__0.077_                                         2.2454558 4.0909386 3.8261682 3.9278107 2.6098280 2.7586660 2.8596292 2.1961393 2.0710855 2.1285809 2.5191812 2.6297700 2.1347176 2.5296493 2.6613175 2.9497852 2.8746951 2.5265578 1.4700973 1.0097235 0.6545139 0.3042513 0.2864009 8.7358086 0.3736090 0.0000010 0.0000000 0.2481606 0.4832765 1.5166471 1.1977183 1.1881469 1.3044850 1.3822149 1.5549525 1.3207940 1.2149942 1.2038549 1.4384470 1.3376848 1.8607393 1.7332619 3.0944515 2.0374270 1.8990147 1.8903631 2.4640290 2.3649346 1.3871550 1.8744232 1.2695851 1.5138746 1.7368960 0.0830512 2.0599068 1.9161444 2.5616901 2.7321264 1.2779863 
VI_MA_130648p0010_437_residues__                                                                    2.1414019 4.7660585 4.7030852 4.5495620 2.2758154 3.9563558 3.4750918 3.7904307 3.1784323 3.1804285 3.4378716 3.2102961 3.1513844 3.7748264 4.0347432 3.4649125 3.9498539 3.7273320 2.6315359 0.8876301 0.7264933 0.7079103 0.7869952 8.4396702 1.0910601 0.3138991 0.2481606 0.0000000 1.0541546 1.5892340 2.1781893 2.5821738 2.4567507 2.2520910 2.6955720 2.5932617 2.6499180 2.0821009 2.4513411 2.5955831 2.4235738 2.6529906 3.0289105 3.0352310 2.4607865 3.1564320 3.8127575 4.0086382 2.8320287 2.7308349 2.6622348 2.3388065 2.8702144 0.3221439 3.0985195 3.5868338 4.0087296 3.0372137 2.5960368 
VI_AmTr_v1.0_scaffold00111.43_locus_evm_27.TU.AmTr_v1.0_scaffold00111.43                            1.9593955 4.8138873 5.0349467 4.9504995 2.6270938 3.3859041 3.3699453 3.1115115 3.0013705 2.5696350 3.0079046 2.5677165 3.2984281 3.4266440 3.0401963 3.3037563 3.4889444 3.3150562 2.1052300 0.9067116 0.7806290 1.2245332 1.0162809 8.4363729 1.1886274 0.4878960 0.4832765 1.0541546 0.0000000 1.3852160 2.0789283 2.0710985 1.8660816 2.0285641 2.2419199 2.0562819 1.9159135 1.8368593 2.1218468 2.0335685 2.4004196 2.6745839 3.6910791 2.3096796 2.7055605 3.3156406 2.6804823 3.0374749 2.4382902 2.7608301 2.2935442 1.8370289 2.1087992 0.5256469 2.4019439 3.3589333 3.2945425 3.0750599 2.1032655 
VII_HAOX-0009745                                                                                    1.7049646 3.4454722 3.2983626 3.3630130 2.2100098 2.1841508 2.3145258 1.7310206 1.7458815 1.8055148 1.7795080 1.9551176 1.9929819 2.6446098 2.7584232 2.5749171 2.7744870 2.4889781 1.8498476 1.4548688 1.1629943 1.4617266 1.5146673 8.9999988 1.4337972 1.4570414 1.5166471 1.5892340 1.3852160 0.0000000 0.7567781 0.8887936 1.0451333 0.9731201 1.0968071 0.7473805 0.7024652 0.7247670 0.7804791 0.6904266 1.3014917 1.3340642 2.9242851 1.5307725 1.6970129 1.4097080 2.4585722 2.6271773 0.9571066 1.7023739 1.0640854 1.4464275 1.4957525 1.4988398 1.5532599 1.8511906 2.1730042 2.4642672 0.6440589 
VII_Mp3g05910.1                                                                                     1.5737074 4.3477703 4.5578565 4.9289203 2.3338269 3.9447029 3.4195492 3.7769972 3.1383724 3.1849344 2.8846468 3.0682404 3.0698943 4.1973320 3.5952107 3.3850170 3.4289621 3.9219925 2.8936915 1.2187369 1.0855119 2.0408254 1.9621463 7.8962781 2.1540598 1.1438951 1.1977183 2.1781893 2.0789283 0.7567781 0.0000000 1.4275927 1.7016074 1.6112348 1.9021008 1.0120432 0.9995180 1.0042111 1.3106958 1.4372323 2.0282105 2.2244589 3.3252173 2.7269948 2.0587040 2.4568362 3.1580714 4.4328312 1.4006657 2.5536480 1.5168683 2.0349247 2.3347304 1.2011333 1.9191447 3.3323219 3.8152798 2.8577198 1.4725894 
VII_ENA_MN199011_MN199011.1_Selaginella_moellendorffii                                              1.9062832 5.0416413 4.9461905 5.1870790 2.5369643 4.0015923 3.6587282 3.1323442 2.8127401 3.3816331 3.1462113 3.4067447 3.4574182 3.9224961 3.6545868 3.2201100 3.6978607 3.3541614 2.7174160 1.5055134 1.1330224 2.3956516 1.9031522 6.1288937 2.6068592 1.2818858 1.1881469 2.5821738 2.0710985 0.8887936 1.4275927 0.0000000 2.0779719 1.9425691 2.1234185 1.5067952 1.5258890 1.7735077 1.5811605 1.4770650 2.0976038 2.3766227 2.8281023 2.4423944 2.2800943 2.9874551 3.3035313 4.6834962 2.1527748 2.4255298 2.2672994 1.6538448 2.6194306 1.3873457 2.3383387 3.7034848 3.9964301 3.4861242 1.9045335 
VII_Sacu_v1.1_s0002.g001222_Myb_transcription_factor__0.077_                                        1.7638400 4.0619055 4.1323371 4.2641760 2.7018593 4.1637674 3.7570257 3.1034273 2.6982866 3.5573692 3.2658228 3.5527067 3.6833720 4.0829516 3.3120599 3.0873237 3.1850510 3.2156422 2.8123841 1.3907832 1.1988240 2.0179924 1.9796569 6.8206641 2.2687504 1.2517647 1.3044850 2.4567507 1.8660816 1.0451333 1.7016074 2.0779719 0.0000000 1.5530646 1.8356454 1.9105640 1.8714307 1.4400535 1.9041788 1.8049318 1.7991220 2.5256046 2.9942631 2.7692267 2.4291507 2.3304450 3.2242311 3.4542023 1.3888436 2.5988719 1.4390551 2.2229757 2.5116700 1.3536971 2.1741959 3.2515344 3.5316997 2.9494800 1.9573483 
VII_Sacu_v1.1_s0041.g012546_Myb_transcription_factor__0.077_                                        1.7469790 5.7285141 5.4711474 5.6778998 2.5083002 4.5648220 3.6187688 3.6082195 3.0008904 3.3261156 3.7361773 3.1246640 3.6369447 4.6253367 4.0232239 3.7698136 4.0870928 4.5876047 3.0559158 1.1992964 1.0380953 2.2540825 2.2927176 8.1088527 2.4111953 1.4964119 1.3822149 2.2520910 2.0285641 0.9731201 1.6112348 1.9425691 1.5530646 0.0000000 1.8951411 1.7992682 1.7533271 1.5648388 2.1361170 1.8801332 2.0452137 2.2847641 3.6766076 2.4360624 2.4156940 2.4496913 3.3782473 3.9933446 1.0675481 2.5448118 1.5598100 1.7197567 2.2973770 1.4958780 2.7834757 3.4102498 4.3167641 2.9931737 2.0426418 
VII_Sacu_v1.1_s0272.g027033_Myb_transcription_factor__0.077_                                        2.0900735 5.5360113 5.4552162 5.0442685 2.5753199 4.2679195 2.8827930 3.3974604 2.9692291 3.3086171 3.1815346 3.5297331 3.3466866 3.4415838 3.4711077 3.2350687 3.8832270 3.6162169 3.4003405 1.4117621 1.0935469 2.4781501 2.1811752 6.8769970 3.0487498 1.6625046 1.5549525 2.6955720 2.2419199 1.0968071 1.9021008 2.1234185 1.8356454 1.8951411 0.0000000 1.6654397 2.0371230 1.8855529 2.1621651 1.9023255 1.8718164 2.3181777 3.3727732 2.2722253 2.2884185 2.3526156 3.7131920 4.0024403 1.7817286 2.4664198 1.4537840 2.2253759 2.3264248 1.7698056 2.3774795 3.6061728 3.9824846 3.0136554 2.3926317 
VII_MA_96853p0010_582_residues__                                                                    1.7562439 4.7729048 4.4512065 4.1500167 2.2548146 3.5390770 3.2653285 3.5565677 2.8003847 2.7890810 2.7608329 2.9620412 3.0442413 3.8399540 3.4487664 3.1073580 3.8181665 3.3522418 2.8470183 1.3916996 1.2367246 2.2598508 1.8605841 6.7625673 2.5115417 1.3265758 1.3207940 2.5932617 2.0562819 0.7473805 1.0120432 1.5067952 1.9105640 1.7992682 1.6654397 0.0000000 0.8387169 1.3229644 1.2252828 1.0967065 1.8378336 2.1173292 3.8565238 2.9906866 2.2165442 2.3695467 2.9717421 3.8073417 1.7850130 2.6727055 1.6468917 2.2759351 2.3217830 1.3046676 2.3803048 3.4228439 3.9505826 2.8619377 1.3803449 
VII_MA_10208000p0010_602_residues__                                                                 1.8806065 5.0238311 4.9485131 4.8032379 2.4421401 3.9414386 3.2045066 3.4649233 2.9926042 2.9795355 2.6968156 3.0615255 3.1558931 4.4439905 4.4661928 3.9811330 4.4746186 3.8905823 3.0628525 1.3763917 1.2379473 2.3917167 2.0081092 8.4646907 2.7892849 1.3713575 1.2149942 2.6499180 1.9159135 0.7024652 0.9995180 1.5258890 1.8714307 1.7533271 2.0371230 0.8387169 0.0000000 1.3013508 0.9338089 1.1894604 2.0787742 2.3297320 3.6269184 2.9290337 2.1023674 2.4467212 3.2897332 4.5275911 1.6650236 2.8903513 1.7055298 2.0882719 2.3067609 1.3236271 2.4369715 3.3229140 4.3902416 3.1058621 1.4505845 
VII_MA_20462p0010_470_residues__                                                                    1.6642091 3.9571815 3.8271618 4.0156399 2.2346666 3.4592811 3.2721279 3.6249346 2.6446632 2.9830803 2.8189658 3.1448976 3.2460578 4.2200341 3.7657783 3.4376201 3.8196350 3.8863138 2.9421146 1.1990817 1.1184184 2.0764460 1.7250008 6.1609861 2.1898024 1.2251222 1.2038549 2.0821009 1.8368593 0.7247670 1.0042111 1.7735077 1.4400535 1.5648388 1.8855529 1.3229644 1.3013508 0.0000000 1.4763534 1.3214460 1.6736814 1.9644351 3.0472377 2.4667450 1.9048379 2.0091207 2.8309107 3.6037409 1.6447829 2.3505794 1.5354986 2.0128395 2.2391202 1.3335602 2.2418914 3.0306343 3.3496723 2.5548964 1.6331638 
VII_AmTr_v1.0_scaffold00038.91                                                                      1.5696004 4.2025083 4.1815787 4.1842750 2.0728873 3.7388533 3.8312876 3.3497397 2.8625278 3.2869688 3.1317692 3.2142823 3.1045598 4.1779563 3.9044227 3.7909859 4.1702356 3.7872294 3.1340455 1.7162257 1.2532348 2.6131790 2.4005869 8.2750586 3.0495708 1.4979330 1.4384470 2.4513411 2.1218468 0.7804791 1.3106958 1.5811605 1.9041788 2.1361170 2.1621651 1.2252828 0.9338089 1.4763534 0.0000000 1.3697430 1.9250524 2.3446071 3.5292650 2.7575646 2.4436076 2.7865114 4.1314555 4.8702596 1.8923005 2.9971908 1.9491875 1.7660619 2.5002994 1.5735513 2.8540133 3.6291580 4.1610056 2.8518417 1.2425005 
VII_AmTr_v1.0_scaffold00037.85                                                                      1.6276216 4.4198307 4.4352864 4.3689559 1.9287435 3.9575201 3.8865060 3.3210514 2.6469403 3.2014225 3.2629652 2.9410604 3.4577727 3.9493447 3.6625628 3.0634545 3.9603146 3.4764613 2.6012190 1.3187418 1.1116828 2.3157439 2.0842509 6.8887867 2.6939215 1.4285695 1.3376848 2.5955831 2.0335685 0.6904266 1.4372323 1.4770650 1.8049318 1.8801332 1.9023255 1.0967065 1.1894604 1.3214460 1.3697430 0.0000000 1.9240953 2.3065599 3.6689161 2.4188383 2.1220438 2.2813723 3.4665941 4.2518820 1.8667620 2.4655832 1.7831775 1.9317140 2.5397808 1.4510712 2.4551692 3.0711740 3.9198056 3.0738834 1.3908020 
VIII_MN199016_QIN53292.1_R2R3-MYB_transcription_factor__Selaginella_moellendorffii_                 1.4686708 5.2064142 5.2537156 5.3562167 2.2366841 3.5569507 3.2742673 3.4229102 2.2052155 2.6316061 2.7521239 3.0360552 3.6003681 4.4599180 3.8359790 3.6180170 3.4220148 3.7625262 2.9879606 1.7496010 1.3939908 2.9733247 2.6126912 5.8698185 2.5127849 1.7718780 1.8607393 2.4235738 2.4004196 1.3014917 2.0282105 2.0976038 1.7991220 2.0452137 1.8718164 1.8378336 2.0787742 1.6736814 1.9250524 1.9240953 0.0000000 1.5079836 2.6663543 1.4753938 1.8543886 1.8255633 3.9969901 3.6211751 2.1027693 1.4668497 2.0509920 1.8391028 1.5868512 1.8303070 1.9581676 2.8973024 3.0655231 2.2751859 1.9458824 
VIII_XM_024668296.1_XP_024524064.1_transcription_factor_MYB26__Selaginella_moellendorffii_          1.3617532 4.7800565 4.6949178 4.8533858 2.1998195 3.8280706 3.0409964 3.9765374 3.4172067 3.0747692 2.9211307 3.8417983 3.9588645 4.0771130 3.3500522 3.4201129 3.5726983 3.7524267 2.8712472 1.5605410 1.1893144 2.5260662 2.4711376 7.5475871 2.8050409 1.6781392 1.7332619 2.6529906 2.6745839 1.3340642 2.2244589 2.3766227 2.5256046 2.2847641 2.3181777 2.1173292 2.3297320 1.9644351 2.3446071 2.3065599 1.5079836 0.0000000 3.9995461 1.9208074 1.8603302 2.2111028 4.0608274 4.0817711 2.1814232 1.9390697 2.5162768 1.5182851 1.5701094 1.7846360 2.0656471 3.2194857 3.1574015 2.3764904 2.2498610 
VIII_Mapoly0073s0075_PTQ35204.1_hypothetical_protein_MARPO_0073s0075__Marchantia_polymorpha_        4.7924472 5.1721871 6.0185505 5.7001185 3.2470698 3.4419719 3.9859634 3.5324642 3.8204503 3.7254280 3.3319555 3.3205458 3.3768910 5.0529326 4.0987217 4.7350423 4.6155289 4.6302154 3.7177632 3.3128870 3.4102452 3.5267803 3.4052175 7.0614990 3.4614598 3.0944515 3.0944515 3.0289105 3.6910791 2.9242851 3.3252173 2.8281023 2.9942631 3.6766076 3.3727732 3.8565238 3.6269184 3.0472377 3.5292650 3.6689161 2.6663543 3.9995461 0.0000000 3.7605576 3.3994412 2.5091782 4.3446364 3.3767120 3.1005829 4.2031160 3.0356343 4.2818399 3.8401655 3.0944515 4.5112410 3.1110220 3.5930562 2.4890573 3.5339675 
VIII_Mapoly0006s0226_PTQ48220.1_hypothetical_protein_MARPO_0006s0226__Marchantia_polymorpha_        1.7977881 5.0392462 5.1618597 4.9519137 2.6702546 4.0660024 3.1835294 3.6789834 2.8150151 3.2272564 3.6324842 3.5433392 3.9762306 3.6578401 3.3375377 2.9233452 3.0365405 3.6789989 3.6282823 1.9468609 1.4477263 3.1108069 2.5049136 6.7488603 2.9559309 1.9775472 2.0374270 3.0352310 2.3096796 1.5307725 2.7269948 2.4423944 2.7692267 2.4360624 2.2722253 2.9906866 2.9290337 2.4667450 2.7575646 2.4188383 1.4753938 1.9208074 3.7605576 0.0000000 1.6228048 1.4719749 4.0880682 4.6331106 2.5781947 1.8041191 2.9736553 2.1397150 2.0618293 2.1212067 1.7402269 3.1282779 3.2512110 2.7506347 2.8548907 
VIII_XM_024680104.1_XP_024535872.1_transcription_factor_MYB8-like__Selaginella_moellendorffii_      1.7056525 4.9269160 4.7445598 4.9581152 2.8588905 3.5956226 3.0619433 3.5350450 3.1552148 2.8562867 3.3509109 3.3060220 3.6908601 3.2294831 2.9345424 3.3655577 3.2628392 3.2370352 3.0266557 2.0263302 1.5734917 3.0818734 2.6459761 6.8598790 2.7710466 1.8949391 1.8990147 2.4607865 2.7055605 1.6970129 2.0587040 2.2800943 2.4291507 2.4156940 2.2884185 2.2165442 2.1023674 1.9048379 2.4436076 2.1220438 1.8543886 1.8603302 3.3994412 1.6228048 0.0000000 1.4551826 4.1377933 3.9435031 2.2179296 1.6711248 2.5407358 1.8878915 2.0464111 2.1204015 1.5736349 3.6720402 3.9250922 2.8372480 2.3295317 
VIII_MN199020_QIN53296.1_R2R3-MYB_transcription_factor__Selaginella_moellendorffii_                 1.6429121 4.9618989 4.7476692 4.5098368 2.3359819 3.8043524 3.4506889 3.3767927 2.6701745 2.8791639 3.0016740 3.0926484 3.4945582 3.6503060 3.6480075 3.1488527 3.5742140 3.4216086 2.9385988 1.8017943 1.5203885 2.6756268 2.6141768 6.0128206 3.1921414 1.8442002 1.8903631 3.1564320 3.3156406 1.4097080 2.4568362 2.9874551 2.3304450 2.4496913 2.3526156 2.3695467 2.4467212 2.0091207 2.7865114 2.2813723 1.8255633 2.2111028 2.5091782 1.4719749 1.4551826 0.0000000 3.5767529 3.6958046 2.4713685 1.8758580 2.6127724 2.4187848 1.9975256 1.8702677 1.9994528 3.3028843 3.9304386 2.7443770 2.3958280 
ARP_XM_002962269.2_XP_002962315.1_transcription_factor_AS1__Selaginella_moellendorffii_             3.2088784 6.3081105 6.0111683 5.9556863 3.1865509 5.7426247 3.9474906 4.1836508 3.6801387 4.1962378 3.6657515 3.3830173 3.6407487 5.1677102 4.0835910 3.4333359 4.9433154 4.3656974 4.3779807 3.2116414 2.3868766 3.8334109 3.2002631 8.9999980 4.0725051 2.5556654 2.4640290 3.8127575 2.6804823 2.4585722 3.1580714 3.3035313 3.2242311 3.3782473 3.7131920 2.9717421 3.2897332 2.8309107 4.1314555 3.4665941 3.9969901 4.0608274 4.3446364 4.0880682 4.1377933 3.5767529 0.0000000 1.5347099 3.1477322 4.2004576 3.0828303 3.0422205 4.0999411 2.4799096 3.9095562 4.2122578 4.7696919 3.0010114 3.9751354 
ARP_Mapoly0040s0004_PTQ40315.1_hypothetical_protein_MARPO_0040s0004__Marchantia_polymorpha_         3.4455855 5.6148911 5.4493262 5.4471176 3.3389346 5.4914606 4.0315429 5.0459102 3.9583518 4.9151008 4.0254211 3.9621062 4.3617434 4.5541834 4.6182399 3.7980887 4.9488959 4.3329467 4.3745542 2.7672487 2.0973367 3.8775774 2.9293620 8.9999990 4.2732306 2.4202132 2.3649346 4.0086382 3.0374749 2.6271773 4.4328312 4.6834962 3.4542023 3.9933446 4.0024403 3.8073417 4.5275911 3.6037409 4.8702596 4.2518820 3.6211751 4.0817711 3.3767120 4.6331106 3.9435031 3.6958046 1.5347099 0.0000000 4.5536563 4.0515648 4.0187879 3.3194577 4.5231731 2.4462996 4.0525522 4.8405177 4.1529220 2.9594975 4.0909655 
Azfi_s0004.g008455                                                                                  1.5415484 5.5452828 5.5009270 5.3104984 2.2988542 3.8378373 3.3833878 3.2129227 3.1313821 3.2911983 2.9785000 2.9113929 2.9463702 4.1841639 3.0964076 3.7073350 3.3087644 3.6089489 2.9096287 1.1664128 0.9948988 2.4584442 2.5065836 8.0099904 2.3843971 1.5061774 1.3871550 2.8320287 2.4382902 0.9571066 1.4006657 2.1527748 1.3888436 1.0675481 1.7817286 1.7850130 1.6650236 1.6447829 1.8923005 1.8667620 2.1027693 2.1814232 3.1005829 2.5781947 2.2179296 2.4713685 3.1477322 4.5536563 0.0000000 2.1898761 1.4654426 1.8302210 2.2574128 1.3848296 2.6074337 3.6496052 4.3230530 3.0935010 1.8439247 
Azfi_s0014.g013584                                                                                  1.5226670 5.2336875 5.1360402 5.4507782 2.6197916 4.0343392 3.5393976 3.9494596 2.6903218 2.6637434 3.1589390 3.0788485 3.3167861 3.5261086 3.3505793 3.2440459 3.9320329 3.1553777 2.8035469 1.7092144 1.3329428 2.7801344 2.9153653 6.4278886 2.7706018 1.7566178 1.8744232 2.7308349 2.7608301 1.7023739 2.5536480 2.4255298 2.5988719 2.5448118 2.4664198 2.6727055 2.8903513 2.3505794 2.9971908 2.4655832 1.4668497 1.9390697 4.2031160 1.8041191 1.6711248 1.8758580 4.2004576 4.0515648 2.1898761 0.0000000 2.6033988 1.8868669 2.2158041 1.9517563 1.9342739 3.6167020 3.4092654 2.6155132 2.6642561 
Azfi_s0021.g015882                                                                                  1.7379915 4.8431162 4.8191326 4.6101299 2.2957442 4.3828732 3.5578522 3.4102891 2.9634901 2.9174749 3.0238020 3.0969349 3.1694208 4.5563242 3.2403226 3.4812272 3.7676883 3.4970404 2.6108253 1.1421618 0.9772859 2.3498837 2.2515185 6.1663701 2.4615770 1.3913120 1.2695851 2.6622348 2.2935442 1.0640854 1.5168683 2.2672994 1.4390551 1.5598100 1.4537840 1.6468917 1.7055298 1.5354986 1.9491875 1.7831775 2.0509920 2.5162768 3.0356343 2.9736553 2.5407358 2.6127724 3.0828303 4.0187879 1.4654426 2.6033988 0.0000000 2.2338155 2.4133495 1.3875309 2.6690507 3.8386119 3.9841042 3.0819889 1.8215535 
Azfi_s0035.g025508                                                                                  1.2950441 5.0799666 5.0178739 4.7387352 2.4542578 3.1280231 2.8830263 3.3739212 2.2564790 2.6671375 2.9629342 3.4751323 3.2567884 3.4965135 3.3946620 2.8527641 2.9124791 3.4670357 2.2310693 1.2914352 1.1614347 2.2231365 1.8110462 7.1799916 1.9686024 1.4932545 1.5138746 2.3388065 1.8370289 1.4464275 2.0349247 1.6538448 2.2229757 1.7197567 2.2253759 2.2759351 2.0882719 2.0128395 1.7660619 1.9317140 1.8391028 1.5182851 4.2818399 2.1397150 1.8878915 2.4187848 3.0422205 3.3194577 1.8302210 1.8868669 2.2338155 0.0000000 1.8368046 1.4652668 1.8173240 2.8282038 2.8870585 2.3009165 2.1245917 
Azfi_s0041.g026722                                                                                  1.3240926 4.6717445 5.0125547 5.4192611 2.4714852 3.9305293 3.1475546 3.6319811 2.9447998 3.2949880 3.1913935 3.1224178 3.1064351 4.0622401 3.2095851 3.4154142 3.1953685 3.4284231 3.1461759 1.5533270 1.2322547 2.5681408 2.1135183 5.7495235 2.6935206 1.7010483 1.7368960 2.8702144 2.1087992 1.4957525 2.3347304 2.6194306 2.5116700 2.2973770 2.3264248 2.3217830 2.3067609 2.2391202 2.5002994 2.5397808 1.5868512 1.5701094 3.8401655 2.0618293 2.0464111 1.9975256 4.0999411 4.5231731 2.2574128 2.2158041 2.4133495 1.8368046 0.0000000 1.7234965 1.9155901 2.9687403 2.9717826 2.9527228 2.2128419 
Azfi_s0076.g037908                                                                                  2.3984865 3.9128986 3.6715347 3.6527859 2.8826584 3.0035057 3.0969893 2.3189441 2.1058898 2.3343718 2.4738668 2.4724236 2.2734949 2.6761304 2.8176571 2.9246894 2.9843800 2.5229169 1.4152254 1.0702139 0.7559116 0.3269749 0.3762936 8.9999990 0.3788704 0.1348557 0.0830512 0.3221439 0.5256469 1.4988398 1.2011333 1.3873457 1.3536971 1.4958780 1.7698056 1.3046676 1.3236271 1.3335602 1.5735513 1.4510712 1.8303070 1.7846360 3.0944515 2.1212067 2.1204015 1.8702677 2.4799096 2.4462996 1.3848296 1.9517563 1.3875309 1.4652668 1.7234965 0.0000000 2.0347020 2.0926263 2.7399589 3.3081398 1.3775615 
Azfi_s0129.g048859                                                                                  1.7887819 4.2495617 4.4210739 4.5933012 2.8373731 4.1271754 3.5179807 4.6588496 3.4909026 3.6895282 3.9161479 3.5655962 4.2010017 4.5811368 4.5025836 4.7996421 4.5081753 4.2787561 3.5019382 1.5966480 1.2388389 2.9011260 2.6166303 7.3336391 3.2167591 2.1072720 2.0599068 3.0985195 2.4019439 1.5532599 1.9191447 2.3383387 2.1741959 2.7834757 2.3774795 2.3803048 2.4369715 2.2418914 2.8540133 2.4551692 1.9581676 2.0656471 4.5112410 1.7402269 1.5736349 1.9994528 3.9095562 4.0525522 2.6074337 1.9342739 2.6690507 1.8173240 1.9155901 2.0347020 0.0000000 4.1066419 3.7128292 3.1026378 2.5030773 
R1R2R3_MN199004_QIN53280.1_R1R2R3-MYB_protein__Selaginella_moellendorffii_                          2.4493434 4.2907900 4.2898185 5.0387737 1.5146011 2.5550809 2.0043189 2.8893257 2.1618125 2.1952990 2.7053672 2.5233035 2.9938818 2.8913097 3.0733923 2.5140663 2.6900844 3.1121503 3.6372204 1.7007593 1.7311186 3.4020899 3.7307551 5.4350049 3.5343244 2.0420167 1.9161444 3.5868338 3.3589333 1.8511906 3.3323219 3.7034848 3.2515344 3.4102498 3.6061728 3.4228439 3.3229140 3.0306343 3.6291580 3.0711740 2.8973024 3.2194857 3.1110220 3.1282779 3.6720402 3.3028843 4.2122578 4.8405177 3.6496052 3.6167020 3.8386119 2.8282038 2.9687403 2.0926263 4.1066419 0.0000000 0.7741547 0.9641012 3.2216435 
R1R2R3_Mapoly0036s0107_PTQ41127.1_hypothetical_protein_MARPO_0036s0107__Marchantia_polymorpha_      3.1043945 5.0438193 4.9266374 4.7972309 1.7936184 3.2237851 2.4837967 3.2697075 2.3133002 2.4128775 2.8616069 3.0404303 3.3064955 3.4808017 3.5534753 2.9544722 3.1330952 3.1824753 4.4351680 2.1120360 1.6877294 3.5761101 4.1714974 5.5901138 4.2368718 2.5859777 2.5616901 4.0087296 3.2945425 2.1730042 3.8152798 3.9964301 3.5316997 4.3167641 3.9824846 3.9505826 4.3902416 3.3496723 4.1610056 3.9198056 3.0655231 3.1574015 3.5930562 3.2512110 3.9250922 3.9304386 4.7696919 4.1529220 4.3230530 3.4092654 3.9841042 2.8870585 2.9717826 2.7399589 3.7128292 0.7741547 0.0000000 1.3430357 3.9705624 
