75
CDC5_XM_024686040.1_XP_024541808.1_cell_division_cycle_5-like_protein                                            0.0000000 0.0221206 0.2370211 4.1223128 4.7833901 6.9125822 6.2613390 6.1773902 7.5405609 8.2264537 6.1737902 6.7041850 6.1084082 5.3253310 4.9639339 4.8619629 5.0154711 6.3322830 4.3445263 3.8870048 6.6461409 5.6044470 6.5264831 4.4870388 4.5601220 6.6669827 5.4307736 4.2723945 4.5212449 5.2868922 5.3546433 5.0106969 4.3558528 4.5490032 5.0639432 4.2754782 5.1905048 5.5404377 6.6250364 5.0353693 5.1109575 6.0987756 5.3630210 5.6011641 5.1943017 6.7621838 4.3019731 6.1333016 5.0579042 4.2008698 5.9925204 4.8702305 6.1201709 3.5697661 4.0734089 6.0793297 5.5026772 5.6001991 3.6160040 5.1639126 3.7414359 3.5297999 3.5826456 7.8983598 5.3663174 7.7398841 4.7983653 4.4979099 5.4911193 5.1943017 4.3019731 5.8785838 3.7249221 6.0768982 8.9999988 
CDC5_XM_002981114.2_XP_002981160.1_cell_division_cycle_5-like_protein__Selaginella_moellendorffii_               0.0221206 0.0000000 0.2702291 4.0808608 5.0569358 7.3189915 6.4110404 5.9867350 8.7445746 8.8498564 6.4057842 7.3448726 6.3316218 5.4739605 5.0971864 4.4690491 5.2216950 6.0127648 4.0137720 3.5526367 6.8074207 6.1161497 6.2512223 4.1330657 4.1727467 6.5010473 5.1413518 4.2073787 4.5748009 5.0931497 5.5053955 4.9797829 4.8944981 4.6450157 5.2360514 4.7499561 5.7463877 5.5600167 6.4410140 5.2615111 5.4647397 5.7634104 5.6397530 6.0976098 5.0962201 6.5008542 4.7239859 5.7946105 5.7262298 3.8569353 6.3275539 5.4859427 6.7802621 3.5983757 3.8815881 5.8491788 5.3659691 5.9667141 3.6857653 5.3300371 3.6689060 3.6990984 3.4078892 7.7150361 6.0331882 7.0967427 5.2873677 4.4029185 5.1887553 5.0962201 4.7239859 5.8881467 3.7009852 6.8032445 8.9246955 
CDC5_Mapoly0014s0195_PTQ45693.1_hypothetical_protein_MARPO_0014s0195__Marchantia_polymorpha_                     0.2370211 0.2702291 0.0000000 3.8886509 4.6083801 7.3519965 6.3450118 5.8157056 7.0714681 7.2298611 6.5351362 5.9738563 5.9171243 4.5849351 4.8225319 4.8879047 4.6814375 6.5153075 4.0137720 3.5526367 5.8402324 5.7843250 6.2410002 4.8841187 4.9899676 6.7902085 6.3231695 4.1367355 4.8848466 5.4060825 5.6336280 6.0018632 5.7661706 4.5838382 5.0126310 4.8018859 5.9936652 4.7432158 6.2422943 5.0926976 5.2270250 6.1103218 5.3874260 6.0732750 5.7069090 6.3482282 5.1877872 5.3811338 5.5745093 4.4744305 6.4191592 5.2422632 6.2797163 3.7737522 3.8585734 5.5581066 5.7667055 5.9548523 3.7062709 5.1478889 4.0345109 3.7297991 3.6671888 8.4029176 5.4636586 7.3374197 4.6470229 5.0266885 6.1863902 5.7069090 5.1877872 6.5014597 3.5853065 5.6790832 8.0621976 
I_Mapoly0085s0092_PTQ33890.1_hypothetical_protein_MARPO_0085s0092__Marchantia_polymorpha_                        4.1223128 4.0808608 3.8886509 0.0000000 1.6901406 1.5222255 2.0105552 1.6364459 2.0960950 2.0320721 2.1884390 2.1274928 2.4646602 2.0376014 2.1850409 2.1105700 1.8949489 2.7047704 1.9437073 1.9559095 3.1918842 2.6173491 2.5186452 2.2298554 2.1430898 3.3716221 2.8669228 1.8585776 1.9629467 2.3576605 2.9248003 2.2141040 2.0530258 2.3085646 2.0757136 2.3836877 2.4042357 2.1772966 2.2416826 2.3678501 2.3243094 2.6188886 2.8000443 2.6217188 2.1739321 2.3726664 2.3035798 2.8707332 2.0847110 2.4576038 2.3726323 1.9161665 1.8857149 1.4144921 1.4813796 1.6886155 1.8490618 2.4421396 1.8203726 2.1787294 1.6236732 1.9348355 1.6453804 2.8324216 2.3755123 2.4771214 2.3359090 2.1282360 2.8197484 2.1739321 2.3035798 2.1848335 1.8995386 5.3675435 3.2750949 
II_Mapoly0001s0061_PTQ49997.1_hypothetical_protein_MARPO_0001s0061__Marchantia_polymorpha_                       4.7833901 5.0569358 4.6083801 1.6901406 0.0000000 1.7715085 3.1502605 3.1094392 2.7848091 3.2125949 2.7247469 3.0577113 3.6824091 2.7910570 2.6612002 3.7516837 2.9753877 4.6375448 2.4211397 1.8640734 4.5745134 4.1732049 3.8284227 2.4534847 2.3819915 4.4031622 3.8507940 2.2094338 4.0663885 3.2776311 5.2204622 4.0031485 3.7843290 3.6489924 3.4803378 3.4679635 4.4853362 3.0367595 3.1625381 3.2991689 4.2474702 4.2933950 3.8921323 3.1879941 3.3890250 3.7403244 3.7168530 3.1336732 3.2314365 2.6727969 3.2663811 2.4600405 2.4080388 1.7092059 1.5137164 1.7293906 1.5890188 2.8494115 2.2890318 2.5323692 2.3780522 2.4431291 2.1596486 4.0342713 3.8858581 4.1678694 3.6258015 2.9324331 3.7763817 3.3890250 3.7168530 3.9658195 1.8715410 8.9999987 5.4612721 
III_XM_002991980.2_XP_002992026.2_myb-related_protein_B__Selaginella_moellendorffii_                             6.9125822 7.3189915 7.3519965 1.5222255 1.7715085 0.0000000 2.9410956 2.4408139 3.6120886 3.4307296 3.0483034 3.2615506 3.5421474 2.7718672 2.4297640 3.2443798 2.5492420 3.7922557 2.1820055 2.1221830 4.6764697 3.9186457 4.0360457 2.3955850 2.3362317 4.5670224 3.4968299 2.0646729 4.4275054 3.8288474 4.6981390 3.7951256 4.3221538 4.3532429 3.9761393 3.6842931 3.8324767 3.4315544 3.3154795 3.2542480 3.7373803 4.2432908 3.9090374 4.6101245 3.8502570 3.6370529 4.3836505 3.0731879 3.0750180 2.6288682 4.2883301 2.6115898 2.2948991 1.8904592 1.3761862 2.0294490 1.7532737 3.0936367 2.6052975 2.6662325 2.8227138 2.7007299 2.2462973 3.8697794 4.1139329 4.3635949 3.6764766 3.2551236 3.8056728 3.8502570 4.3836505 4.0158065 2.0901391 6.6661730 4.7274664 
III_Mapoly0007s0271_PTQ47916.1_hypothetical_protein_MARPO_0007s0271__Marchantia_polymorpha_                      6.2613390 6.4110404 6.3450118 2.0105552 3.1502605 2.9410956 0.0000000 1.0563326 1.7791926 1.7674661 1.5942131 1.5796953 3.1459495 2.1485680 2.0390790 2.7136647 2.6420241 4.4693942 3.1460363 2.2268113 3.7779460 3.5057926 3.7231359 1.9806600 1.9433756 3.6697421 3.5784849 1.9824161 3.2507791 3.3340854 3.3428999 3.9012990 3.5782938 3.6559718 3.1968066 3.7416140 3.6144431 2.7848624 3.3783990 3.6867828 3.7911438 3.7021305 3.4725934 2.9923760 3.1680711 3.6972044 3.7807214 3.2574567 3.5335948 2.3399179 3.4552580 2.7854184 2.7341605 2.1190093 2.3878858 2.9610896 2.5238473 1.9322164 1.3339580 1.6815071 1.9844329 2.2555156 1.8373959 4.0041447 3.7175102 3.6708221 3.6409342 4.0632698 3.7507976 3.1680711 3.7807214 3.6702642 1.7890125 6.6471580 4.5148190 
III_XM_002971992.2_XP_002972038.2_transcription_factor_MYB1__Selaginella_moellendorffii_                         6.1773902 5.9867350 5.8157056 1.6364459 3.1094392 2.4408139 1.0563326 0.0000000 1.3209838 1.3902902 1.4920300 1.4256637 2.2701860 2.1159914 2.0043534 2.3495771 2.0527994 3.4108237 2.8114964 2.1225349 2.7081607 2.7344187 2.5837117 1.7181291 1.6114312 2.8851925 2.7210185 1.5550202 2.2915535 2.2140368 2.5585235 2.7494661 2.4746422 2.5619748 2.6078004 2.4438201 2.3624979 2.1473183 2.5140880 2.9914565 2.7737006 2.7045261 2.7572193 2.9200246 2.6268062 2.4537096 2.4261478 2.7514758 2.4359828 1.7110220 2.7430713 2.1145953 1.9618010 1.6770672 1.9636790 2.6707066 2.2422811 1.6134483 1.0737567 1.1838256 1.8838767 2.0161424 1.8387250 2.7654363 2.2943031 2.7506827 2.5290731 3.1267902 2.6145419 2.6268062 2.4261478 2.6777296 1.7103947 6.0079003 3.8525873 
IV_MN199005_QIN53281.1_R2R3-MYB_transcription_factor__Selaginella_moellendorffii_                                7.5405609 8.7445746 7.0714681 2.0960950 2.7848091 3.6120886 1.7791926 1.3209838 0.0000000 0.9082430 1.0630590 1.1477967 3.1990302 2.4653311 2.6359742 2.6489928 2.3041193 4.4476371 2.8180208 1.9434872 3.5245672 3.0749912 3.9807768 1.9209534 1.9273950 3.7284078 2.7627796 2.0522823 3.7398821 3.9658367 3.8034008 3.6366281 4.1122268 3.7804665 3.7673918 2.8352466 3.8217058 3.0906947 3.3883308 3.6722007 3.5143863 3.7520303 3.2864173 3.4397026 3.4974557 3.8297425 3.8510637 2.7028748 3.6416915 2.1917542 3.8797348 2.4858320 2.5350955 1.6919371 2.2026256 2.9717242 2.4189284 2.2078696 0.9138535 1.1895732 2.2254468 1.9054615 2.2453613 3.4308757 3.4355446 4.3225729 2.9391762 3.5816457 4.1929118 3.4974557 3.8510637 3.9864845 1.7433575 7.3101742 3.3513996 
IV_MN199007_QIN53283.1_R2R3-MYB_transcription_factor__Selaginella_moellendorffii_                                8.2264537 8.8498564 7.2298611 2.0320721 3.2125949 3.4307296 1.7674661 1.3902902 0.9082430 0.0000000 1.0370969 0.9987808 3.1258763 2.5110759 2.2769950 2.7955500 2.6305905 4.6755238 3.0929662 2.0385546 4.7423039 3.3938251 3.4982505 2.0117275 1.8795857 4.3351314 3.1648843 1.6097209 2.7676722 3.3300233 3.8494828 4.2900900 3.8407326 3.6663738 3.2881407 3.0190607 3.6260526 2.6050042 3.6068616 3.0568737 3.9548655 3.6674217 3.6409019 3.5296122 3.4593456 3.2798705 3.3731501 2.3913555 3.6959637 2.1193541 3.7520831 2.5462302 2.6661014 2.2577258 2.2438826 3.1763445 2.6280262 2.4125924 1.0805708 1.1178578 2.3923081 2.1851976 1.8929320 3.4248215 2.9184690 4.2108880 3.2662962 3.3896366 3.4378758 3.4593456 3.3731501 4.4437363 1.7907357 6.4657945 3.9219775 
IV_MN199006_QIN53282.1_R2R3-MYB_transcription_factor__Selaginella_moellendorffii_                                6.1737902 6.4057842 6.5351362 2.1884390 2.7247469 3.0483034 1.5942131 1.4920300 1.0630590 1.0370969 0.0000000 1.1063390 3.1067599 2.3262182 2.2449981 2.5341924 2.5062072 4.2070384 2.8745252 1.8181686 4.0433802 3.5444237 3.5630748 1.9159942 1.7603404 3.3480912 2.9686307 1.7645025 3.3794298 3.7608092 3.8550102 3.6221921 4.0694171 3.6651388 3.3424464 2.8165863 3.7424058 2.5953623 4.0109028 3.0903996 3.7124233 4.0839032 3.8008490 3.3841812 3.3204305 3.7649339 3.9432461 3.0908581 3.9842006 2.0179221 3.6548841 2.7418756 2.9476445 1.6824632 1.8891251 2.4658327 2.7968417 2.3415116 0.9858329 1.0605482 2.2252652 1.9017963 1.8489308 3.5067988 3.5212309 4.2429061 2.8390759 3.8026999 3.6534554 3.3204305 3.9432461 4.3925081 1.6896291 8.9999982 4.2149958 
IV_Mapoly0032s0153_PTQ41991.1_hypothetical_protein_MARPO_0032s0153__Marchantia_polymorpha_                       6.7041850 7.3448726 5.9738563 2.1274928 3.0577113 3.2615506 1.5796953 1.4256637 1.1477967 0.9987808 1.1063390 0.0000000 3.4676928 2.3423798 2.3177354 2.7622526 2.8343564 4.4682015 2.5876524 2.0356470 3.9555180 3.9141850 4.0569134 2.2607099 2.2216398 4.2315925 2.9467606 2.1622527 3.2417668 3.3282162 3.6525115 3.5859987 3.5039422 3.4187534 3.1547738 2.9775679 3.5126893 2.7540946 3.7306517 3.5240079 3.8719521 4.1099122 3.6225594 3.6839634 2.9857062 3.4571278 3.3993319 3.0997816 3.4132123 2.4553213 3.3358799 2.4065933 2.5139232 2.0575189 1.8850690 2.4740435 2.3672357 2.1516359 1.0579110 1.0529316 2.6819647 2.0156373 1.9863865 3.5715930 3.0464508 3.7945912 3.0676629 3.8931581 3.8228236 2.9857062 3.3993319 5.0252916 1.6588891 7.6649921 4.8575638 
V_Mapoly0008s0029_PTQ47242.1_hypothetical_protein_MARPO_0008s0029__Marchantia_polymorpha_                        6.1084082 6.3316218 5.9171243 2.4646602 3.6824091 3.5421474 3.1459495 2.2701860 3.1990302 3.1258763 3.1067599 3.4676928 0.0000000 0.9463990 0.9564359 1.3552041 1.0216539 4.3923073 2.6371217 2.0321453 4.3540746 4.5991368 4.2904281 2.3484518 2.3106009 4.5890789 4.2049255 2.4862481 4.2083834 4.0251468 4.8090267 4.4453983 4.3497205 3.9762437 4.1450837 4.3535377 4.3547291 3.8612607 4.6110200 4.4095416 4.3401900 4.1612256 4.1605818 4.7474317 4.1692567 4.5222967 4.2112219 3.6737830 4.4873459 2.4822897 4.6265065 3.7946023 4.0469536 2.0582343 2.8831139 3.7546899 3.4761196 3.0677397 2.3467711 2.6804798 1.1319360 1.1092729 1.0522398 4.5413070 5.1869606 4.1281495 4.0983266 4.8748329 4.1040700 4.1692567 4.2112219 3.8029274 0.8865459 8.9999986 6.0790094 
V_XM_002977602.2_XP_002977648.2_uncharacterized_protein_LOC9657152__Selaginella_moellendorffii_                  5.3253310 5.4739605 4.5849351 2.0376014 2.7910570 2.7718672 2.1485680 2.1159914 2.4653311 2.5110759 2.3262182 2.3423798 0.9463990 0.0000000 0.6897217 1.0430880 0.8336573 3.2552593 2.5554607 2.0452301 3.7328804 3.2553570 2.9048518 2.2516811 2.1832931 3.5395645 3.0630113 2.5996309 3.9938308 3.1142611 3.1846186 3.5963060 3.7808054 3.7864390 3.4180978 3.2673362 3.1235476 2.9313737 3.4985109 2.9384844 2.9497455 3.9415789 3.4889437 3.4959576 3.5550736 3.0114492 3.7725162 2.5376468 3.0407807 2.3494198 4.0382676 2.8144873 2.7821980 2.0500109 2.9473359 2.6750684 2.8611209 2.2303266 1.9405025 2.0137416 0.7714265 0.7952330 0.6583310 3.9677652 3.6015694 3.6676507 2.8808367 3.4018962 3.8230384 3.5550736 3.7725162 3.3034661 0.8547723 5.6937049 3.2551868 
V_MN199008_QIN53284.1_R2R3-MYB_transcription_factor__Selaginella_moellendorffii_                                 4.9639339 5.0971864 4.8225319 2.1850409 2.6612002 2.4297640 2.0390790 2.0043534 2.6359742 2.2769950 2.2449981 2.3177354 0.9564359 0.6897217 0.0000000 0.9958329 0.6932780 2.8334156 2.3114744 1.9738721 4.0473707 3.7217741 3.6205140 2.3805406 2.2697092 3.6352202 3.3186124 2.4279289 3.7700750 3.2523071 3.8906282 3.9091374 3.1421958 3.1886747 3.2442924 3.4680714 3.5843899 3.5344949 2.7959723 3.0672864 3.5683988 3.4919031 3.4153690 3.4769395 3.4312329 2.7261263 3.6953359 2.9081761 3.0373448 2.5417841 3.4072148 2.8387305 2.4375207 1.8540761 2.4210174 2.1393724 2.0608132 2.1281013 1.8930707 2.0316104 0.9393871 0.9246216 0.7358520 3.3868756 3.8006901 3.2435346 3.5150167 3.0677644 3.7456853 3.4312329 3.6953359 3.4362612 0.7202221 7.1600484 3.0912944 
V_MN199009_QIN53285.1_R2R3-MYB_transcription_factor__Selaginella_moellendorffii_                                 4.8619629 4.4690491 4.8879047 2.1105700 3.7516837 3.2443798 2.7136647 2.3495771 2.6489928 2.7955500 2.5341924 2.7622526 1.3552041 1.0430880 0.9958329 0.0000000 1.0145637 3.3455959 2.5506446 1.9953549 4.6195160 4.2398524 3.8390096 2.1549261 2.0922850 3.9196398 4.2539709 2.1750676 3.8659523 3.0784727 3.7917110 4.0229090 4.4601495 3.6377171 3.9810615 3.9184956 4.0507781 2.9704970 3.5499772 3.2750868 4.0559029 3.7098852 3.2704908 3.9648958 3.3811451 3.6082124 4.0025430 3.0327742 3.2373727 2.4805040 3.1303589 3.2327452 3.3760702 2.4724028 3.0109170 3.2440976 2.9969807 2.5056283 2.0835008 2.0420323 1.0608152 1.2230472 0.6280759 4.0398080 4.3338439 3.4090936 2.7879439 3.4848790 3.3054321 3.3811451 4.0025430 3.3927319 0.9235874 8.1487516 4.8934143 
V_MN199010_QIN53286.1_R2R3-MYB_transcription_factor__Selaginella_moellendorffii_                                 5.0154711 5.2216950 4.6814375 1.8949489 2.9753877 2.5492420 2.6420241 2.0527994 2.3041193 2.6305905 2.5062072 2.8343564 1.0216539 0.8336573 0.6932780 1.0145637 0.0000000 2.9671174 2.2920246 1.9037845 4.6045186 3.7440693 3.7652381 2.1107366 2.1043413 3.9343247 3.2653204 2.4004834 4.2183513 3.1127183 4.1035848 4.1380259 4.2088730 3.4656007 3.4234006 3.0417669 3.2175041 3.4507082 3.3833940 3.0965177 3.4641191 3.7212987 3.3185252 3.4432878 3.6425178 2.9310428 4.0226824 2.9960166 3.2816347 2.2497519 3.5191436 2.9849319 3.0541086 1.9336776 2.8442025 2.7262147 2.6567453 2.5916661 2.2818703 2.3514769 0.9974419 1.1438002 0.7968425 3.3336046 3.2944719 3.3202440 2.9762511 3.1403262 3.6847101 3.6425178 4.0226824 2.7434268 0.8737230 8.0862903 4.0419500 
VI_g8575.t1_length                                                                                               6.3322830 6.0127648 6.5153075 2.7047704 4.6375448 3.7922557 4.4693942 3.4108237 4.4476371 4.6755238 4.2070384 4.4682015 4.3923073 3.2552593 2.8334156 3.3455959 2.9671174 0.0000000 0.0385940 0.0538707 2.5364317 2.1991030 2.2472260 1.0542273 1.0028713 2.6748838 1.7541800 1.7430597 3.1937989 3.3734247 3.6914167 3.2142074 3.4769643 3.2967272 3.1977651 3.1568149 3.5304143 3.1074841 2.6176234 2.8713159 3.3448509 3.5731336 3.3768947 3.9064617 2.5826925 2.8384884 2.8399926 2.3907471 3.2283356 1.1754365 3.4805597 4.4150661 5.0688476 4.0796381 3.1093124 4.1945820 3.0359195 3.6847269 2.7838745 3.5480980 3.3556606 3.1072421 2.6183292 2.5889001 3.2557694 3.2279462 2.8594217 3.7584433 2.7564490 2.5826925 2.8399926 2.7636306 2.2378403 8.9999985 4.4500197 
VI_BBG43567_LC221833_MYB_transcription_factor                                                                    4.3445263 4.0137720 4.0137720 1.9437073 2.4211397 2.1820055 3.1460363 2.8114964 2.8180208 3.0929662 2.8745252 2.5876524 2.6371217 2.5554607 2.3114744 2.5506446 2.2920246 0.0385940 0.0000000 0.0618880 1.3802410 1.3908473 1.3742523 0.8208604 0.7571216 1.1169851 0.7915228 1.2747468 1.8073590 1.8687167 1.9162534 1.5981111 1.8601616 1.8715364 1.8423137 1.5651523 1.6227881 1.6334893 2.0503208 1.7044598 2.2024368 2.2566302 2.3312313 2.3953807 1.6521592 1.8699219 1.4584354 1.4884839 1.8902231 0.8702311 1.8618187 2.4880876 2.8957610 2.8461019 2.0078928 2.8928293 1.9992017 2.7116255 1.9046766 2.0150529 2.0737487 1.8261737 1.8597627 1.1722521 1.7952118 2.0592130 1.5442568 2.3635405 1.8585375 1.6521592 1.4584354 2.0906930 1.7786159 8.9999985 2.9486316 
BBG43566_LC221832_Chara_leptospora_mRNA_for_MYB_transcription_factor                                             3.8870048 3.5526367 3.5526367 1.9559095 1.8640734 2.1221830 2.2268113 2.1225349 1.9434872 2.0385546 1.8181686 2.0356470 2.0321453 2.0452301 1.9738721 1.9953549 1.9037845 0.0538707 0.0618880 0.0000000 0.9952680 0.9245336 0.9918493 0.8140702 0.7507528 0.8934377 0.7875390 1.2378635 1.3475269 1.3202355 1.4122382 1.2278533 1.3760648 1.5317445 1.4013892 1.3879903 1.4856409 1.4060157 1.5481677 1.3049330 1.5340561 1.6278968 1.7409459 1.6818389 1.2778056 1.5289420 1.2347727 1.3963322 1.3797960 0.8627944 1.3739530 2.1170328 2.2293443 2.3151149 2.0632428 2.1904317 1.7969433 2.0301293 1.7177296 1.8530605 2.0048851 1.7631731 1.8382169 0.8898281 1.2919213 1.3874127 1.3460450 1.6144983 1.5122540 1.2778056 1.2347727 1.6050343 1.7759438 8.9999983 1.8383786 
VI_Mapoly0019s0071.1                                                                                             6.6461409 6.8074207 5.8402324 3.1918842 4.5745134 4.6764697 3.7779460 2.7081607 3.5245672 4.7423039 4.0433802 3.9555180 4.3540746 3.7328804 4.0473707 4.6195160 4.6045186 2.5364317 1.3802410 0.9952680 0.0000000 0.5865571 0.7769627 0.1715042 0.1822423 0.7205203 0.8494410 1.0493496 2.1213724 2.1054179 2.6375711 2.6997451 3.0791466 2.2824988 1.8938120 2.4705615 2.3615503 2.1172447 2.8774456 2.9244782 3.0116905 3.3513751 2.9044912 3.3172452 2.2386122 3.0252033 2.2903828 2.4275305 2.2917939 0.2415269 3.0208038 5.0296048 5.4165555 3.1533529 2.6676619 3.1417750 4.2149720 3.6783495 2.9591373 3.4404228 3.1285944 3.3203203 3.2114269 1.2595517 2.4622403 3.0339363 2.2721659 2.9918683 2.6879306 2.2386122 2.2903828 3.3126008 2.5351584 8.9999983 4.7162262 
VI_XM_024688730.1__XP_024544498.1                                                                                5.6044470 6.1161497 5.7843250 2.6173491 4.1732049 3.9186457 3.5057926 2.7344187 3.0749912 3.3938251 3.5444237 3.9141850 4.5991368 3.2553570 3.7217741 4.2398524 3.7440693 2.1991030 1.3908473 0.9245336 0.5865571 0.0000000 0.7261725 0.0755900 0.0801581 0.7895064 0.7878736 0.9530092 2.1132836 1.9864686 2.4262303 2.4083491 2.7885732 2.2480866 1.9274587 2.2030390 2.3301108 1.6724098 2.7338617 2.4294254 2.9363856 2.8237254 2.5034258 2.7125708 1.9427938 2.7733935 2.0668784 1.9377456 2.6236724 0.1484163 2.7939883 3.8555428 4.0897234 2.8457837 2.3411267 3.0642082 3.3453042 3.3686751 2.6609824 3.0712261 2.7156122 2.7480273 2.7902101 0.8826525 1.9848015 2.5140791 1.9199834 2.5800548 2.1173653 1.9427938 2.0668784 2.7307601 2.3222164 8.9999980 3.6659095 
VI_XM_024688389.1_XP_024524157.1_transcription_repressor_MYB4__Selaginella_moellendorffii_                       6.5264831 6.2512223 6.2410002 2.5186452 3.8284227 4.0360457 3.7231359 2.5837117 3.9807768 3.4982505 3.5630748 4.0569134 4.2904281 2.9048518 3.6205140 3.8390096 3.7652381 2.2472260 1.3742523 0.9918493 0.7769627 0.7261725 0.0000000 0.1637004 0.1609561 0.9739932 0.8634337 1.1781579 2.3144877 2.0278635 2.7518556 2.6759678 3.1539593 2.2867173 2.2184295 2.1666020 2.5185821 1.9213039 2.4822107 2.5081502 2.5242210 2.5598736 2.6954502 2.5106568 2.1458720 2.8353947 2.3619479 1.8433292 2.5249913 0.2588894 2.6093960 3.8671985 3.2186274 2.6878210 2.8162305 2.9054315 3.2078280 2.9054571 3.0204238 3.2630685 2.8544547 2.7297183 3.0311855 1.1535002 2.1231316 2.7805605 2.2605376 2.3929219 2.3761850 2.1458720 2.3619479 2.1496113 2.6522586 8.9999989 4.8210502 
VI_Sacu_v1.1_s1503.g028048_Myb_transcription_factor__0.077_                                                      4.4870388 4.1330657 4.8841187 2.2298554 2.4534847 2.3955850 1.9806600 1.7181291 1.9209534 2.0117275 1.9159942 2.2607099 2.3484518 2.2516811 2.3805406 2.1549261 2.1107366 1.0542273 0.8208604 0.8140702 0.1715042 0.0755900 0.1637004 0.0000000 0.0000010 0.2044819 0.3029484 0.9411238 1.0048135 1.0021440 1.0231365 1.1087974 1.2425665 1.0604598 1.0711385 1.1248465 1.0954440 1.0543639 1.5530402 1.2902642 1.4353896 1.7321183 1.6565461 1.5463168 1.1262607 1.3769202 1.1207654 1.2862561 1.2055297 0.0590515 1.3819569 2.2756702 2.3510031 1.9739332 1.8074131 1.9743165 2.0440641 1.9129917 1.5841834 1.8166861 2.0632913 1.9732709 2.0686027 0.5241371 1.1073991 1.2547903 1.1045873 1.8419057 1.3567830 1.1262607 1.1207654 1.5110504 2.2182712 8.9999987 2.0762258 
VI_Sacu_v1.1_s0147.g023157_Myb_transcription_factor__0.077_                                                      4.5601220 4.1727467 4.9899676 2.1430898 2.3819915 2.3362317 1.9433756 1.6114312 1.9273950 1.8795857 1.7603404 2.2216398 2.3106009 2.1832931 2.2697092 2.0922850 2.1043413 1.0028713 0.7571216 0.7507528 0.1822423 0.0801581 0.1609561 0.0000010 0.0000000 0.1839253 0.2821065 0.9592363 1.0270860 1.0100848 1.0984735 1.1232824 1.2559292 1.0858700 1.0793230 1.1579158 1.1487720 1.0736897 1.5832787 1.2862439 1.4908502 1.7254276 1.6398324 1.5279006 1.1485182 1.4206636 1.1362207 1.2918359 1.1727831 0.0432061 1.3978628 2.2992421 2.3813977 1.9552212 1.8027179 1.9434493 1.9952972 1.8286109 1.5005622 1.7345599 1.9811343 1.9850211 2.0118368 0.5129752 1.1093059 1.2459710 1.1394098 1.8548720 1.3282007 1.1485182 1.1362207 1.4505282 2.0844269 8.9999988 2.0391424 
VI_MA_130648p0010_437_residues__                                                                                 6.6669827 6.5010473 6.7902085 3.3716221 4.4031622 4.5670224 3.6697421 2.8851925 3.7284078 4.3351314 3.3480912 4.2315925 4.5890789 3.5395645 3.6352202 3.9196398 3.9343247 2.6748838 1.1169851 0.8934377 0.7205203 0.7895064 0.9739932 0.2044819 0.1839253 0.0000000 0.8218434 1.1344098 2.4385538 2.5901837 2.9162324 2.8399047 3.0345821 2.6053088 2.2552878 2.6221990 2.6667570 2.1979138 2.9579260 2.5276704 3.2480684 3.8968163 2.7855741 3.1975155 2.5170597 3.1083199 2.5088671 2.4142933 2.3054558 0.2516756 2.5024527 4.7156412 4.9254905 3.1724347 2.6716123 3.0353528 3.5556563 3.3428106 2.3168346 2.6992279 2.9284077 3.2616565 2.9222093 1.3428652 2.4068436 2.7033607 2.3157614 2.8097371 2.7670608 2.5170597 2.5088671 2.6496213 2.8081746 8.9999983 3.6512370 
VI_AmTr_v1.0_scaffold00111.43_locus_evm_27.TU.AmTr_v1.0_scaffold00111.43                                         5.4307736 5.1413518 6.3231695 2.8669228 3.8507940 3.4968299 3.5784849 2.7210185 2.7627796 3.1648843 2.9686307 2.9467606 4.2049255 3.0630113 3.3186124 4.2539709 3.2653204 1.7541800 0.7915228 0.7875390 0.8494410 0.7878736 0.8634337 0.3029484 0.2821065 0.8218434 0.0000000 0.9881792 1.7981060 1.6748591 2.2253773 1.5851142 2.1892143 1.6898692 1.5811679 2.0756247 1.8230237 1.5738056 2.0054313 2.0400230 2.5458075 2.5382423 2.3376046 2.5622457 1.7143542 2.1583261 1.9053894 1.6440520 2.0060253 0.4000160 1.9472212 3.4011357 3.6554589 2.6682100 2.9667426 2.9166220 3.1553400 2.8230729 2.1122936 2.3902579 2.8746456 2.8370435 2.4421714 0.8570308 1.5414921 2.1035286 1.4494242 1.6502051 2.0029513 1.7143542 1.9053894 2.3143762 2.6181259 8.9999989 3.1559256 
VII_HAOX-0009745                                                                                                 4.2723945 4.2073787 4.1367355 1.8585776 2.2094338 2.0646729 1.9824161 1.5550202 2.0522823 1.6097209 1.7645025 2.1622527 2.4862481 2.5996309 2.4279289 2.1750676 2.4004834 1.7430597 1.2747468 1.2378635 1.0493496 0.9530092 1.1781579 0.9411238 0.9592363 1.1344098 0.9881792 0.0000000 0.5252110 0.4939904 0.8141149 0.6167932 0.8118776 0.4428405 0.4906486 0.6585312 0.5324195 0.4501925 0.8773874 0.9729270 1.1501052 1.1052470 1.2146143 0.9666437 0.6911411 1.0487383 0.7715257 1.2221745 1.1994476 0.9755644 0.9868360 1.9869813 2.0499113 2.0150999 1.6998305 2.1930696 1.9713107 1.8313837 1.9088904 1.6368528 2.6047812 2.1871478 2.3013669 1.1408672 0.4746651 0.7900109 0.5880244 1.2311022 1.2574569 0.6911411 0.7715257 1.0312276 2.3448603 8.9999985 1.8688229 
VII_Mp3g05910.1                                                                                                  4.5212449 4.5748009 4.8848466 1.9629467 4.0663885 4.4275054 3.2507791 2.2915535 3.7398821 2.7676722 3.3794298 3.2417668 4.2083834 3.9938308 3.7700750 3.8659523 4.2183513 3.1937989 1.8073590 1.3475269 2.1213724 2.1132836 2.3144877 1.0048135 1.0270860 2.4385538 1.7981060 0.5252110 0.0000000 0.9532096 1.5499679 1.2772010 1.5031085 0.7413284 0.7558868 0.7560921 0.9809289 0.7632696 1.5575396 1.9745086 1.9846730 2.3445735 2.2307980 2.5632762 0.9695347 1.8649567 1.2516710 1.8275458 2.0245159 1.1070060 2.0945740 3.5224612 4.0818349 3.0692548 2.0331935 3.3295518 2.5571748 3.1708305 2.4645464 2.8220569 3.2571382 3.0813682 2.9151688 2.3150699 1.0781993 1.4489676 0.9065474 1.9390177 1.9712018 0.9695347 1.2516710 1.9557479 2.5710244 8.9999984 2.9021925 
VII_ENA_MN199011_MN199011.1_Selaginella_moellendorffii                                                           5.2868922 5.0931497 5.4060825 2.3576605 3.2776311 3.8288474 3.3340854 2.2140368 3.9658367 3.3300233 3.7608092 3.3282162 4.0251468 3.1142611 3.2523071 3.0784727 3.1127183 3.3734247 1.8687167 1.3202355 2.1054179 1.9864686 2.0278635 1.0021440 1.0100848 2.5901837 1.6748591 0.4939904 0.9532096 0.0000000 1.4717391 1.4154467 1.5194514 1.0353357 1.0092851 0.9218658 0.9742357 0.8158001 1.3340011 1.4233509 1.8464611 2.0835805 2.1893054 2.0433779 1.1138199 1.6431213 1.4919572 1.5791514 2.1546016 1.0700508 1.8481884 3.2125233 3.5168152 2.6455688 2.0202934 3.1623758 2.8552922 3.0377314 2.5193525 2.4789620 3.3413919 2.8660972 2.7569282 2.1435239 0.9158228 1.2316211 0.9402410 1.7662965 1.7155926 1.1138199 1.4919572 1.7537887 2.9915316 8.9999981 3.8066539 
VII_Sacu_v1.1_s0002.g001222_Myb_transcription_factor__0.077_                                                     5.3546433 5.5053955 5.6336280 2.9248003 5.2204622 4.6981390 3.3428999 2.5585235 3.8034008 3.8494828 3.8550102 3.6525115 4.8090267 3.1846186 3.8906282 3.7917110 4.1035848 3.6914167 1.9162534 1.4122382 2.6375711 2.4262303 2.7518556 1.0231365 1.0984735 2.9162324 2.2253773 0.8141149 1.5499679 1.4717391 0.0000000 1.0845969 1.4926007 1.5200105 1.4385980 1.4923989 1.8186491 1.4140947 1.9010196 2.2227229 2.5434962 2.6656949 2.6914860 2.9701539 1.0068972 2.4096271 1.1555895 2.4137061 2.4489100 1.1960179 2.4099290 3.7862264 4.1817727 3.1823678 2.9448976 3.9934889 3.5481536 3.4720261 2.9892394 3.5165618 3.6084833 3.2752347 3.0322672 2.5322462 1.6398480 1.9754087 1.4232186 2.4461763 2.2068887 1.0068972 1.1555895 2.3419507 2.4346778 8.9999986 3.7219903 
VII_Sacu_v1.1_s0041.g012546_Myb_transcription_factor__0.077_                                                     5.0106969 4.9797829 6.0018632 2.2141040 4.0031485 3.7951256 3.9012990 2.7494661 3.6366281 4.2900900 3.6221921 3.5859987 4.4453983 3.5963060 3.9091374 4.0229090 4.1380259 3.2142074 1.5981111 1.2278533 2.6997451 2.4083491 2.6759678 1.1087974 1.1232824 2.8399047 1.5851142 0.6167932 1.2772010 1.4154467 1.0845969 0.0000000 1.3195166 1.2670679 1.2747964 1.3970403 1.5365566 1.1098929 1.8507408 1.8919240 2.2933532 2.4765799 2.5434994 2.5753146 0.5068408 2.1735033 0.9405982 1.7282728 1.9384022 1.1627155 2.0344959 3.9834546 4.1296890 2.5202788 1.9507028 3.1577710 2.4825739 3.5765726 2.6847642 3.2833736 3.1709489 3.1005324 2.7360995 2.1765931 1.3512093 2.0239331 1.2125525 2.3015322 2.4318894 0.5068408 0.9405982 2.1617142 3.0465711 8.1859757 3.9648675 
VII_Sacu_v1.1_s0272.g027033_Myb_transcription_factor__0.077_                                                     4.3558528 4.8944981 5.7661706 2.0530258 3.7843290 4.3221538 3.5782938 2.4746422 4.1122268 3.8407326 4.0694171 3.5039422 4.3497205 3.7808054 3.1421958 4.4601495 4.2088730 3.4769643 1.8601616 1.3760648 3.0791466 2.7885732 3.1539593 1.2425665 1.2559292 3.0345821 2.1892143 0.8118776 1.5031085 1.5194514 1.4926007 1.3195166 0.0000000 1.7214967 1.6260613 1.4907039 1.8558566 1.2223596 1.7785655 2.2977318 2.5440589 2.7700739 3.3213541 2.9255092 1.0526237 2.5280321 0.9949875 1.9173071 2.3649208 1.3878212 2.4405202 4.0122372 4.0844902 2.7224501 2.1717772 3.1470814 2.8858673 2.9558562 2.3410482 3.0760675 2.9778857 2.7984278 2.5339504 2.6857875 1.5045723 1.8311183 1.6130796 2.3167514 2.1135526 1.0526237 0.9949875 2.4390561 2.3404680 8.9999985 3.7323058 
VII_MA_96853p0010_582_residues__                                                                                 4.5490032 4.6450157 4.5838382 2.3085646 3.6489924 4.3532429 3.6559718 2.5619748 3.7804665 3.6663738 3.6651388 3.4187534 3.9762437 3.7864390 3.1886747 3.6377171 3.4656007 3.2967272 1.8715364 1.5317445 2.2824988 2.2480866 2.2867173 1.0604598 1.0858700 2.6053088 1.6898692 0.4428405 0.7413284 1.0353357 1.5200105 1.2670679 1.7214967 0.0000000 0.5334850 1.0485167 0.8604978 0.6031440 1.5873153 2.0084776 2.1662932 2.4346195 2.6511260 2.5127160 1.0668649 2.2089573 1.2375425 2.2849724 1.8720325 1.1724926 2.3162876 3.6677054 3.9299915 2.4887213 2.1477087 3.0239311 3.4702830 3.3138962 2.4830244 2.8962787 3.0378859 2.8388181 2.7437761 2.1855756 0.8801202 1.6418783 0.8667390 1.9664724 2.4030651 1.0668649 1.2375425 2.0922227 2.3357658 8.1401074 3.0897422 
VII_MA_10208000p0010_602_residues__                                                                              5.0639432 5.2360514 5.0126310 2.0757136 3.4803378 3.9761393 3.1968066 2.6078004 3.7673918 3.2881407 3.3424464 3.1547738 4.1450837 3.4180978 3.2442924 3.9810615 3.4234006 3.1977651 1.8423137 1.4013892 1.8938120 1.9274587 2.2184295 1.0711385 1.0793230 2.2552878 1.5811679 0.4906486 0.7558868 1.0092851 1.4385980 1.2747964 1.6260613 0.5334850 0.0000000 0.9219826 0.6786687 0.6307200 1.5289936 1.8460614 2.2392553 2.0926627 2.1742710 2.2345686 1.0871998 2.2030332 1.2458954 2.0101526 1.9859377 1.2112057 1.9542296 3.7294651 4.1391612 2.7950252 2.0603125 3.1702698 2.7220086 3.1502417 2.5367849 2.7257612 2.9936113 2.7142941 2.5050916 1.9732371 0.8420072 1.6496648 0.7773782 2.1201971 2.2706442 1.0871998 1.2458954 2.0193834 2.3928165 5.2384609 3.0531319 
VII_MA_20462p0010_470_residues__                                                                                 4.2754782 4.7499561 4.8018859 2.3836877 3.4679635 3.6842931 3.7416140 2.4438201 2.8352466 3.0190607 2.8165863 2.9775679 4.3535377 3.2673362 3.4680714 3.9184956 3.0417669 3.1568149 1.5651523 1.3879903 2.4705615 2.2030390 2.1666020 1.1248465 1.1579158 2.6221990 2.0756247 0.6585312 0.7560921 0.9218658 1.4923989 1.3970403 1.4907039 1.0485167 0.9219826 0.0000000 1.1735389 0.9120818 1.5617800 1.7920067 2.2851291 2.2939633 2.4497983 2.5211091 1.1593498 2.2487791 1.3415257 2.0106242 1.8406897 1.3469433 2.0968576 3.1694955 3.4754193 2.4631205 2.3227792 2.7112232 2.5333577 2.9511404 2.3024334 2.7822569 3.2115117 2.9134801 2.2657609 2.3669336 1.0868848 1.4121129 1.0851172 1.9368534 1.7801550 1.1593498 1.3415257 1.9976276 2.7879997 8.9999989 3.2058346 
VII_AmTr_v1.0_scaffold00038.91                                                                                   5.1905048 5.7463877 5.9936652 2.4042357 4.4853362 3.8324767 3.6144431 2.3624979 3.8217058 3.6260526 3.7424058 3.5126893 4.3547291 3.1235476 3.5843899 4.0507781 3.2175041 3.5304143 1.6227881 1.4856409 2.3615503 2.3301108 2.5185821 1.0954440 1.1487720 2.6667570 1.8230237 0.5324195 0.9809289 0.9742357 1.8186491 1.5365566 1.8558566 0.8604978 0.6786687 1.1735389 0.0000000 0.8563375 1.7933046 2.0038297 2.3188502 2.4224679 2.6281561 3.0491555 1.1020937 2.6408570 1.6008620 2.1556542 2.0965538 1.2547145 2.4546483 3.4540825 4.0323899 2.5995128 2.2547095 3.1691093 3.3012376 3.5059961 2.8992847 3.6802884 3.7895153 3.1465201 2.8188530 2.4167200 1.1083939 1.6629275 0.8702408 2.1443585 2.4706503 1.1020937 1.6008620 2.0053332 2.6480689 6.7213356 3.4645182 
VII_AmTr_v1.0_scaffold00037.85                                                                                   5.5404377 5.5600167 4.7432158 2.1772966 3.0367595 3.4315544 2.7848624 2.1473183 3.0906947 2.6050042 2.5953623 2.7540946 3.8612607 2.9313737 3.5344949 2.9704970 3.4507082 3.1074841 1.6334893 1.4060157 2.1172447 1.6724098 1.9213039 1.0543639 1.0736897 2.1979138 1.5738056 0.4501925 0.7632696 0.8158001 1.4140947 1.1098929 1.2223596 0.6031440 0.6307200 0.9120818 0.8563375 0.0000000 1.4156254 1.7043135 2.0327519 1.9403199 2.2493617 2.0424535 1.0135975 1.9621472 1.3306078 1.9958791 1.5556749 1.0988103 1.8917487 2.5526576 2.9446813 2.1536839 2.1537139 2.6910718 2.3913540 3.3199227 2.2401680 2.8431571 2.6148956 3.1470263 2.5393339 1.7099294 0.7010985 1.3779333 0.8594333 1.8600426 1.8005743 1.0135975 1.3306078 1.8908317 2.1779413 6.6462672 3.3873175 
VIII_MN199016_QIN53292.1_R2R3-MYB_transcription_factor__Selaginella_moellendorffii_                              6.6250364 6.4410140 6.2422943 2.2416826 3.1625381 3.3154795 3.3783990 2.5140880 3.3883308 3.6068616 4.0109028 3.7306517 4.6110200 3.4985109 2.7959723 3.5499772 3.3833940 2.6176234 2.0503208 1.5481677 2.8774456 2.7338617 2.4822107 1.5530402 1.5832787 2.9579260 2.0054313 0.8773874 1.5575396 1.3340011 1.9010196 1.8507408 1.7785655 1.5873153 1.5289936 1.5617800 1.7933046 1.4156254 0.0000000 0.9810426 1.5617710 1.3913139 1.4809495 1.1814620 1.6910418 1.1558326 1.8055051 1.9125522 1.1872205 1.7204188 1.1429500 3.3524726 2.6527571 2.6270133 2.3865742 3.2731892 3.0073639 3.3373274 2.5608176 2.6763058 3.0553783 3.5273510 2.7463029 2.3466465 1.4139477 2.0047099 1.4417361 1.1665691 1.5536878 1.6910418 1.8055051 0.9832507 2.6545555 8.7341215 2.1788176 
VIII_XM_024668296.1_XP_024524064.1_transcription_factor_MYB26__Selaginella_moellendorffii_                       5.0353693 5.2615111 5.0926976 2.3678501 3.2991689 3.2542480 3.6867828 2.9914565 3.6722007 3.0568737 3.0903996 3.5240079 4.4095416 2.9384844 3.0672864 3.2750868 3.0965177 2.8713159 1.7044598 1.3049330 2.9244782 2.4294254 2.5081502 1.2902642 1.2862439 2.5276704 2.0400230 0.9729270 1.9745086 1.4233509 2.2227229 1.8919240 2.2977318 2.0084776 1.8460614 1.7920067 2.0038297 1.7043135 0.9810426 0.0000000 1.4562910 1.4513471 1.6851715 1.7903666 1.7073912 1.3372896 2.1748819 1.4069144 1.1565783 1.4834461 1.2655854 3.2636839 3.6582310 2.6125616 2.2267578 3.3097240 2.6654609 3.5816904 2.3750630 3.0596671 2.6369344 3.0068593 2.3379385 2.3359684 2.0173675 1.8872777 1.5548604 1.2174830 1.5879324 1.7073912 2.1748819 1.0935660 2.2769817 6.7301931 1.6136677 
VIII_Mapoly0073s0038_PTQ35164.1_hypothetical_protein_MARPO_0073s0038__Marchantia_polymorpha_                     5.1109575 5.4647397 5.2270250 2.3243094 4.2474702 3.7373803 3.7911438 2.7737006 3.5143863 3.9548655 3.7124233 3.8719521 4.3401900 2.9497455 3.5683988 4.0559029 3.4641191 3.3448509 2.2024368 1.5340561 3.0116905 2.9363856 2.5242210 1.4353896 1.4908502 3.2480684 2.5458075 1.1501052 1.9846730 1.8464611 2.5434962 2.2933532 2.5440589 2.1662932 2.2392553 2.2851291 2.3188502 2.0327519 1.5617710 1.4562910 0.0000000 1.3851620 1.5573734 1.7061909 2.0403178 1.7775789 2.4502557 1.8304162 1.8599649 1.6515135 1.5151566 3.4058539 3.2222251 2.9238528 2.7747283 4.2170368 3.7885260 3.5738069 2.5485937 3.2051649 3.1178276 3.4875566 2.8025255 3.0867290 2.0135621 2.2764667 2.1625401 1.4668156 1.6350509 2.0403178 2.4502557 1.2458519 2.7639313 7.8541746 3.0581811 
VIII_Mapoly0006s0226_PTQ48220.1_hypothetical_protein_MARPO_0006s0226__Marchantia_polymorpha_                     6.0987756 5.7634104 6.1103218 2.6188886 4.2933950 4.2432908 3.7021305 2.7045261 3.7520303 3.6674217 4.0839032 4.1099122 4.1612256 3.9415789 3.4919031 3.7098852 3.7212987 3.5731336 2.2566302 1.6278968 3.3513751 2.8237254 2.5598736 1.7321183 1.7254276 3.8968163 2.5382423 1.1052470 2.3445735 2.0835805 2.6656949 2.4765799 2.7700739 2.4346195 2.0926627 2.2939633 2.4224679 1.9403199 1.3913139 1.4513471 1.3851620 0.0000000 1.4513041 1.3246724 2.0426814 1.7035071 2.5260674 2.5148829 1.5924027 1.8333388 1.4328695 3.7212035 3.5298744 2.7635184 2.5139309 3.9076332 3.2722380 4.2617129 2.3985074 2.9532175 3.1598165 3.8163226 2.7133227 3.0601049 2.0596465 2.7175576 2.0311309 1.4552938 1.9695661 2.0426814 2.5260674 1.0347732 2.7493847 6.9961199 3.4632807 
VIII_XM_024680104.1_XP_024535872.1_transcription_factor_MYB8-like__Selaginella_moellendorffii_                   5.3630210 5.6397530 5.3874260 2.8000443 3.8921323 3.9090374 3.4725934 2.7572193 3.2864173 3.6409019 3.8008490 3.6225594 4.1605818 3.4889437 3.4153690 3.2704908 3.3185252 3.3768947 2.3312313 1.7409459 2.9044912 2.5034258 2.6954502 1.6565461 1.6398324 2.7855741 2.3376046 1.2146143 2.2307980 2.1893054 2.6914860 2.5434994 3.3213541 2.6511260 2.1742710 2.4497983 2.6281561 2.2493617 1.4809495 1.6851715 1.5573734 1.4513041 0.0000000 1.2948471 2.4589065 1.6555476 2.5304511 2.0034641 1.7667024 1.8121957 1.3086118 4.4086898 4.1135505 3.2213126 3.1843505 3.8459314 3.5849591 3.4071324 2.5374011 2.8927621 3.3836642 3.5370260 2.5851269 2.8206485 2.5616840 2.2080934 2.4093104 1.9042020 1.8783120 2.4589065 2.5304511 1.2457185 2.8409602 8.1220562 2.9124925 
VIII_MN199020_QIN53296.1_R2R3-MYB_transcription_factor__Selaginella_moellendorffii_                              5.6011641 6.0976098 6.0732750 2.6217188 3.1879941 4.6101245 2.9923760 2.9200246 3.4397026 3.5296122 3.3841812 3.6839634 4.7474317 3.4959576 3.4769395 3.9648958 3.4432878 3.9064617 2.3953807 1.6818389 3.3172452 2.7125708 2.5106568 1.5463168 1.5279006 3.1975155 2.5622457 0.9666437 2.5632762 2.0433779 2.9701539 2.5753146 2.9255092 2.5127160 2.2345686 2.5211091 3.0491555 2.0424535 1.1814620 1.7903666 1.7061909 1.3246724 1.2948471 0.0000000 2.5528892 1.7766389 2.5098746 2.0788418 1.7803127 1.7415804 1.3419688 3.7189023 3.6374785 2.7919543 2.3330695 3.3258448 3.8205603 3.4348436 2.7878014 2.9733718 2.8163150 3.1996255 2.3421847 3.0468954 2.2674823 2.5197897 2.2457844 1.6768413 1.6807577 2.5528892 2.5098746 1.0680257 2.3745391 5.6193782 3.1289715 
Azfi_s0004.g008455                                                                                               5.1943017 5.0962201 5.7069090 2.1739321 3.3890250 3.8502570 3.1680711 2.6268062 3.4974557 3.4593456 3.3204305 2.9857062 4.1692567 3.5550736 3.4312329 3.3811451 3.6425178 2.5826925 1.6521592 1.2778056 2.2386122 1.9427938 2.1458720 1.1262607 1.1485182 2.5170597 1.7143542 0.6911411 0.9695347 1.1138199 1.0068972 0.5068408 1.0526237 1.0668649 1.0871998 1.1593498 1.1020937 1.0135975 1.6910418 1.7073912 2.0403178 2.0426814 2.4589065 2.5528892 0.0000000 1.8401171 0.8050836 2.0642109 1.8809360 1.1071178 1.9648118 3.3995321 3.6871829 2.3330493 2.0147653 2.8737167 2.4721259 3.3781658 2.2950837 2.5651322 3.1126690 2.9583801 2.9059236 1.9090553 1.2541119 1.6571214 1.2475955 2.0601383 2.1011788 0.0000010 0.8050836 2.0099649 2.7846647 7.6947229 3.6535892 
Azfi_s0014.g013584                                                                                               6.7621838 6.5008542 6.3482282 2.3726664 3.7403244 3.6370529 3.6972044 2.4537096 3.8297425 3.2798705 3.7649339 3.4571278 4.5222967 3.0114492 2.7261263 3.6082124 2.9310428 2.8384884 1.8699219 1.5289420 3.0252033 2.7733935 2.8353947 1.3769202 1.4206636 3.1083199 2.1583261 1.0487383 1.8649567 1.6431213 2.4096271 2.1735033 2.5280321 2.2089573 2.2030332 2.2487791 2.6408570 1.9621472 1.1558326 1.3372896 1.7775789 1.7035071 1.6555476 1.7766389 1.8401171 0.0000000 2.1971084 2.0823345 1.5736322 1.6685975 1.4747203 3.6374305 3.9139547 2.7837422 2.7306689 3.7283357 3.1456144 3.5914063 2.3829854 2.8328052 2.7096019 3.2499653 2.4299702 2.2777046 2.2452176 2.4590299 2.3580143 1.4098927 1.4849187 1.8401171 2.1971084 1.4119755 2.5630646 8.9999985 3.2403754 
