72
CDC5_XM_024686040.1_XP_024541808.1_cell_division_cycle_5-like_protein                                            0.0000000 0.0413630 0.2496971 3.0644677 4.8053467 4.8617121 5.8426675 5.2069742 5.6414600 4.8551593 6.1129418 5.4159566 5.0751082 5.7424053 4.9467473 4.4717414 5.3657171 4.9821526 4.3952164 4.0352879 6.5673056 6.0132997 6.8661525 5.2127613 5.5030240 6.1182787 6.2286056 3.8209709 5.6598147 4.3240112 5.8198505 5.7418419 4.7617278 5.2075946 6.0137753 4.6052377 6.9583803 5.5709666 4.5019579 4.4036268 5.5271631 4.6589730 5.9790037 4.7374355 5.0187866 5.7287323 4.4870569 4.4690516 4.1984461 5.3448486 4.7496003 3.9599889 4.2558204 4.8060330 4.5076525 6.9039894 4.5274759 4.8049359 4.7242641 3.5727077 4.2176669 5.0411091 6.3696914 6.1113536 5.5313743 4.2485489 5.0902528 5.4819039 4.0913668 5.9085077 4.7117423 7.1606635 
CDC5_XM_002981114.2_XP_002981160.1_cell_division_cycle_5-like_protein__Selaginella_moellendorffii_               0.0413630 0.0000000 0.2578808 3.2537832 4.9038341 5.0304576 5.8977029 5.1581518 6.0147631 5.3316472 6.0313277 5.4527247 5.4242376 5.7382742 5.1156433 4.1575882 5.7991193 4.9499042 4.0484942 3.6696871 6.2860119 6.0034065 6.1836583 4.8008446 5.0186824 5.7201690 6.1366816 3.7201049 5.7872437 4.1550862 6.5649002 5.6796289 5.3003054 5.5126375 5.9303737 5.4348525 6.6585027 5.6481725 4.7909799 4.8981932 5.9491411 4.8442610 5.7853019 4.8615128 5.3923603 6.0777805 4.9000923 4.1234449 4.7536884 6.0253910 5.0972250 3.7484129 4.2740015 5.0127448 4.9814964 7.3039051 4.3095914 4.6302049 5.0906554 3.3441163 4.3690927 5.1967533 6.3239859 6.0871451 6.0187331 4.4343777 5.2776914 5.8434906 4.4485536 6.4738849 5.0319369 7.5223104 
CDC5_Mapoly0014s0195_PTQ45693.1_hypothetical_protein_MARPO_0014s0195__Marchantia_polymorpha_                     0.2496971 0.2578808 0.0000000 3.2037168 5.1040098 5.3940566 5.4202285 5.1909886 5.4185454 5.4380126 5.7534064 5.2658015 4.5367728 5.7682738 5.1139026 4.6206881 5.1086552 4.8906141 4.2944403 3.6696871 5.5953741 5.4435871 5.5777188 4.8010241 5.0191681 5.6582103 7.0567536 3.7587716 5.7522313 4.4966467 6.6387601 6.2891121 5.1242157 5.0523792 5.8004339 5.3307636 6.1066828 5.2472067 4.7397203 4.7094401 5.2085717 5.2474388 5.2103908 4.9100689 4.8871861 5.2861998 4.5242738 4.3806141 4.5549705 5.6556264 4.6206591 3.8786434 4.3018934 4.7020154 4.6978348 6.5811532 4.2322671 5.2222184 5.1476653 3.4082591 4.0977705 5.0179069 6.6712829 6.2459212 5.6083778 4.1042213 5.5011113 5.6871189 4.6721168 6.7081348 4.6865189 7.6349862 
I_Mapoly0085s0092_PTQ33890.1_hypothetical_protein_MARPO_0085s0092__Marchantia_polymorpha_                        3.0644677 3.2537832 3.2037168 0.0000000 1.3632553 1.4808762 1.9175181 1.9421264 2.2829129 2.0721855 2.0599790 2.0838408 1.9857729 2.1079271 2.2568480 2.1373757 2.0245803 2.6297651 2.0017964 2.0167587 2.6202190 2.5176475 2.9492710 2.3512052 1.9966643 2.6943937 2.8625449 1.9428896 2.1271965 2.3924343 2.7155566 2.2969602 2.3018307 2.2688714 2.1818355 2.1696391 2.1758998 2.0447941 1.9592006 2.3223861 2.0775392 2.6805666 2.3421440 1.9611328 2.3987749 2.1406059 2.6618498 2.2906447 2.4959537 1.9191347 1.9921271 1.6233702 1.3865559 1.8479218 1.5348472 2.0718242 1.8765044 1.9947656 1.7060787 1.8560267 1.9797105 2.4466973 2.1498158 2.0138051 2.1732492 1.9979080 2.5323490 2.0017470 2.2313571 2.1540112 2.3816159 2.9715477 
II_Mapoly0001s0061_PTQ49997.1_hypothetical_protein_MARPO_0001s0061__Marchantia_polymorpha_                       4.8053467 4.9038341 5.1040098 1.3632553 0.0000000 1.3466892 2.7378931 2.5370288 2.6769030 2.4905152 2.4130677 3.1911031 2.8546904 2.5501081 2.7326048 3.2400355 2.8001565 3.4466444 2.3494815 1.9318387 4.5178539 4.5845547 3.9135792 2.5506564 2.4898600 4.0665145 4.1991532 2.1886123 3.5538264 3.2939933 4.6266802 3.5971608 3.0391499 3.1339023 3.4521009 3.6708398 3.7856160 3.3439973 3.1444092 3.1209052 3.5630566 2.9307398 3.2769609 2.7135914 3.3816364 2.5686132 2.7306660 2.9552498 2.6799925 2.1724181 2.3269015 1.9331061 1.4916077 1.5714197 1.4958370 3.1531750 2.2223087 2.0159232 2.5173009 2.7241822 2.4462793 3.1278974 3.9527392 3.9803376 4.1960395 2.5616049 3.3864934 3.5536971 3.2506064 3.0731252 2.1713373 4.3957039 
III_XM_002991980.2_XP_002992026.2_myb-related_protein_B__Selaginella_moellendorffii_                             4.8617121 5.0304576 5.3940566 1.4808762 1.3466892 0.0000000 2.4271447 2.1647386 3.0331874 2.2735563 2.5409124 2.6314732 2.8197532 2.8428177 2.7832959 3.2271724 2.7637751 3.1556938 1.9910121 2.1433301 2.8664739 3.4667104 3.4108797 2.6462670 2.4149158 3.0782235 3.3743729 2.1030312 3.5729101 3.2263017 3.6439008 3.6635549 3.0409251 3.4945159 3.4771183 3.5149646 3.2974664 3.1608722 2.9029746 2.8502022 3.5530981 3.3836998 3.2950310 3.0225740 3.7916713 3.0793215 3.6018503 2.7037224 3.2683769 2.1185055 2.2762713 1.8876566 1.5623496 1.6071019 1.5467196 2.3273181 2.2171409 1.9563326 2.5168319 2.3710699 2.5357386 3.0893280 3.3707174 3.4650992 3.5618642 2.7439980 2.6215077 3.0323680 3.2319671 3.4853414 2.5095005 2.9269039 
III_Mapoly0007s0271_PTQ47916.1_hypothetical_protein_MARPO_0007s0271__Marchantia_polymorpha_                      5.8426675 5.8977029 5.4202285 1.9175181 2.7378931 2.4271447 0.0000000 1.3559169 1.7328695 1.6726696 1.3889335 1.8316447 3.0584847 3.0158389 2.8277949 2.7744537 2.8814513 4.1405262 3.0124554 2.3173050 3.3188299 3.5110960 3.5555633 2.2200366 2.1338514 3.3578682 3.9414922 1.9032974 3.3372445 3.3669382 3.7635909 3.9279309 3.2012914 3.3077555 3.4960343 3.8754414 3.7009845 3.0566104 4.0079840 3.8006735 4.2733122 3.1585683 3.3734882 2.9362545 3.5848354 3.3686160 3.8662230 2.4997849 4.4693736 2.5541997 2.7959407 2.1085637 2.5778692 2.4342083 2.3130769 1.5809722 1.2744028 1.5347291 2.4451096 2.2783179 2.1850343 3.0326944 3.7021587 3.8366032 4.0920326 3.9889827 3.1295940 2.7576689 3.5808197 3.5880866 2.1614449 4.3779193 
III_XM_002971992.2_XP_002972038.2_transcription_factor_MYB1__Selaginella_moellendorffii_                         5.2069742 5.1581518 5.1909886 1.9421264 2.5370288 2.1647386 1.3559169 0.0000000 1.5006840 1.3278311 1.5901290 1.5825077 2.4305833 2.2756918 2.3262219 2.4163831 2.4112547 3.0848438 2.2403384 1.9529371 3.0133286 2.9711994 2.6689875 2.3356409 1.9746111 3.1300246 3.4365266 1.6575517 2.6303517 2.6123498 2.9600504 2.9686948 2.9386861 3.0153082 3.3044829 3.0245747 2.7990573 3.0339285 2.8177616 2.9783387 3.4130457 2.6700540 3.2702754 2.4755948 2.8630197 3.1766981 3.0668207 2.0889703 2.9899188 2.1445107 2.0920277 1.7788645 2.1920414 2.3936631 2.0337495 1.4808187 1.3086248 1.4277626 2.0235752 2.2551328 1.8096747 2.6034380 3.3829747 3.4309758 3.2632361 3.7120022 2.4854890 2.7475757 2.8565635 2.5902782 1.9281440 3.6070389 
IV_MN199005_QIN53281.1_R2R3-MYB_transcription_factor__Selaginella_moellendorffii_                                5.6414600 6.0147631 5.4185454 2.2829129 2.6769030 3.0331874 1.7328695 1.5006840 0.0000000 0.9797185 1.0016881 1.1345934 2.8036424 2.4675279 2.5172469 2.3515912 2.9361430 3.4082578 2.4702396 1.8222155 3.4914224 3.2821285 3.5265359 2.3633849 2.2666773 3.1493759 3.0145216 1.7990394 3.2799271 2.9577173 3.5582471 3.3966533 2.9452020 3.6386827 3.2218348 2.8696490 3.3537861 3.2446361 3.4669702 3.3493305 4.0346514 2.8652299 3.7106810 3.0097947 2.7530731 3.0761370 3.8835017 2.7921034 3.5161669 2.6188229 2.6243174 1.8384302 2.3195105 2.4971564 2.5092884 2.1226878 0.9102654 1.0920752 1.8143829 1.8811845 1.9287986 2.6453625 3.7679207 3.5018512 3.4885243 3.2235118 3.3203477 3.2330613 4.0261550 3.7714593 2.1167659 3.8147531 
IV_MN199007_QIN53283.1_R2R3-MYB_transcription_factor__Selaginella_moellendorffii_                                4.8551593 5.3316472 5.4380126 2.0721855 2.4905152 2.2735563 1.6726696 1.3278311 0.9797185 0.0000000 1.0219647 0.9422827 2.9940316 3.0231065 2.1514373 2.9528866 2.9768488 3.9115070 2.9020357 2.1067596 4.0190311 3.8165269 3.7648646 2.2164193 2.0498698 3.9147723 3.5109711 1.5152801 2.8418081 2.9177421 3.6201766 3.7951654 3.2272408 3.3747099 2.9440452 3.0643103 3.2384518 3.0868581 3.3323951 3.5018922 4.2282378 3.5400959 3.3512645 3.1827486 3.6893555 2.7418699 3.8592911 2.3509478 3.8122444 2.5125316 2.4362326 2.2824564 2.3371699 2.8113880 2.3419839 1.9092575 1.0342118 0.9942648 2.4807426 2.1506494 2.1616031 2.5662483 3.1755634 4.0818830 3.3899428 3.0142845 2.9634400 2.6483366 3.1150738 3.6791479 2.0334988 3.8144619 
IV_MN199006_QIN53282.1_R2R3-MYB_transcription_factor__Selaginella_moellendorffii_                                6.1129418 6.0313277 5.7534064 2.0599790 2.4130677 2.5409124 1.3889335 1.5901290 1.0016881 1.0219647 0.0000000 1.0794803 3.1204038 2.7364780 2.9117170 2.7847945 3.0516664 3.4569789 2.7230950 1.9934103 3.6384751 3.6892113 3.5915542 2.3801106 2.0289757 3.3018834 3.4397602 1.5833137 3.0715956 2.8411577 3.2275353 3.0241997 3.0943607 3.3911870 2.6163669 3.0108431 3.1828119 2.9883812 3.6593043 3.9078176 3.9120313 3.3143974 3.4796947 3.1703495 3.3505870 3.4962312 3.8245867 2.3820151 3.6360968 2.6747338 2.6275593 1.8606727 2.5185450 2.1052812 2.4880530 1.9467069 0.8798104 0.9482707 2.5013130 2.0517150 2.2800011 2.9456434 3.3129714 3.9861295 3.3372031 3.2587020 3.5112053 2.8266502 3.2057739 4.1141568 1.8499494 4.1226898 
IV_Mapoly0032s0153_PTQ41991.1_hypothetical_protein_MARPO_0032s0153__Marchantia_polymorpha_                       5.4159566 5.4527247 5.2658015 2.0838408 3.1911031 2.6314732 1.8316447 1.5825077 1.1345934 0.9422827 1.0794803 0.0000000 3.1107459 3.0903202 2.7688536 3.4417820 3.6175309 4.2090276 2.6668213 2.1001893 3.6174657 4.5586583 4.4891743 2.5165589 2.2417107 3.9562145 3.9317462 1.9317434 3.4280570 3.3655651 4.1123945 3.9695862 3.6770493 3.3748103 3.2841934 3.4119098 3.3390699 3.1691345 4.1471179 4.1358458 4.7947424 3.9355712 3.5535681 3.5298368 4.1357747 3.1481489 4.1228596 2.5658764 4.3359299 2.8204843 2.6005398 2.3264148 2.3648664 2.6124807 2.3489825 2.0649063 0.8842461 0.9795562 2.5250316 2.2750559 2.3698821 3.0078591 3.4540501 4.1016865 3.7508080 3.6994896 4.0145639 3.1997000 3.9964863 4.5630233 1.9003751 5.0226970 
V_Mapoly0008s0029_PTQ47242.1_hypothetical_protein_MARPO_0008s0029__Marchantia_polymorpha_                        5.0751082 5.4242376 4.5367728 1.9857729 2.8546904 2.8197532 3.0584847 2.4305833 2.8036424 2.9940316 3.1204038 3.1107459 0.0000000 0.9026739 0.9652061 1.3007207 0.9906525 3.4387875 2.4006084 2.0020533 3.4769379 3.4255939 3.4050285 2.5848778 2.5819866 3.6769821 3.9571760 2.6077209 4.6247228 4.0713297 4.6960556 4.1188350 3.8447797 4.3686213 3.9710839 4.5694153 4.3995545 3.9463813 3.5393976 3.2075803 4.2459717 3.4402802 3.6905798 3.2266502 3.5937385 3.4667627 3.8514232 2.7070443 4.0229689 4.0894991 3.8159742 2.7358590 3.1236585 2.3835643 2.9423028 2.7019836 2.3421708 2.5185622 1.0798880 1.2534528 0.9815501 2.9446018 4.0225191 4.0409002 4.6384436 3.8532047 4.1041080 3.7573108 4.1401479 3.8653112 1.0420665 3.5046592 
V_XM_002977602.2_XP_002977648.2_uncharacterized_protein_LOC9657152__Selaginella_moellendorffii_                  5.7424053 5.7382742 5.7682738 2.1079271 2.5501081 2.8428177 3.0158389 2.2756918 2.4675279 3.0231065 2.7364780 3.0903202 0.9026739 0.0000000 0.8714398 1.2636102 1.1548457 3.2622385 2.6648021 2.1320756 4.0312551 3.9095171 3.0547919 2.8129205 2.7694971 4.0152004 3.6616391 2.2977040 4.1418384 3.9431454 4.2061613 4.0192960 3.7816079 4.0336538 4.4407605 4.2608998 3.6244076 4.3233993 3.4622946 3.4004610 4.2632353 3.1504832 3.4939958 3.3934074 3.9314814 3.8269436 4.0796576 3.0248982 4.2729860 3.5700225 3.5594615 2.6605208 2.9905332 2.6966698 2.7766013 2.7711813 2.0331109 2.1720667 0.9686937 1.2902675 0.8752117 3.5184237 5.0350577 3.5307610 4.5005322 4.2513640 3.3391093 3.5101909 3.6637629 4.0313503 1.0954798 4.1320472 
V_MN199008_QIN53284.1_R2R3-MYB_transcription_factor__Selaginella_moellendorffii_                                 4.9467473 5.1156433 5.1139026 2.2568480 2.7326048 2.7832959 2.8277949 2.3262219 2.5172469 2.1514373 2.9117170 2.7688536 0.9652061 0.8714398 0.0000000 1.4062626 0.9702385 3.0747911 2.2051859 1.9877538 3.6648359 3.8448970 3.9685725 2.6080368 2.5079950 4.0505804 3.2851869 2.4175357 4.1078022 3.4269942 3.6228663 4.0514098 3.5134932 3.4658671 3.3559691 4.2563137 3.8937824 3.6197404 4.2193309 3.6831309 4.4716511 3.8198738 3.3177102 3.7321324 4.3435874 3.0317112 4.1666584 2.8781372 5.7249122 3.3584868 3.0342117 2.8594152 3.1105972 2.4945108 2.6139986 2.4864156 2.0667644 2.2670489 1.0745609 1.0554222 0.7664366 3.3061728 4.2284256 3.9690667 4.2356894 3.8537506 4.1345428 3.9840874 3.8368901 3.8266228 0.9728990 4.1775184 
V_MN199009_QIN53285.1_R2R3-MYB_transcription_factor__Selaginella_moellendorffii_                                 4.4717414 4.1575882 4.6206881 2.1373757 3.2400355 3.2271724 2.7744537 2.4163831 2.3515912 2.9528866 2.7847945 3.4417820 1.3007207 1.2636102 1.4062626 0.0000000 1.3219423 3.0596304 2.3365281 2.0598009 4.4782851 3.6165551 3.4040375 2.5632419 2.3444175 3.9960827 4.2826516 2.3778534 4.5363776 3.3835120 4.3307364 3.8646377 3.1227494 4.3435895 4.0829520 3.8361797 4.2444710 4.0301219 3.0866806 3.3322446 4.5503267 3.3758616 3.5349787 3.0464033 3.8030123 3.3573819 4.0838002 2.6520434 4.0693115 3.3611698 3.6231068 2.3335623 3.4266767 2.9424117 3.0925979 2.7787994 2.2518472 2.2373801 1.1728483 1.3652444 0.9432725 3.7106136 3.9697101 3.7663297 4.3569717 3.4180112 3.5400076 3.3496359 3.7986800 3.4518366 1.0761204 4.8328159 
V_MN199010_QIN53286.1_R2R3-MYB_transcription_factor__Selaginella_moellendorffii_                                 5.3657171 5.7991193 5.1086552 2.0245803 2.8001565 2.7637751 2.8814513 2.4112547 2.9361430 2.9768488 3.0516664 3.6175309 0.9906525 1.1548457 0.9702385 1.3219423 0.0000000 3.2537740 2.3409828 1.9263770 4.2433177 3.7472575 3.8442602 2.5431266 2.4921931 3.6442044 3.8375745 2.2799417 4.9041351 3.6395050 3.9024154 4.2010050 3.3789814 4.3852400 4.4217215 4.1481545 3.9052487 4.2405760 4.0553175 3.5564678 3.8048023 3.3327800 3.3989094 3.6786573 4.0732981 3.9508087 3.8824107 2.7703727 4.1982238 3.5158631 3.7032638 2.3990304 3.3231548 2.3332136 3.0478350 2.7004183 2.1536650 2.4487045 1.0729376 1.3649406 1.0339050 3.4495324 4.4304285 4.1104627 3.8901470 3.0294542 3.5847160 3.7010120 3.5284313 3.5173116 1.0567976 4.1778390 
VI_g8575.t1_length                                                                                               4.9821526 4.9499042 4.8906141 2.6297651 3.4466444 3.1556938 4.1405262 3.0848438 3.4082578 3.9115070 3.4569789 4.2090276 3.4387875 3.2622385 3.0747911 3.0596304 3.2537740 0.0000000 0.0405152 0.0543787 2.1123715 1.7835160 2.0956757 1.2089372 0.9956850 2.0158952 2.0078035 1.5907146 3.0851899 2.9630282 3.0341381 2.6493375 2.6554088 3.2529584 3.0943496 3.3275005 3.2408211 3.1222559 2.5110502 2.6577607 3.2202164 2.8704357 2.8018562 3.0877835 3.4246592 2.4801300 3.0326678 1.2065663 3.3043038 4.4248373 4.1804599 3.5906001 3.2270705 3.1235659 3.1183382 3.4839791 2.8668349 3.4982164 3.0168540 2.9158794 2.4406600 1.8454016 2.9689466 3.0112828 3.3550131 3.2494099 2.9180109 2.4013252 2.8538324 3.1687216 2.6215119 3.5436812 
VI_BBG43567_LC221833_MYB_transcription_factor                                                                    4.3952164 4.0484942 4.2944403 2.0017964 2.3494815 1.9910121 3.0124554 2.2403384 2.4702396 2.9020357 2.7230950 2.6668213 2.4006084 2.6648021 2.2051859 2.3365281 2.3409828 0.0405152 0.0000000 0.0624396 1.2624847 1.3486620 1.1924174 0.9007105 0.7770760 1.1166253 1.2807203 1.3299708 1.8981178 1.9086466 1.8972881 1.5459234 1.7866169 1.9884887 1.9287130 1.9453655 1.8848964 1.9579585 2.0241100 1.6645479 2.1148082 2.2805343 2.3767042 2.4288292 1.9660821 1.7296835 1.8848864 0.8945258 1.8903935 2.7290341 2.7843752 2.6326830 2.0773531 2.1362331 1.9999917 2.5507484 1.7754401 2.2100693 2.0010174 1.7582789 1.8539598 1.1489816 1.7172392 1.7954169 1.8145325 2.3721659 1.7867501 1.6710351 1.6081808 2.0688351 1.8706650 2.3378273 
BBG43566_LC221832_Chara_leptospora_mRNA_for_MYB_transcription_factor                                             4.0352879 3.6696871 3.6696871 2.0167587 1.9318387 2.1433301 2.3173050 1.9529371 1.8222155 2.1067596 1.9934103 2.1001893 2.0020533 2.1320756 1.9877538 2.0598009 1.9263770 0.0543787 0.0624396 0.0000000 1.0255083 0.9503600 0.9945511 0.8924027 0.7696709 0.9364864 0.9605630 1.2848505 1.4017574 1.3704804 1.4335514 1.2413584 1.3959700 1.5989796 1.4594851 1.4426154 1.5490067 1.4643725 1.6169635 1.3570843 1.5296570 1.7064413 1.8253391 1.7596870 1.6001648 1.4518745 1.4378924 0.8861723 1.4333205 2.1718819 2.1954980 2.6334425 2.1371329 2.1908383 1.8498307 2.1495415 1.6920900 2.0895986 1.9527039 1.7779657 1.9013154 0.9234225 1.3407791 1.4430202 1.3998042 1.6905197 1.5170670 1.2934851 1.2471517 1.6819165 1.8668097 1.8813764 
VI_Mapoly0019s0071.1                                                                                             6.5673056 6.2860119 5.5953741 2.6202190 4.5178539 2.8664739 3.3188299 3.0133286 3.4914224 4.0190311 3.6384751 3.6174657 3.4769379 4.0312551 3.6648359 4.4782851 4.2433177 2.1123715 1.2624847 1.0255083 0.0000000 0.5680020 0.6953867 0.2582860 0.2066337 0.6129155 0.9951391 1.1196646 2.0742916 2.1150912 1.9393830 2.1032714 2.3739994 2.1880244 2.0297316 2.3452391 2.2806753 1.9708341 2.6425739 2.5398732 2.9563157 3.4730744 2.6084795 2.9807610 2.6945851 2.0136262 2.5047648 0.2770549 2.8574702 4.1406512 4.1018989 3.1184000 2.3802495 2.6034365 3.0767861 2.6636255 2.7756017 2.8337110 3.0267821 2.9056250 3.5910076 1.1590000 2.1312814 2.5471875 2.3772596 2.6191315 2.3696250 1.9843562 2.3691201 2.5677460 2.9777562 3.5453842 
VI_XM_024688730.1__XP_024544498.1                                                                                6.0132997 6.0034065 5.4435871 2.5176475 4.5845547 3.4667104 3.5110960 2.9711994 3.2821285 3.8165269 3.6892113 4.5586583 3.4255939 3.9095171 3.8448970 3.6165551 3.7472575 1.7835160 1.3486620 0.9503600 0.5680020 0.0000000 0.6367168 0.2541292 0.2008191 0.7184252 0.9203873 1.0973314 2.3111557 1.9718769 2.0519327 2.1305247 2.5275650 2.4323020 2.0646391 2.1524700 2.1870264 2.0775072 2.5134380 2.4062143 3.0790793 2.9375062 2.0892608 2.7210140 2.5118497 2.1752848 2.5108025 0.2827794 2.8851465 3.3735387 3.6517917 2.6987193 2.7351807 2.4274432 3.4059052 2.9836467 2.7670652 2.7347963 3.1013933 2.9433363 3.1662401 1.1491013 2.3774301 2.8373004 2.1713695 2.6014245 2.4397876 2.0726892 2.2684290 2.7883476 2.8657023 3.6400006 
VI_XM_024688389.1_XP_024524157.1_transcription_repressor_MYB4__Selaginella_moellendorffii_                       6.8661525 6.1836583 5.5777188 2.9492710 3.9135792 3.4108797 3.5555633 2.6689875 3.5265359 3.7648646 3.5915542 4.4891743 3.4050285 3.0547919 3.9685725 3.4040375 3.8442602 2.0956757 1.1924174 0.9945511 0.6953867 0.6367168 0.0000000 0.3003475 0.2365627 0.9041837 0.8670726 1.1206677 2.5443617 2.2969222 2.6018529 2.2847870 2.4768798 2.6255096 2.4003748 2.9320069 2.5528712 2.4180563 2.4954474 2.6228091 3.0458937 2.8521108 2.6675850 2.6507485 2.9102097 1.8614501 2.6449269 0.3659672 2.6503190 4.7026596 4.3750340 3.1212986 2.9129513 2.6014851 3.2360062 2.8885059 3.0436738 2.6745348 2.7331117 2.8151621 3.2318522 0.9416866 2.4832755 2.6965989 2.7832466 2.1987705 2.3920883 1.9688216 2.4924159 2.4958211 3.1063084 4.3633411 
VI_Sacu_v1.1_s1503.g028048_Myb_transcription_factor__0.077_                                                      5.2127613 4.8008446 4.8010241 2.3512052 2.5506564 2.6462670 2.2200366 2.3356409 2.3633849 2.2164193 2.3801106 2.5165589 2.5848778 2.8129205 2.6080368 2.5632419 2.5431266 1.2089372 0.9007105 0.8924027 0.2582860 0.2541292 0.3003475 0.0000000 0.0000010 0.2555582 0.4581106 1.0249271 1.1954074 1.1643363 1.0881224 1.4936416 1.2983341 1.3334220 1.3692036 1.5050812 1.3173259 1.2469511 1.6374733 1.7298449 2.0791396 1.9564780 2.0146876 1.9444770 1.6913756 1.4022655 1.7836453 0.1452217 1.8721372 2.7678135 3.1715821 2.8920375 2.2692761 2.3363249 2.6756443 2.6155025 1.9008046 1.9525865 2.0639893 2.1708007 2.3682169 0.4810204 1.2736865 1.4250861 1.4888659 2.0649708 1.5881451 1.3261875 1.3821277 2.1021430 3.2257791 2.6851797 
VI_Sacu_v1.1_s0147.g023157_Myb_transcription_factor__0.077_                                                      5.5030240 5.0186824 5.0191681 1.9966643 2.4898600 2.4149158 2.1338514 1.9746111 2.2666773 2.0498698 2.0289757 2.2417107 2.5819866 2.7694971 2.5079950 2.3444175 2.4921931 0.9956850 0.7770760 0.7696709 0.2066337 0.2008191 0.2365627 0.0000010 0.0000000 0.1536296 0.4026599 1.0510141 1.1025024 1.1804934 1.0732386 1.3623588 1.1721292 1.3038932 1.2848315 1.2901337 1.2740414 1.1333271 1.4989384 1.6026727 1.9044472 1.7790191 1.7742663 1.7012757 1.5902047 1.4420299 1.5840847 0.0541793 1.7369152 2.4550861 2.8219515 2.4620638 2.0176922 2.1088243 2.3781680 2.3624901 1.8642089 1.7197763 2.0880806 2.0630820 2.1904988 0.3910653 1.1431550 1.2514917 1.3925863 1.8898262 1.3538252 1.1910710 1.2890263 1.8762020 2.8123844 2.5816586 
VI_MA_130648p0010_437_residues__                                                                                 6.1182787 5.7201690 5.6582103 2.6943937 4.0665145 3.0782235 3.3578682 3.1300246 3.1493759 3.9147723 3.3018834 3.9562145 3.6769821 4.0152004 4.0505804 3.9960827 3.6442044 2.0158952 1.1166253 0.9364864 0.6129155 0.7184252 0.9041837 0.2555582 0.1536296 0.0000000 1.0258898 1.0906209 2.0185977 2.4270744 2.4861665 2.1752156 2.4751333 2.2625915 2.0801139 2.5000075 2.3446810 2.1288305 2.6187252 2.4539042 2.7012866 3.0832395 2.4327156 2.9063158 2.6899830 2.2123761 2.6519762 0.2863164 2.4747766 3.8473761 3.7992392 3.3799925 2.6225528 2.5144648 3.3185446 2.8656900 2.2050941 2.5217199 3.4408858 3.3900901 3.2405690 1.0335529 2.0898020 2.4857018 2.3745344 2.0622506 2.2599414 2.2914042 2.5139145 2.5501868 3.1888736 3.5668708 
VI_AmTr_v1.0_scaffold00111.43_locus_evm_27.TU.AmTr_v1.0_scaffold00111.43                                         6.2286056 6.1366816 7.0567536 2.8625449 4.1991532 3.3743729 3.9414922 3.4365266 3.0145216 3.5109711 3.4397602 3.9317462 3.9571760 3.6616391 3.2851869 4.2826516 3.8375745 2.0078035 1.2807203 0.9605630 0.9951391 0.9203873 0.8670726 0.4581106 0.4026599 1.0258898 0.0000000 1.1626532 2.1598968 2.2605632 2.3207337 2.1411759 2.4618782 2.0845727 1.8580257 2.5719887 2.2748818 1.9340357 2.4699835 2.2147510 2.7939102 2.8590704 2.6331112 2.7856175 2.5664319 2.2314687 2.6127661 0.4919373 2.6200895 4.0855185 3.8356645 3.4330391 2.7102312 2.3744418 3.2885000 3.0485075 2.2490225 2.7564933 3.1373099 2.8098063 3.6231351 0.8829138 2.1445548 2.6230980 2.0256015 2.6943930 2.4393573 1.8522166 2.0377594 2.4194260 3.1052435 3.3926993 
VII_HAOX-0009745                                                                                                 3.8209709 3.7201049 3.7587716 1.9428896 2.1886123 2.1030312 1.9032974 1.6575517 1.7990394 1.5152801 1.5833137 1.9317434 2.6077209 2.2977040 2.4175357 2.3778534 2.2799417 1.5907146 1.3299708 1.2848505 1.1196646 1.0973314 1.1206677 1.0249271 1.0510141 1.0906209 1.1626532 0.0000000 0.5200904 0.4629220 0.7462444 0.7069048 0.8485770 0.5352663 0.4672447 0.5592124 0.4619078 0.5269703 0.8964003 1.1200238 1.1232399 1.0722915 1.2812925 1.0719861 1.2402469 1.4129686 1.3210226 1.0639949 1.0484190 1.9777854 1.6906904 2.5127197 1.7579915 1.9810416 1.8728874 2.0585035 1.9770187 1.9135292 2.5591143 2.2393143 2.2068410 1.0631248 0.5610390 0.8353994 0.5920285 1.2736689 1.0267560 0.7056726 0.7699756 1.0741438 2.6536189 1.6640496 
VII_Mp3g05910.1                                                                                                  5.6598147 5.7872437 5.7522313 2.1271965 3.5538264 3.5729101 3.3372445 2.6303517 3.2799271 2.8418081 3.0715956 3.4280570 4.6247228 4.1418384 4.1078022 4.5363776 4.9041351 3.0851899 1.8981178 1.4017574 2.0742916 2.3111557 2.5443617 1.1954074 1.1025024 2.0185977 2.1598968 0.5200904 0.0000000 0.9232815 1.4704770 1.2024036 1.4303625 0.7076581 0.8207783 0.7064439 1.0249428 0.8906025 1.6851750 2.1826907 2.6150209 2.2163913 2.3010554 2.3593454 2.0669835 2.0318562 2.1841483 1.2585889 2.0718436 3.8154008 4.0520203 2.8562862 2.2875266 3.1546741 2.6282253 3.5811061 2.6941418 2.8774548 3.5429461 3.1896606 2.9732756 1.9806147 1.1139087 1.5811383 1.1847919 1.9578917 1.9558072 1.3204146 1.2958710 2.0351431 3.0825142 3.1065448 
VII_ENA_MN199011_MN199011.1_Selaginella_moellendorffii                                                           4.3240112 4.1550862 4.4966467 2.3924343 3.2939933 3.2263017 3.3669382 2.6123498 2.9577173 2.9177421 2.8411577 3.3655651 4.0713297 3.9431454 3.4269942 3.3835120 3.6395050 2.9630282 1.9086466 1.3704804 2.1150912 1.9718769 2.2969222 1.1643363 1.1804934 2.4270744 2.2605632 0.4629220 0.9232815 0.0000000 1.3420225 1.5108946 1.1725215 1.1299575 1.0107266 1.0868255 1.0249963 1.0968802 1.7475146 1.8294360 2.3097248 2.3404418 1.8907083 1.9978538 2.1010701 2.0855375 1.8716589 1.3346077 2.0953751 3.1173392 3.7667073 3.3540511 2.5236707 2.6007686 3.3024345 3.1139271 2.1983856 2.3377142 3.1887805 2.5302840 2.9168131 1.7173846 1.0188451 1.4359203 1.4167879 1.9759089 1.9322006 1.3323575 1.5082859 2.2788352 3.0945292 2.7262600 
VII_Sacu_v1.1_s0002.g001222_Myb_transcription_factor__0.077_                                                     5.8198505 6.5649002 6.6387601 2.7155566 4.6266802 3.6439008 3.7635909 2.9600504 3.5582471 3.6201766 3.2275353 4.1123945 4.6960556 4.2061613 3.6228663 4.3307364 3.9024154 3.0341381 1.8972881 1.4335514 1.9393830 2.0519327 2.6018529 1.0881224 1.0732386 2.4861665 2.3207337 0.7462444 1.4704770 1.3420225 0.0000000 1.1329563 1.2269326 1.4426708 1.3461331 1.3257067 1.6682824 1.4627222 1.9189625 2.1965224 2.9760685 2.5388341 2.5300665 2.4141792 2.5426031 2.4902893 2.4077027 1.3016851 2.5621768 3.6818899 4.0109439 3.4589271 3.0026081 2.7097281 3.4882085 3.5340400 2.7376621 3.3999801 3.4421460 3.9896789 3.2634176 2.0419812 1.6396359 2.0132710 1.6406612 2.3418266 2.0347196 1.1061681 1.0585461 2.1042226 3.1041773 3.3127598 
VII_Sacu_v1.1_s0041.g012546_Myb_transcription_factor__0.077_                                                     5.7418419 5.6796289 6.2891121 2.2969602 3.5971608 3.6635549 3.9279309 2.9686948 3.3966533 3.7951654 3.0241997 3.9695862 4.1188350 4.0192960 4.0514098 3.8646377 4.2010050 2.6493375 1.5459234 1.2413584 2.1032714 2.1305247 2.2847870 1.4936416 1.3623588 2.1752156 2.1411759 0.7069048 1.2024036 1.5108946 1.1329563 0.0000000 1.2814814 1.2584331 1.2472968 1.3209540 1.5453709 1.5076465 1.6409225 2.0636779 2.8292601 2.4382621 2.5164243 2.2599258 2.4820486 1.8903215 2.1193888 1.3789036 2.0959798 4.0196128 3.9768446 2.4611881 2.5666363 2.6918144 2.6681719 3.7440900 2.9711129 3.3916673 3.4500342 3.6711377 3.4680081 1.7205655 1.3353511 2.0504306 1.5890819 2.5578301 2.3465861 0.6851571 1.1143699 2.1530101 3.7623326 2.9731103 
VII_Sacu_v1.1_s0272.g027033_Myb_transcription_factor__0.077_                                                     4.7617278 5.3003054 5.1242157 2.3018307 3.0391499 3.0409251 3.2012914 2.9386861 2.9452020 3.2272408 3.0943607 3.6770493 3.8447797 3.7816079 3.5134932 3.1227494 3.3789814 2.6554088 1.7866169 1.3959700 2.3739994 2.5275650 2.4768798 1.2983341 1.1721292 2.4751333 2.4618782 0.8485770 1.4303625 1.1725215 1.2269326 1.2814814 0.0000000 1.6064252 1.4265563 1.3650665 1.8049635 1.3744057 1.6639662 1.9449975 2.5282957 2.1469223 2.5014520 2.0855657 2.5441537 1.7555215 2.0096879 1.3529502 2.0208922 3.7666232 3.7774564 2.5974330 2.4774809 2.4787440 2.9049142 3.1956565 2.1673380 2.9362381 3.0096930 3.1781842 2.6911249 2.0001424 1.6370348 1.9839581 1.9454615 2.2653024 2.3742216 1.2079576 0.9919317 1.9899935 2.5977063 3.0444952 
VII_MA_96853p0010_582_residues__                                                                                 5.2075946 5.5126375 5.0523792 2.2688714 3.1339023 3.4945159 3.3077555 3.0153082 3.6386827 3.3747099 3.3911870 3.3748103 4.3686213 4.0336538 3.4658671 4.3435895 4.3852400 3.2529584 1.9884887 1.5989796 2.1880244 2.4323020 2.6255096 1.3334220 1.3038932 2.2625915 2.0845727 0.5352663 0.7076581 1.1299575 1.4426708 1.2584331 1.6064252 0.0000000 0.6192171 0.9707575 0.8630254 0.7390090 1.7628836 2.1269691 2.7250986 2.3440497 2.2191383 2.4292209 2.3675630 2.2704224 2.2299819 1.3279098 2.4019127 3.9062737 4.1843680 3.0927500 2.4963657 2.9929459 3.4606887 3.7317605 2.7005826 3.2332973 3.3113420 3.4357672 2.8100775 1.9057180 0.9633076 1.6435816 1.2445564 1.9715071 2.6325904 1.4321209 1.4218837 2.1259766 2.7625758 3.5870973 
VII_MA_10208000p0010_602_residues__                                                                              6.0137753 5.9303737 5.8004339 2.1818355 3.4521009 3.4771183 3.4960343 3.3044829 3.2218348 2.9440452 2.6163669 3.2841934 3.9710839 4.4407605 3.3559691 4.0829520 4.4217215 3.0943496 1.9287130 1.4594851 2.0297316 2.0646391 2.4003748 1.3692036 1.2848315 2.0801139 1.8580257 0.4672447 0.8207783 1.0107266 1.3461331 1.2472968 1.4265563 0.6192171 0.0000000 0.9201918 0.7490654 0.8364333 1.7977967 2.2806688 2.6397141 2.1253923 2.1502532 2.0689417 2.3684092 2.2220148 2.4236802 1.4917982 2.0797874 3.2634144 3.6325638 2.7647907 2.4520195 2.7888699 2.9117041 3.4429357 2.5395424 2.8818056 3.3592161 2.8804591 2.3920317 1.8403694 0.8849119 1.5389394 1.0693263 2.2129355 2.5023348 1.4273668 1.3420453 2.1818669 3.0403756 3.5295750 
VII_MA_20462p0010_470_residues__                                                                                 4.6052377 5.4348525 5.3307636 2.1696391 3.6708398 3.5149646 3.8754414 3.0245747 2.8696490 3.0643103 3.0108431 3.4119098 4.5694153 4.2608998 4.2563137 3.8361797 4.1481545 3.3275005 1.9453655 1.4426154 2.3452391 2.1524700 2.9320069 1.5050812 1.2901337 2.5000075 2.5719887 0.5592124 0.7064439 1.0868255 1.3257067 1.3209540 1.3650665 0.9707575 0.9201918 0.0000000 1.2334890 0.9654573 1.5376191 1.8867518 2.6429902 2.3283461 2.3550818 2.1424596 2.1931537 2.1272785 2.2498281 1.5801560 1.8973754 3.6659621 3.9849775 2.6793239 2.5478721 3.0487446 2.9180633 3.3440489 2.2529941 2.9852462 3.5131722 3.7476329 3.2762677 2.0901243 1.0731834 1.6282617 1.1827084 2.2949520 1.8792677 1.1889422 1.2705507 2.0965106 3.1779354 3.4854091 
VII_AmTr_v1.0_scaffold00038.91                                                                                   6.9583803 6.6585027 6.1066828 2.1758998 3.7856160 3.2974664 3.7009845 2.7990573 3.3537861 3.2384518 3.1828119 3.3390699 4.3995545 3.6244076 3.8937824 4.2444710 3.9052487 3.2408211 1.8848964 1.5490067 2.2806753 2.1870264 2.5528712 1.3173259 1.2740414 2.3446810 2.2748818 0.4619078 1.0249428 1.0249963 1.6682824 1.5453709 1.8049635 0.8630254 0.7490654 1.2334890 0.0000000 1.0517287 1.9059799 2.2567561 2.9237611 2.4357845 2.1168543 2.3914543 2.7225296 2.2091040 2.6077518 1.4761335 2.5981466 3.4946102 3.7579372 2.7426454 2.6024351 3.2048205 3.3817440 3.5847081 2.8309974 3.3539494 3.2496704 3.6019973 2.8171646 2.0535031 1.2156008 1.4565258 1.1491277 2.2711092 2.5738718 1.4159656 1.5263083 2.2712105 3.0370385 3.7291605 
VII_AmTr_v1.0_scaffold00037.85                                                                                   5.5709666 5.6481725 5.2472067 2.0447941 3.3439973 3.1608722 3.0566104 3.0339285 3.2446361 3.0868581 2.9883812 3.1691345 3.9463813 4.3233993 3.6197404 4.0301219 4.2405760 3.1222559 1.9579585 1.4643725 1.9708341 2.0775072 2.4180563 1.2469511 1.1333271 2.1288305 1.9340357 0.5269703 0.8906025 1.0968802 1.4627222 1.5076465 1.3744057 0.7390090 0.8364333 0.9654573 1.0517287 0.0000000 1.7556572 2.1180960 2.6702491 2.1288512 2.0635796 2.0519084 2.2336180 2.2055381 2.4000585 1.2601599 2.2558824 3.3151881 3.3026319 2.6830636 2.6162945 3.0100660 2.6688068 3.3280806 2.2727802 2.7150140 3.3608941 3.2694658 3.1022787 1.8528180 0.9081060 1.5719246 1.1904141 2.1841714 2.1666412 1.2099260 1.4595687 2.0560058 2.9941515 3.4780014 
VIII_MN199016_QIN53292.1_R2R3-MYB_transcription_factor__Selaginella_moellendorffii_                              4.5019579 4.7909799 4.7397203 1.9592006 3.1444092 2.9029746 4.0079840 2.8177616 3.4669702 3.3323951 3.6593043 4.1471179 3.5393976 3.4622946 4.2193309 3.0866806 4.0553175 2.5110502 2.0241100 1.6169635 2.6425739 2.5134380 2.4954474 1.6374733 1.4989384 2.6187252 2.4699835 0.8964003 1.6851750 1.7475146 1.9189625 1.6409225 1.6639662 1.7628836 1.7977967 1.5376191 1.9059799 1.7556572 0.0000000 1.0172687 1.4479443 1.0633793 1.4451375 1.4975944 1.0946565 2.1051292 1.4349631 1.6362168 1.3805289 3.2982619 3.3560119 3.2625863 2.4606303 2.6433977 2.8813342 3.7907328 2.7441583 3.1057753 4.0015603 5.1451466 3.2953179 1.9534825 1.5117443 2.1781222 1.8414239 1.0257471 1.4950143 1.5232278 1.8416617 0.9839159 3.2279004 2.2368546 
VIII_XM_024668296.1_XP_024524064.1_transcription_factor_MYB26__Selaginella_moellendorffii_                       4.4036268 4.8981932 4.7094401 2.3223861 3.1209052 2.8502022 3.8006735 2.9783387 3.3493305 3.5018922 3.9078176 4.1358458 3.2075803 3.4004610 3.6831309 3.3322446 3.5564678 2.6577607 1.6645479 1.3570843 2.5398732 2.4062143 2.6228091 1.7298449 1.6026727 2.4539042 2.2147510 1.1200238 2.1826907 1.8294360 2.1965224 2.0636779 1.9449975 2.1269691 2.2806688 1.8867518 2.2567561 2.1180960 1.0172687 0.0000000 1.7092164 1.4683040 1.5663881 1.5801981 1.4488359 1.4964479 1.3537780 1.8607365 1.5300485 3.6353551 3.8708533 3.0752364 2.5206139 2.9722623 2.8021378 3.4785026 2.6248078 3.0719615 3.0783917 3.3301986 2.9417229 1.8593664 2.0821994 2.1772395 2.2144140 1.2987278 1.7818466 1.9293713 2.2141304 1.4098293 2.6768849 1.7509862 
VIII_Mapoly0073s0038_PTQ35164.1_hypothetical_protein_MARPO_0073s0038__Marchantia_polymorpha_                     5.5271631 5.9491411 5.2085717 2.0775392 3.5630566 3.5530981 4.2733122 3.4130457 4.0346514 4.2282378 3.9120313 4.7947424 4.2459717 4.2632353 4.4716511 4.5503267 3.8048023 3.2202164 2.1148082 1.5296570 2.9563157 3.0790793 3.0458937 2.0791396 1.9044472 2.7012866 2.7939102 1.1232399 2.6150209 2.3097248 2.9760685 2.8292601 2.5282957 2.7250986 2.6397141 2.6429902 2.9237611 2.6702491 1.4479443 1.7092164 0.0000000 1.1356577 1.5179479 1.6535455 1.9990977 2.3154065 1.8659071 1.9155415 1.7598740 3.9256143 3.3121992 3.0880349 2.8344817 2.9885233 3.6139367 3.4290483 2.7203304 3.6627740 4.1126469 4.0431256 3.2217493 2.3648497 2.3511193 2.4983992 3.0695357 1.6945779 2.2450985 2.2848818 2.5662744 1.4005691 3.0610819 2.8874860 
VIII_Mapoly0006s0226_PTQ48220.1_hypothetical_protein_MARPO_0006s0226__Marchantia_polymorpha_                     4.6589730 4.8442610 5.2474388 2.6805666 2.9307398 3.3836998 3.1585683 2.6700540 2.8652299 3.5400959 3.3143974 3.9355712 3.4402802 3.1504832 3.8198738 3.3758616 3.3327800 2.8704357 2.2805343 1.7064413 3.4730744 2.9375062 2.8521108 1.9564780 1.7790191 3.0832395 2.8590704 1.0722915 2.2163913 2.3404418 2.5388341 2.4382621 2.1469223 2.3440497 2.1253923 2.3283461 2.4357845 2.1288512 1.0633793 1.4683040 1.1356577 0.0000000 1.1380108 1.0239268 1.4776290 2.1483097 1.7035931 1.8519625 1.4406980 3.3223769 3.3874264 3.1421150 2.9371113 2.4968610 3.4169626 3.2690600 2.9627168 3.3576145 3.2504794 3.7253583 2.7148038 2.3653890 2.1866904 2.3666006 2.6592222 1.3039082 1.5631821 2.0582175 2.5941757 0.7591990 3.0948118 2.8390487 
VIII_XM_024680104.1_XP_024535872.1_transcription_factor_MYB8-like__Selaginella_moellendorffii_                   5.9790037 5.7853019 5.2103908 2.3421440 3.2769609 3.2950310 3.3734882 3.2702754 3.7106810 3.3512645 3.4796947 3.5535681 3.6905798 3.4939958 3.3177102 3.5349787 3.3989094 2.8018562 2.3767042 1.8253391 2.6084795 2.0892608 2.6675850 2.0146876 1.7742663 2.4327156 2.6331112 1.2812925 2.3010554 1.8907083 2.5300665 2.5164243 2.5014520 2.2191383 2.1502532 2.3550818 2.1168543 2.0635796 1.4451375 1.5663881 1.5179479 1.1380108 0.0000000 1.1023504 1.5278568 2.0004605 2.0867889 1.9646315 1.6584709 3.5823907 2.8719347 2.9791796 2.9156369 3.7687497 3.2165960 3.6136416 2.6220441 3.0160780 3.0834673 3.7027442 2.5099458 2.5176931 2.0557261 2.1976932 2.8258405 1.8347060 1.5876104 2.1162766 2.5407990 1.4264462 2.7968515 3.0025803 
VIII_MN199020_QIN53296.1_R2R3-MYB_transcription_factor__Selaginella_moellendorffii_                              4.7374355 4.8615128 4.9100689 1.9611328 2.7135914 3.0225740 2.9362545 2.4755948 3.0097947 3.1827486 3.1703495 3.5298368 3.2266502 3.3934074 3.7321324 3.0464033 3.6786573 3.0877835 2.4288292 1.7596870 2.9807610 2.7210140 2.6507485 1.9444770 1.7012757 2.9063158 2.7856175 1.0719861 2.3593454 1.9978538 2.4141792 2.2599258 2.0855657 2.4292209 2.0689417 2.1424596 2.3914543 2.0519084 1.4975944 1.5801981 1.6535455 1.0239268 1.1023504 0.0000000 1.6459835 2.3667793 1.5415010 1.8635785 1.4827357 3.6712713 3.5342923 3.2985071 2.7727644 2.6618191 3.2096064 2.7310557 2.5843899 2.9552269 3.5446919 3.3803522 2.3551587 2.5425074 1.9753242 2.4068485 2.5972187 1.5580604 1.5811498 2.1344005 2.3492275 0.9479526 2.6745198 3.8117281 
Azfi_s0014.g013584                                                                                               5.0187866 5.3923603 4.8871861 2.3987749 3.3816364 3.7916713 3.5848354 2.8630197 2.7530731 3.6893555 3.3505870 4.1357747 3.5937385 3.9314814 4.3435874 3.8030123 4.0732981 3.4246592 1.9660821 1.6001648 2.6945851 2.5118497 2.9102097 1.6913756 1.5902047 2.6899830 2.5664319 1.2402469 2.0669835 2.1010701 2.5426031 2.4820486 2.5441537 2.3675630 2.3684092 2.1931537 2.7225296 2.2336180 1.0946565 1.4488359 1.9990977 1.4776290 1.5278568 1.6459835 0.0000000 2.0008454 1.8219477 1.7778924 1.4386835 3.9167048 3.3531035 3.2404508 2.9574638 2.7395965 2.7058955 4.0009617 2.7708771 3.0087137 3.9013430 3.2788708 3.0376872 2.0655744 2.3135725 2.4970959 2.6686610 1.3428341 1.7606074 2.1078825 2.7962653 1.4544201 2.9621658 2.7519123 
Azfi_s0035.g025508                                                                                               5.7287323 6.0777805 5.2861998 2.1406059 2.5686132 3.0793215 3.3686160 3.1766981 3.0761370 2.7418699 3.4962312 3.1481489 3.4667627 3.8269436 3.0317112 3.3573819 3.9508087 2.4801300 1.7296835 1.4518745 2.0136262 2.1752848 1.8614501 1.4022655 1.4420299 2.2123761 2.2314687 1.4129686 2.0318562 2.0855375 2.4902893 1.8903215 1.7555215 2.2704224 2.2220148 2.1272785 2.2091040 2.2055381 2.1051292 1.4964479 2.3154065 2.1483097 2.0004605 2.3667793 2.0008454 0.0000000 1.6274280 1.4005192 1.8972703 4.2284405 3.7324876 2.9582872 2.6131120 2.5914347 2.3049279 3.4587211 2.1852993 2.4012497 2.7382279 2.6202127 2.6815362 1.7805115 2.2315435 2.4683568 2.2575969 2.3873420 1.8269548 1.8584450 2.1910760 2.0430871 2.7268671 2.4144499 
Azfi_s0041.g026722                                                                                               4.4870569 4.9000923 4.5242738 2.6618498 2.7306660 3.6018503 3.8662230 3.0668207 3.8835017 3.8592911 3.8245867 4.1228596 3.8514232 4.0796576 4.1666584 4.0838002 3.8824107 3.0326678 1.8848864 1.4378924 2.5047648 2.5108025 2.6449269 1.7836453 1.5840847 2.6519762 2.6127661 1.3210226 2.1841483 1.8716589 2.4077027 2.1193888 2.0096879 2.2299819 2.4236802 2.2498281 2.6077518 2.4000585 1.4349631 1.3537780 1.8659071 1.7035931 2.0867889 1.5415010 1.8219477 1.6274280 0.0000000 1.6844306 1.5604094 3.7636778 3.0593239 3.0305924 2.5176732 2.7252641 2.8741076 2.9712871 2.6621129 2.9926689 3.1386070 3.5707221 2.4090875 2.0594526 2.4627579 2.1216919 2.3263848 1.5196314 1.7636844 2.1693303 2.1933658 1.6828587 2.6412920 2.0019299 
