25
VII_HAOX-0009745                                                                                    0.0000000 0.7387942 0.7334338 1.0826724 0.9876699 1.0421399 0.7740908 0.6892326 0.7990786 0.5795915 0.6109734 0.6893395 0.9658208 1.1157624 2.1099420 2.0300229 1.3857691 1.7829508 1.8320779 7.1359075 1.7333228 1.5506694 1.6326431 1.6640184 1.6958243 
VII_Mp3g05910.1                                                                                     0.7387942 0.0000000 1.5303502 1.9455244 1.7142018 1.9641902 1.0317892 0.9725511 1.0568766 1.1479908 1.3348565 1.4146696 1.6834094 1.4605158 3.5014654 2.0224549 1.5459617 3.1699460 2.8120948 6.6864533 3.1530159 1.7108798 1.6579968 3.3274975 2.6108061 
VII_ENA_MN199011_MN199011.1_Selaginella_moellendorffii                                              0.7334338 1.5303502 0.0000000 2.0726613 2.2696271 2.3444041 1.6820830 1.4345312 1.9262509 1.4981802 1.7338183 2.0097673 2.2590224 2.2546220 3.8524631 2.0356423 1.5336658 3.0301421 2.4424782 7.9206458 3.4090469 1.3617625 1.3904009 3.1469822 2.5994485 
VII_Sacu_v1.1_s0002.g001222_Myb_transcription_factor__0.077_                                        1.0826724 1.9455244 2.0726613 0.0000000 1.3975711 1.8123439 2.1743102 2.1386749 1.7503992 2.1238955 2.0122838 2.3557922 1.6309561 1.5542928 3.4670156 2.3766782 1.6782745 3.1502823 3.0674865 7.6678403 3.0361558 1.5867483 1.5872033 3.3290949 2.7790103 
VII_Sacu_v1.1_s0041.g012546_Myb_transcription_factor__0.077_                                        0.9876699 1.7142018 2.2696271 1.3975711 0.0000000 1.8511325 1.8435750 1.8271175 1.6870219 1.9280550 1.7423029 1.9976455 1.1127086 1.3768249 4.1115914 2.0879833 1.4299555 3.0078448 2.8903529 8.9999987 3.1121872 1.8568047 1.6999537 3.3018001 2.8296940 
VII_Sacu_v1.1_s0272.g027033_Myb_transcription_factor__0.077_                                        1.0421399 1.9641902 2.3444041 1.8123439 1.8511325 0.0000000 2.2710842 2.0170015 2.2510148 2.3920447 1.8004632 2.3902129 1.8129652 1.3861069 3.8355138 2.2977943 1.6092120 3.5594970 3.2202803 7.4561614 3.3378548 1.9529330 1.8824986 3.9135672 3.0028437 
VII_MA_96853p0010_582_residues__                                                                    0.7740908 1.0317892 1.6820830 2.1743102 1.8435750 2.2710842 0.0000000 0.6923433 1.3524885 0.9866809 0.9654078 1.2898269 1.9940756 1.6303252 3.3675127 2.2243340 1.7401303 3.2438125 3.0016137 5.9984712 3.0368103 1.6571915 1.7053724 3.3628192 2.6397134 
VII_MA_10208000p0010_602_residues__                                                                 0.6892326 0.9725511 1.4345312 2.1386749 1.8271175 2.0170015 0.6923433 0.0000000 1.4109492 0.8057238 1.0332859 1.3377675 1.9398419 1.7159014 3.5884643 2.1126760 1.5922076 3.2054561 2.6854052 6.5538654 3.5462666 1.6947687 1.6565196 3.2911667 2.6542998 
VII_MA_20462p0010_470_residues__                                                                    0.7990786 1.0568766 1.9262509 1.7503992 1.6870219 2.2510148 1.3524885 1.4109492 0.0000000 1.6315855 1.3773459 1.8408461 1.8749605 1.6603976 4.2487414 2.3446415 1.6546875 3.0793023 2.7026522 5.7026647 3.2193162 1.7069005 1.5018018 3.2225965 2.5180297 
VII_AmTr_v1.0_scaffold00038.91                                                                      0.5795915 1.1479908 1.4981802 2.1238955 1.9280550 2.3920447 0.9866809 0.8057238 1.6315855 0.0000000 1.0968033 1.3479680 2.0056120 1.9653684 3.9298981 2.1297746 1.7120543 3.3378027 3.0310772 6.5053891 3.6794814 1.5143447 1.5145780 3.2501145 2.6339693 
VII_AmTr_v1.0_scaffold00037.85                                                                      0.6109734 1.3348565 1.7338183 2.0122838 1.7423029 1.8004632 0.9654078 1.0332859 1.3773459 1.0968033 0.0000000 1.2882762 1.9816498 1.9431516 3.7174708 1.9885577 1.6561524 3.0460892 2.9588812 7.2304723 3.2440722 1.5441109 1.4315447 3.1939324 2.3287328 
sp_Q8W1W6_MYB33_ARATH_Transcription_factor_MYB33_OS_Arabidopsis_thaliana_OX_3702_GN_MYB33_PE_2_SV_1 0.6893395 1.4146696 2.0097673 2.3557922 1.9976455 2.3902129 1.2898269 1.3377675 1.8408461 1.3479680 1.2882762 0.0000000 2.0041585 2.3409165 4.8942250 2.3015685 1.5629767 3.8723208 3.7427385 8.3857427 3.7322167 1.7182198 1.6367308 3.9922031 3.1584008 
Azfi_s0004.g008455_Myb_transcription_factor__0.077_                                                 0.9658208 1.6834094 2.2590224 1.6309561 1.1127086 1.8129652 1.9940756 1.9398419 1.8749605 2.0056120 1.9816498 2.0041585 0.0000000 1.6468233 3.7989936 2.1492058 1.5111445 3.7255205 3.2195272 7.6506600 3.2498475 1.9248156 1.8942167 4.2568092 2.8355142 
Azfi_s0021.g015882_Myb_transcription_factor__0.077_                                                 1.1157624 1.4605158 2.2546220 1.5542928 1.3768249 1.3861069 1.6303252 1.7159014 1.6603976 1.9653684 1.9431516 2.3409165 1.6468233 0.0000000 3.3017687 2.0382728 1.4908339 3.6182562 3.5582223 7.5001180 3.0635977 1.8358362 1.7841781 3.9266036 3.2451286 
VI_g8575.t1_length                                                                                  2.1099420 3.5014654 3.8524631 3.4670156 4.1115914 3.8355138 3.3675127 3.5884643 4.2487414 3.9298981 3.7174708 4.8942250 3.7989936 3.3017687 0.0000000 0.0362607 0.0541726 3.1124275 2.3953121 8.9999985 2.7229859 1.5903555 1.3588302 3.0834229 2.3301743 
VI_BBG43567_LC221833_MYB_transcription_factor                                                       2.0300229 2.0224549 2.0356423 2.3766782 2.0879833 2.2977943 2.2243340 2.1126760 2.3446415 2.1297746 1.9885577 2.3015685 2.1492058 2.0382728 0.0362607 0.0000000 0.0631986 1.5702336 1.4735811 8.9999985 1.4571422 1.4313354 1.2991325 1.4711810 1.5721030 
VI_BBG43566_LC221832_Chara_leptospora_mRNA_for_MYB_transcription_factor                             1.3857691 1.5459617 1.5336658 1.6782745 1.4299555 1.6092120 1.7401303 1.5922076 1.6546875 1.7120543 1.6561524 1.5629767 1.5111445 1.4908339 0.0541726 0.0631986 0.0000000 1.1132442 1.0403271 8.9999988 1.0844219 1.0975796 0.9505450 0.9769579 1.0154125 
VI_Mapoly0019s0071.1                                                                                1.7829508 3.1699460 3.0301421 3.1502823 3.0078448 3.5594970 3.2438125 3.2054561 3.0793023 3.3378027 3.0460892 3.8723208 3.7255205 3.6182562 3.1124275 1.5702336 1.1132442 0.0000000 0.5946554 8.9999989 0.9586156 0.2895120 0.2694449 0.8376485 1.4300764 
VI_XM_024688730.1__XP_024544498.1                                                                   1.8320779 2.8120948 2.4424782 3.0674865 2.8903529 3.2202803 3.0016137 2.6854052 2.7026522 3.0310772 2.9588812 3.7427385 3.2195272 3.5582223 2.3953121 1.4735811 1.0403271 0.5946554 0.0000000 8.9999988 0.8469488 0.2496759 0.2324360 0.7271138 1.1604050 
VI_XM_024688710__XP_024544478.1_pentatricopeptide_repeat-containing_protein_At1g11290               7.1359075 6.6864533 7.9206458 7.6678403 8.9999987 7.4561614 5.9984712 6.5538654 5.7026647 6.5053891 7.2304723 8.3857427 7.6506600 7.5001180 8.9999985 8.9999985 8.9999988 8.9999989 8.9999988 0.0000000 8.8296177 8.2345169 8.9999986 8.9999990 7.9046031 
VI_XM_024688389.1_XP_024524157.1_transcription_repressor_MYB4__Selaginella_moellendorffii_          1.7333228 3.1530159 3.4090469 3.0361558 3.1121872 3.3378548 3.0368103 3.5462666 3.2193162 3.6794814 3.2440722 3.7322167 3.2498475 3.0635977 2.7229859 1.4571422 1.0844219 0.9586156 0.8469488 8.8296177 0.0000000 0.3976689 0.3258439 1.1909904 1.2878502 
VI_Sacu_v1.1_s1503.g028048_Myb_transcription_factor__0.077_                                         1.5506694 1.7108798 1.3617625 1.5867483 1.8568047 1.9529330 1.6571915 1.6947687 1.7069005 1.5143447 1.5441109 1.7182198 1.9248156 1.8358362 1.5903555 1.4313354 1.0975796 0.2895120 0.2496759 8.2345169 0.3976689 0.0000000 0.0000010 0.3386953 0.6005046 
VI_Sacu_v1.1_s0147.g023157_Myb_transcription_factor__0.077_                                         1.6326431 1.6579968 1.3904009 1.5872033 1.6999537 1.8824986 1.7053724 1.6565196 1.5018018 1.5145780 1.4315447 1.6367308 1.8942167 1.7841781 1.3588302 1.2991325 0.9505450 0.2694449 0.2324360 8.9999986 0.3258439 0.0000010 0.0000000 0.2166000 0.5622392 
VI_MA_130648p0010_437_residues__                                                                    1.6640184 3.3274975 3.1469822 3.3290949 3.3018001 3.9135672 3.3628192 3.2911667 3.2225965 3.2501145 3.1939324 3.9922031 4.2568092 3.9266036 3.0834229 1.4711810 0.9769579 0.8376485 0.7271138 8.9999990 1.1909904 0.3386953 0.2166000 0.0000000 1.2172783 
VI_AmTr_v1.0_scaffold00111.43_locus_evm_27.TU.AmTr_v1.0_scaffold00111.43                            1.6958243 2.6108061 2.5994485 2.7790103 2.8296940 3.0028437 2.6397134 2.6542998 2.5180297 2.6339693 2.3287328 3.1584008 2.8355142 3.2451286 2.3301743 1.5721030 1.0154125 1.4300764 1.1604050 7.9046031 1.2878502 0.6005046 0.5622392 1.2172783 0.0000000 
