25
VII_HAOX-0009745                                                                                    0.0000000 0.7400550 0.7347725 1.0851061 0.9897257 1.0445416 0.7754998 0.6903689 0.8004706 0.5804493 0.6119582 0.6904381 0.9679040 1.1184154 2.1180003 2.0375235 1.3895971 1.7890294 1.8382525 7.1973586 1.7392605 1.5552723 1.6377426 1.6692388 1.7012707 
VII_Mp3g05910.1                                                                                     0.7400550 0.0000000 1.5351016 1.9526953 1.7201268 1.9718902 1.0342058 0.9745412 1.0593008 1.1507388 1.3384047 1.4188755 1.6893091 1.4648851 3.5219841 2.0297639 1.5507481 3.1867592 2.8254841 6.7409725 3.1696023 1.7164935 1.6633089 3.3455203 2.6223332 
VII_ENA_MN199011_MN199011.1_Selaginella_moellendorffii                                              0.7347725 1.5351016 0.0000000 2.0806726 2.2790459 2.3543893 1.6877241 1.4388227 1.9331858 1.5025020 1.7395058 2.0172895 2.2684047 2.2639433 3.8758063 2.0434822 1.5383246 3.0453118 2.4527985 7.9895590 3.4274447 1.3655062 1.3943814 3.1632735 2.6109412 
VII_Sacu_v1.1_s0002.g001222_Myb_transcription_factor__0.077_                                        1.0851061 1.9526953 2.0806726 0.0000000 1.4017320 1.8189623 2.1834055 2.1474349 1.7564042 2.1325439 2.0199783 2.3657967 1.6363472 1.5593991 3.4874666 2.3867253 1.6836757 3.1669220 3.0826422 7.7329796 3.0514119 1.5916887 1.5921883 3.3475234 2.7918278 
VII_Sacu_v1.1_s0041.g012546_Myb_transcription_factor__0.077_                                        0.9897257 1.7201268 2.2790459 1.4017320 0.0000000 1.8579265 1.8503346 1.8337508 1.6927110 1.9354236 1.7484889 2.0051593 1.1158655 1.3808891 4.1377591 2.0960667 1.4342067 3.0229594 2.9043476 8.9999988 3.1284166 1.8632985 1.7056428 3.3198756 2.8430867 
VII_Sacu_v1.1_s0272.g027033_Myb_transcription_factor__0.077_                                        1.0445416 1.9718902 2.3543893 1.8189623 1.8579265 0.0000000 2.2809034 2.0250065 2.2603949 2.4025736 1.8070565 2.4006764 1.8194773 1.3903097 3.8596712 2.3073969 1.6143506 3.5797365 3.2371090 7.5218387 3.3560341 1.9600602 1.8892345 3.9369334 3.0175221 
VII_MA_96853p0010_582_residues__                                                                    0.7754998 1.0342058 1.6877241 2.1834055 1.8503346 2.2809034 0.0000000 0.6934782 1.3564807 0.9886258 0.9676492 1.2934581 2.0020378 1.6356899 3.3870408 2.2331955 1.7458937 3.2613573 3.0166027 6.0460881 3.0528794 1.6625566 1.7111234 3.3814373 2.6518304 
VII_MA_10208000p0010_602_residues__                                                                 0.6903689 0.9745412 1.4388227 2.1474349 1.8337508 2.0250065 0.6934782 0.0000000 1.4151689 0.8070636 1.0356535 1.3416510 1.9473088 1.7216563 3.6099608 2.1208708 1.5972359 3.2225604 2.6978473 6.6059214 3.5666982 1.7003573 1.6619429 3.3090972 2.6663908 
VII_MA_20462p0010_470_residues__                                                                    0.8004706 1.0593008 1.9331858 1.7564042 1.6927110 2.2603949 1.3564807 1.4151689 0.0000000 1.6368325 1.3812548 1.8473620 1.8819982 1.6657638 4.2763409 2.3541545 1.6599251 3.0949627 2.7153505 5.7443080 3.2362001 1.7125170 1.5062556 3.2397595 2.5289330 
VII_AmTr_v1.0_scaffold00038.91                                                                      0.5804493 1.1507388 1.5025020 2.1325439 1.9354236 2.4025736 0.9886258 0.8070636 1.6368325 0.0000000 1.0993556 1.3517708 2.0132344 1.9727864 3.9545576 2.1379116 1.7176150 3.3557143 3.0461305 6.5583696 3.7009192 1.5189020 1.5192218 3.2676203 2.6459708 
VII_AmTr_v1.0_scaffold00037.85                                                                      0.6119582 1.3384047 1.7395058 2.0199783 1.7484889 1.8070565 0.9676492 1.0356535 1.3812548 1.0993556 0.0000000 1.2919274 1.9891600 1.9502820 3.7400547 1.9958126 1.6614309 3.0614385 2.9734537 7.2926852 3.2614304 1.5489138 1.4357451 3.2108268 2.3382631 
sp_Q8W1W6_MYB33_ARATH_Transcription_factor_MYB33_OS_Arabidopsis_thaliana_OX_3702_GN_MYB33_PE_2_SV_1 0.6904381 1.4188755 2.0172895 2.3657967 2.0051593 2.4006764 1.2934581 1.3416510 1.8473620 1.3517708 1.2919274 0.0000000 2.0120991 2.3509273 4.9292371 2.3112048 1.5678112 3.8949551 3.7641673 8.4633563 3.7542651 1.7238546 1.6418980 4.0161519 3.1743869 
Azfi_s0004.g008455_Myb_transcription_factor__0.077_                                                 0.9679040 1.6893091 2.2684047 1.6363472 1.1158655 1.8194773 2.0020378 1.9473088 1.8819982 2.0132344 1.9891600 2.0120991 0.0000000 1.6524755 3.8234579 2.1579970 1.5159409 3.7477064 3.2364298 7.7181475 3.2676855 1.9317807 1.9010629 4.2844206 2.8495078 
Azfi_s0021.g015882_Myb_transcription_factor__0.077_                                                 1.1184154 1.4648851 2.2639433 1.5593991 1.3808891 1.3903097 1.6356899 1.7216563 1.6657638 1.9727864 1.9502820 2.3509273 1.6524755 0.0000000 3.3208645 2.0462435 1.4952547 3.6390310 3.5780214 7.5653335 3.0795398 1.8423306 1.7905098 3.9504020 3.2620438 
VI_g8575.t1_length                                                                                  2.1180003 3.5219841 3.8758063 3.4874666 4.1377591 3.8596712 3.3870408 3.6099608 4.2763409 3.9545576 3.7400547 4.9292371 3.8234579 3.3208645 0.0000000 0.0362656 0.0541809 3.1286715 2.4054453 8.9999980 2.7358548 1.5952107 1.3626230 3.0995233 2.3402310 
VI_BBG43567_LC221833_MYB_transcription_factor                                                       2.0375235 2.0297639 2.0434822 2.3867253 2.0960667 2.3073969 2.2331955 2.1208708 2.3541545 2.1379116 1.9958126 2.3112048 2.1579970 2.0462435 0.0362656 0.0000000 0.0632081 1.5746969 1.4777002 8.9999988 1.4611240 1.4351860 1.3024872 1.4750883 1.5768285 
VI_BBG43566_LC221832_Chara_leptospora_mRNA_for_MYB_transcription_factor                             1.3895971 1.5507481 1.5383246 1.6836757 1.4342067 1.6143506 1.7458937 1.5972359 1.6599251 1.7176150 1.6614309 1.5678112 1.5159409 1.4952547 0.0541809 0.0632081 0.0000000 1.1156583 1.0424618 8.9999989 1.0867871 1.0999686 0.9524356 0.9788203 1.0174278 
VI_Mapoly0019s0071.1                                                                                1.7890294 3.1867592 3.0453118 3.1669220 3.0229594 3.5797365 3.2613573 3.2225604 3.0949627 3.3557143 3.0614385 3.8949551 3.7477064 3.6390310 3.1286715 1.5746969 1.1156583 0.0000000 0.5955620 8.9999990 0.9604564 0.2897832 0.2696577 0.8391852 1.4339125 
VI_XM_024688730.1__XP_024544498.1                                                                   1.8382525 2.8254841 2.4527985 3.0826422 2.9043476 3.2371090 3.0166027 2.6978473 2.7153505 3.0461305 2.9734537 3.7641673 3.2364298 3.5780214 2.4054453 1.4777002 1.0424618 0.5955620 0.0000000 8.9999989 0.8487641 0.2499584 0.2326871 0.7284547 1.1630188 
VI_XM_024688710__XP_024544478.1_pentatricopeptide_repeat-containing_protein_At1g11290               7.1973586 6.7409725 7.9895590 7.7329796 8.9999988 7.5218387 6.0460881 6.6059214 5.7443080 6.5583696 7.2926852 8.4633563 7.7181475 7.5653335 8.9999980 8.9999988 8.9999989 8.9999990 8.9999989 0.0000000 8.9123673 8.3106921 8.9999989 8.9999990 7.9776067 
VI_XM_024688389.1_XP_024524157.1_transcription_repressor_MYB4__Selaginella_moellendorffii_          1.7392605 3.1696023 3.4274447 3.0514119 3.1284166 3.3560341 3.0528794 3.5666982 3.2362001 3.7009192 3.2614304 3.7542651 3.2676855 3.0795398 2.7358548 1.4611240 1.0867871 0.9604564 0.8487641 8.9123673 0.0000000 0.3981131 0.3261614 1.1939375 1.2910960 
VI_Sacu_v1.1_s1503.g028048_Myb_transcription_factor__0.077_                                         1.5552723 1.7164935 1.3655062 1.5916887 1.8632985 1.9600602 1.6625566 1.7003573 1.7125170 1.5189020 1.5489138 1.7238546 1.9317807 1.8423306 1.5952107 1.4351860 1.0999686 0.2897832 0.2499584 8.3106921 0.3981131 0.0000000 0.0000010 0.3391131 0.6013187 
VI_Sacu_v1.1_s0147.g023157_Myb_transcription_factor__0.077_                                         1.6377426 1.6633089 1.3943814 1.5921883 1.7056428 1.8892345 1.7111234 1.6619429 1.5062556 1.5192218 1.4357451 1.6418980 1.9010629 1.7905098 1.3626230 1.3024872 0.9524356 0.2696577 0.2326871 8.9999989 0.3261614 0.0000010 0.0000000 0.2167789 0.5630158 
VI_MA_130648p0010_437_residues__                                                                    1.6692388 3.3455203 3.1632735 3.3475234 3.3198756 3.9369334 3.3814373 3.3090972 3.2397595 3.2676203 3.2108268 4.0161519 4.2844206 3.9504020 3.0995233 1.4750883 0.9788203 0.8391852 0.7284547 8.9999990 1.1939375 0.3391131 0.2167789 0.0000000 1.2202573 
VI_AmTr_v1.0_scaffold00111.43_locus_evm_27.TU.AmTr_v1.0_scaffold00111.43                            1.7012707 2.6223332 2.6109412 2.7918278 2.8430867 3.0175221 2.6518304 2.6663908 2.5289330 2.6459708 2.3382631 3.1743869 2.8495078 3.2620438 2.3402310 1.5768285 1.0174278 1.4339125 1.1630188 7.9776067 1.2910960 0.6013187 0.5630158 1.2202573 0.0000000 
