22
HAOX-0009745                                                                            0.0000000 0.6916957 0.8239853 1.0172341 0.9440767 1.2230492 0.7080488 0.6524509 0.6698288 0.7020922 0.7141807 2.3073505 1.7747652 1.3648520 8.9999983 1.6970174 7.5264895 1.6650244 1.6478171 1.7371263 1.6126395 1.7903204 
Mp3g05910.1                                                                             0.6916957 0.0000000 1.0657286 1.4331247 1.5656398 2.0043190 0.8803973 0.7488553 0.7699835 1.0695186 1.1032203 3.0472351 1.6664634 1.5064456 5.5557686 2.6562990 7.0232304 2.6052829 1.6503185 1.5939060 2.5194608 2.1603817 
ENA_MN199011_MN199011.1_Selaginella_moellendorffii                                      0.8239853 1.0657286 0.0000000 1.6010922 1.7818718 2.0274574 1.5591501 1.2335088 1.0315247 1.1163216 1.2663931 3.1855632 1.9545271 1.5011475 8.9999987 2.3469173 7.5918585 3.0025807 1.5414822 1.5810751 2.6050616 2.4028981 
Sacu_v1.1_s0002.g001222_Myb_transcription_factor__0.077_                                1.0172341 1.4331247 1.6010922 0.0000000 1.2818934 1.6036340 1.6758629 1.5424915 1.2791367 2.1346058 1.6802728 3.4797464 1.9464655 1.6070426 7.7892386 2.7045781 8.1261846 3.2479856 1.8210595 1.8035645 2.9748660 2.5858929 
Sacu_v1.1_s0041.g012546_Myb_transcription_factor__0.077_                                0.9440767 1.5656398 1.7818718 1.2818934 0.0000000 1.7639205 1.7078803 1.5028638 1.3000482 1.9582403 1.9315992 3.9701930 1.8419742 1.4271589 8.9999990 2.8636582 8.9999988 2.6902189 1.9960765 1.9058637 2.9612614 2.9124880 
Sacu_v1.1_s0272.g027033_Myb_transcription_factor__0.077_                                1.2230492 2.0043190 2.0274574 1.6036340 1.7639205 0.0000000 2.1656328 2.0150238 1.6535959 2.3426643 1.8791771 3.6192509 1.9044810 1.5751740 7.3318580 3.5710318 8.9999989 3.1604908 2.2601117 2.2246153 3.7150666 2.7043114 
MA_96853p0010_582_residues__                                                            0.7080488 0.8803973 1.5591501 1.6758629 1.7078803 2.1656328 0.0000000 0.6434514 0.9347960 1.1065608 0.8530525 3.7849395 1.8707612 1.6850829 8.1236749 2.8620807 7.3767831 2.9946474 1.7091134 1.7148777 3.1675940 2.3060556 
MA_10208000p0010_602_residues__                                                         0.6524509 0.7488553 1.2335088 1.5424915 1.5028638 2.0150238 0.6434514 0.0000000 0.9318397 0.7555245 0.8668062 3.1500740 1.7790380 1.5662767 7.5067120 2.6105504 7.3091648 2.9889011 1.6858586 1.6233333 2.7750437 2.2554917 
MA_20462p0010_470_residues__                                                            0.6698288 0.7699835 1.0315247 1.2791367 1.3000482 1.6535959 0.9347960 0.9318397 0.0000000 1.1571477 1.0998975 2.5009767 1.6733637 1.5715283 7.5050205 2.1106300 7.2986296 2.0731528 1.6245439 1.4836974 2.4428210 2.1970635 
AmTr_v1.0_scaffold00038.91                                                              0.7020922 1.0695186 1.1163216 2.1346058 1.9582403 2.3426643 1.1065608 0.7555245 1.1571477 0.0000000 1.0932774 3.7035329 2.0731070 1.6749911 8.9999989 2.7292664 8.9999980 2.9862456 1.7358896 1.7569596 2.9081220 2.5063895 
AmTr_v1.0_scaffold00037.85                                                              0.7141807 1.1032203 1.2663931 1.6802728 1.9315992 1.8791771 0.8530525 0.8668062 1.0998975 1.0932774 0.0000000 3.1908445 1.9589007 1.6154825 8.8380134 2.5685529 6.4385821 2.8369513 1.7029175 1.5540537 2.7470566 2.4868167 
g8575.t1_length                                                                         2.3073505 3.0472351 3.1855632 3.4797464 3.9701930 3.6192509 3.7849395 3.1500740 2.5009767 3.7035329 3.1908445 0.0000000 0.0322007 0.0550865 8.9999989 2.6615206 8.9999986 2.5451390 1.7069821 1.5321912 2.6308830 2.4605463 
BBG43567_LC221833_MYB_transcription_factor                                              1.7747652 1.6664634 1.9545271 1.9464655 1.8419742 1.9044810 1.8707612 1.7790380 1.6733637 2.0731070 1.9589007 0.0322007 0.0000000 0.0642664 8.9999988 1.2622416 8.9999987 1.2336109 1.3015986 1.1602265 1.0370247 1.2924799 
BBG43566_LC221832_Chara_leptospora_mRNA_for_MYB_transcription_factor                    1.3648520 1.5064456 1.5011475 1.6070426 1.4271589 1.5751740 1.6850829 1.5662767 1.5715283 1.6749911 1.6154825 0.0550865 0.0642664 0.0000000 8.9999984 1.0698321 8.9999986 1.0406373 1.0581486 0.9076147 1.0142190 0.9496128 
GFZG01001741.1_rf_1_GFZG01001741.1_TSA                                                  8.9999983 5.5557686 8.9999987 7.7892386 8.9999990 7.3318580 8.1236749 7.5067120 7.5050205 8.9999989 8.8380134 8.9999989 8.9999988 8.9999984 0.0000000 8.9999982 8.9999986 8.9999980 8.9999985 8.9999984 8.9999988 8.5031367 
Mapoly0019s0071.1                                                                       1.6970174 2.6562990 2.3469173 2.7045781 2.8636582 3.5710318 2.8620807 2.6105504 2.1106300 2.7292664 2.5685529 2.6615206 1.2622416 1.0698321 8.9999982 0.0000000 8.9999989 0.7372357 0.3756577 0.3607923 0.6247740 1.2087488 
XM_024688710__XP_024544478.1_pentatricopeptide_repeat-containing_protein_At1g11290      7.5264895 7.0232304 7.5918585 8.1261846 8.9999988 8.9999989 7.3767831 7.3091648 7.2986296 8.9999980 6.4385821 8.9999986 8.9999987 8.9999986 8.9999986 8.9999989 0.0000000 8.9999986 8.9999989 8.9988252 8.9999984 8.9999988 
XM_024688389.1_XP_024524157.1_transcription_repressor_MYB4__Selaginella_moellendorffii_ 1.6650244 2.6052829 3.0025807 3.2479856 2.6902189 3.1604908 2.9946474 2.9889011 2.0731528 2.9862456 2.8369513 2.5451390 1.2336109 1.0406373 8.9999980 0.7372357 8.9999986 0.0000000 0.4626467 0.3934055 0.8956985 1.1446795 
Sacu_v1.1_s1503.g028048_Myb_transcription_factor__0.077_                                1.6478171 1.6503185 1.5414822 1.8210595 1.9960765 2.2601117 1.7091134 1.6858586 1.6245439 1.7358896 1.7029175 1.7069821 1.3015986 1.0581486 8.9999985 0.3756577 8.9999989 0.4626467 0.0000000 0.0000010 0.3740459 0.6684431 
Sacu_v1.1_s0147.g023157_Myb_transcription_factor__0.077_                                1.7371263 1.5939060 1.5810751 1.8035645 1.9058637 2.2246153 1.7148777 1.6233333 1.4836974 1.7569596 1.5540537 1.5321912 1.1602265 0.9076147 8.9999984 0.3607923 8.9988252 0.3934055 0.0000010 0.0000000 0.2550539 0.6227582 
MA_130648p0010_437_residues__                                                           1.6126395 2.5194608 2.6050616 2.9748660 2.9612614 3.7150666 3.1675940 2.7750437 2.4428210 2.9081220 2.7470566 2.6308830 1.0370247 1.0142190 8.9999988 0.6247740 8.9999984 0.8956985 0.3740459 0.2550539 0.0000000 1.0408444 
AmTr_v1.0_scaffold00111.43_locus_evm_27.TU.AmTr_v1.0_scaffold00111.43                   1.7903204 2.1603817 2.4028981 2.5858929 2.9124880 2.7043114 2.3060556 2.2554917 2.1970635 2.5063895 2.4868167 2.4605463 1.2924799 0.9496128 8.5031367 1.2087488 8.9999988 1.1446795 0.6684431 0.6227582 1.0408444 0.0000000 
