72
CDC5_XM_024686040.1_XP_024541808.1_cell_division_cycle_5-like_protein                                            0.0000000 0.0357867 0.2823808 2.9048588 4.8446420 5.0168308 5.1294290 4.8954022 5.2864730 4.6638691 5.3757616 5.4245918 4.9868430 4.7272452 4.7738644 4.2746845 4.7399392 4.6798978 4.1887443 3.6277626 6.1192813 6.1301344 6.5743357 4.9358490 5.2362944 5.9713660 5.7703151 3.4959103 4.7837393 4.0698868 6.0388809 5.1575902 4.1671982 4.7117424 5.2933325 4.5470825 6.5603229 5.5586441 3.7770012 4.2861122 4.8952517 4.1707953 5.0617954 4.4825027 4.6302562 4.8555154 4.4629341 4.3465256 4.3928302 4.9708512 4.2882780 3.6689763 4.2537588 4.6071040 4.2239856 6.3372908 4.3789632 4.3903099 4.3975781 3.3459779 3.9533676 5.4746036 5.7399807 5.4911881 5.1206775 3.7213220 4.5034407 5.3243496 4.3382714 5.6135113 4.2320948 5.6271802 
CDC5_XM_002981114.2_XP_002981160.1_cell_division_cycle_5-like_protein__Selaginella_moellendorffii_               0.0357867 0.0000000 0.3088265 3.1348084 5.0357695 5.2804968 5.6456297 5.1738622 6.1321581 5.6392985 5.8383201 5.7756701 5.5736962 5.0010830 5.1147946 4.0873763 5.0853923 4.9425493 3.8835178 3.3271423 6.1403604 6.1343788 6.2856648 4.5606644 4.7860761 5.9959790 5.6949405 3.4185937 5.1772115 4.2015631 6.9193980 5.4912113 4.7469264 5.2304616 5.5279986 5.2890953 6.7382238 5.9681377 4.0855726 4.9677810 5.2683489 4.5823472 4.9681343 4.7784941 4.8852128 5.0467185 4.8530872 4.0275279 4.9299295 5.6983348 4.8813296 3.3615177 4.2623280 4.6963927 4.6496809 6.5667875 4.3298881 4.3523918 4.8664605 3.1519914 4.0342085 5.8751054 5.8484162 5.4052377 5.5754004 3.8748651 4.7901128 6.0071027 4.8249958 6.2145213 4.5332737 6.1753455 
CDC5_Mapoly0014s0195_PTQ45693.1_hypothetical_protein_MARPO_0014s0195__Marchantia_polymorpha_                     0.2823808 0.3088265 0.0000000 3.1072401 5.2900650 5.2343286 5.1179065 5.1196633 5.4607787 5.3050525 5.5389968 5.5608897 5.0977511 5.2028640 4.9830136 4.7139379 5.0159258 5.1944884 4.0776135 3.3271423 5.5412496 5.9230345 5.9539006 4.4611623 4.6704795 5.6253144 6.3591032 3.5766929 4.9520290 4.8084995 6.9293368 6.2426613 4.9043234 4.9068813 5.3299724 5.0050539 6.2898293 5.7930207 4.2606197 4.6239704 4.6294646 4.5325099 4.6750873 4.7447111 4.5897166 4.4677294 4.6027792 4.0513138 5.0379735 5.0951234 4.5958702 3.4938324 4.2511655 4.6273280 4.4862922 5.8066201 4.2160613 4.5802689 4.9259188 3.2093197 3.7126121 5.4941339 6.0782365 5.4234677 5.2242536 3.6738003 5.2004733 5.3298606 5.1137938 6.1874206 4.2380145 6.3124298 
I_Mapoly0085s0092_PTQ33890.1_hypothetical_protein_MARPO_0085s0092__Marchantia_polymorpha_                        2.9048588 3.1348084 3.1072401 0.0000000 1.5604116 1.4714014 2.0215368 1.9013437 2.1253738 2.2073755 1.9113595 2.2294045 2.0496489 2.1911030 2.3580077 2.1667711 1.9201801 2.8254201 1.8961541 1.9052990 2.5725358 2.5242552 3.0996105 2.2404099 1.8860412 2.9579806 2.9481097 1.8818426 2.0817579 2.2877710 2.9050571 2.3121850 2.3946261 2.1418830 2.2491494 2.4050328 2.1010231 2.1836807 1.8491707 2.3989918 1.9475234 2.6052434 2.2290715 1.9725546 2.3382282 2.0288067 2.4742173 2.2080267 2.5607260 2.0203669 2.0018293 1.7171889 1.3261887 1.7645219 1.5509310 1.9458828 1.9146773 2.0446154 1.6206489 1.9827443 1.9840127 2.6489990 2.2752792 2.0050280 2.1540925 2.0343104 2.3946535 2.0633587 2.3078013 2.0868933 2.3264372 2.9572861 
II_Mapoly0001s0061_PTQ49997.1_hypothetical_protein_MARPO_0001s0061__Marchantia_polymorpha_                       4.8446420 5.0357695 5.2900650 1.5604116 0.0000000 1.9361404 2.9846677 2.7393793 2.8568452 2.7782456 2.4658739 3.4766073 3.3621422 2.8195997 3.1656688 3.5246403 2.9215860 4.1037512 2.3236900 1.8193271 4.3893752 4.6192315 3.6142383 2.3906030 2.3241792 4.1576984 4.2459593 2.2113607 3.8527684 3.3887983 5.1819308 4.0601075 3.4807703 3.2573389 3.4879835 4.0184047 3.8171208 3.8573963 3.1480293 3.3633987 4.0621291 3.3005755 2.9898004 2.9849144 3.2519882 2.4705589 3.0568326 2.9010022 3.0027963 2.6628532 2.8179674 2.1125040 1.5426948 1.8590966 1.6898659 3.1412289 2.4864073 2.3067231 2.7407943 2.8951150 2.3886760 3.4422305 3.9117362 4.1705442 4.2270715 2.5163235 3.4890435 3.6195419 3.4805183 3.0673711 2.4532928 4.6193181 
III_XM_002991980.2_XP_002992026.2_myb-related_protein_B__Selaginella_moellendorffii_                             5.0168308 5.2804968 5.2343286 1.4714014 1.9361404 0.0000000 2.9296173 2.4719694 3.1639277 2.6556538 2.8193655 3.0525445 2.9388272 2.9198928 2.9737054 3.4504576 2.8904091 3.6263381 1.8850453 2.0242973 3.1140877 3.8078451 3.7029644 2.4791284 2.2666558 3.4320578 3.4753374 2.2513174 3.6712253 3.2774969 4.1733580 3.6736178 3.3157173 3.7252872 3.6381122 3.5285548 3.3114903 3.4805649 2.8712072 2.9475476 3.6016534 3.3812474 3.1337980 3.0813393 3.5168582 3.1191817 3.7022096 2.5066127 3.9059009 2.5697976 2.7365017 2.0877629 1.7032709 1.7763074 1.7681441 2.4015019 2.4832769 2.2483903 2.5422086 2.6635692 2.5020061 3.2572799 3.6868215 3.2637872 3.5789673 2.8803187 2.5282191 3.3194228 3.4045297 3.5023988 2.6056035 3.0710169 
III_Mapoly0007s0271_PTQ47916.1_hypothetical_protein_MARPO_0007s0271__Marchantia_polymorpha_                      5.1294290 5.6456297 5.1179065 2.0215368 2.9846677 2.9296173 0.0000000 1.5107348 1.8388348 1.7972398 1.5184188 2.0976308 3.5674099 3.1654113 3.0323772 3.1596413 3.1425150 4.6061254 3.0696675 2.1784269 3.6676660 3.7522371 4.0653246 2.1820102 2.1170221 3.7273549 4.0162971 1.8760397 3.2323076 3.5689991 4.0727428 4.2216661 3.6464336 3.4612809 3.4587764 4.0730623 3.6823931 3.2956121 3.7401882 3.8339402 4.2501695 3.5662954 3.3122563 3.0949703 3.6220868 3.0510764 3.9770184 2.4593057 4.8422933 2.8475752 3.0642526 2.2165366 2.4957547 2.5118496 2.5540922 1.7290695 1.4375533 1.7493171 2.4493515 2.4338425 2.1474064 3.0774885 3.7020346 3.8747173 3.9789268 4.0344408 3.2174585 3.0635714 3.7797001 3.5970847 2.3365387 4.2609891 
III_XM_002971992.2_XP_002972038.2_transcription_factor_MYB1__Selaginella_moellendorffii_                         4.8954022 5.1738622 5.1196633 1.9013437 2.7393793 2.4719694 1.5107348 0.0000000 1.6444313 1.5604884 1.7202601 1.7524793 2.7456261 2.4411969 2.5663905 2.6207926 2.3907830 3.3155851 2.1312582 1.8380267 3.2536722 3.1797106 3.1011648 2.2872429 1.9698328 3.4583184 3.2382566 1.6053849 2.6742936 2.6915747 3.2276855 2.9555767 3.1112100 3.1024161 3.2638786 3.3240387 2.9960809 3.3311075 2.8737632 3.1253814 3.3676078 3.1338239 3.0735217 2.6105130 2.9391871 3.1735068 3.0014843 2.0884427 3.1908716 2.1419301 2.2455403 1.8122963 2.2679592 2.5133127 2.0736809 1.5882100 1.3710530 1.4788838 2.0991179 2.3178226 1.8209621 2.7737147 3.3005824 3.2776049 3.1867955 3.6201415 2.4838919 3.0428431 3.1880712 2.7961348 1.9579507 3.5360428 
IV_MN199005_QIN53281.1_R2R3-MYB_transcription_factor__Selaginella_moellendorffii_                                5.2864730 6.1321581 5.4607787 2.1253738 2.8568452 3.1639277 1.8388348 1.6444313 0.0000000 0.9475853 1.0639454 1.1599489 2.7993726 2.5776538 2.5497202 2.5551125 2.8107680 3.5282609 2.4740495 1.7255692 3.5712897 3.2460173 3.4542486 2.2825333 2.2191361 3.3242443 3.0151335 1.8292213 3.1957106 2.9093522 3.7353137 3.6010164 3.0654558 3.5036194 3.1747939 3.0532025 3.1898473 2.9746726 3.5360602 2.9946806 3.5549027 2.9047225 3.5883103 3.0715898 2.6744948 3.0131288 3.6996045 2.6178834 3.6075039 2.4923000 2.6759218 1.8352644 2.2395103 2.5341107 2.4121942 2.2918639 1.0144785 1.1643613 1.8904000 1.8469455 1.7875040 2.4999223 3.5749976 3.3635527 3.1690793 3.1224188 3.1553064 3.3720832 3.7922292 3.5690304 2.0491730 3.2471323 
IV_MN199007_QIN53283.1_R2R3-MYB_transcription_factor__Selaginella_moellendorffii_                                4.6638691 5.6392985 5.3050525 2.2073755 2.7782456 2.6556538 1.7972398 1.5604884 0.9475853 0.0000000 1.0481890 1.0776067 3.4793126 3.1751977 2.3799329 3.3909726 3.1080591 4.5604558 3.0324770 1.9745378 4.0539348 4.0748476 3.9076197 2.1121150 1.9692234 3.9918764 3.5995541 1.5221398 2.7320818 3.0951160 3.9286926 3.8754055 3.4855390 3.4329932 2.9258551 3.3827164 3.2263406 3.0283571 3.3865115 3.2283709 3.9482853 3.4160122 3.1702667 3.4494294 3.5860149 2.5880752 3.8788701 2.0943286 3.8481255 2.4599899 2.7123128 2.3140081 2.2519929 2.8306497 2.4694627 2.2310219 1.2065360 1.1522367 2.6485925 2.3166469 2.0981720 2.6674627 2.8958646 3.8936959 3.2713649 2.9741900 3.1130596 2.9711978 3.4423214 3.7895680 2.1126263 3.3432326 
IV_MN199006_QIN53282.1_R2R3-MYB_transcription_factor__Selaginella_moellendorffii_                                5.3757616 5.8383201 5.5389968 1.9113595 2.4658739 2.8193655 1.5184188 1.7202601 1.0639454 1.0481890 0.0000000 1.1263136 3.3134310 2.8165165 2.7541043 2.9703028 3.2451692 3.6939946 2.6755735 1.8654863 3.7605382 3.5831717 3.5971382 2.2219217 1.9048919 3.3545267 3.4276765 1.6059873 3.0075956 2.8477829 3.4687431 3.1112389 3.2585456 3.3518594 2.6340964 3.2021888 3.0828739 2.9547428 3.6514677 4.0346877 3.8388947 3.1802422 3.2006708 3.2285070 3.2737791 3.3167099 3.5751314 2.2204804 3.7333437 2.6636618 2.7883043 1.7545573 2.3622664 2.0867335 2.4075912 2.0773041 1.0241993 1.0973108 2.6078277 1.9877363 2.1614882 2.9544837 3.2754193 3.7637051 3.1963772 3.0518266 3.4013106 2.9285531 3.3769070 3.9292627 1.9399067 3.9843240 
IV_Mapoly0032s0153_PTQ41991.1_hypothetical_protein_MARPO_0032s0153__Marchantia_polymorpha_                       5.4245918 5.7756701 5.5608897 2.2294045 3.4766073 3.0525445 2.0976308 1.7524793 1.1599489 1.0776067 1.1263136 0.0000000 3.5388660 3.2876974 2.8039662 3.5487381 3.5777573 4.6241844 2.6636052 1.9781991 3.4727068 4.4244667 4.5434172 2.4763111 2.1913673 3.9707631 3.9182107 2.0444888 3.4341679 3.6267461 4.4481829 4.2442038 3.8448433 3.4884330 3.4421640 3.9378249 3.5368015 3.1691704 3.9761204 4.0056605 4.8689088 4.1767188 3.3817214 3.5214430 3.9810509 3.1988543 4.3339628 2.5614963 4.0008472 2.8940261 3.0789919 2.3439916 2.3249546 2.7655724 2.4117745 2.1688995 1.0192481 1.1352297 2.5894247 2.3620214 2.4076660 3.0430755 3.6333460 3.8323771 3.7221641 3.5525920 4.0009196 3.2359268 4.1314591 4.5271315 1.9668566 4.7643700 
V_Mapoly0008s0029_PTQ47242.1_hypothetical_protein_MARPO_0008s0029__Marchantia_polymorpha_                        4.9868430 5.5736962 5.0977511 2.0496489 3.3621422 2.9388272 3.5674099 2.7456261 2.7993726 3.4793126 3.3134310 3.5388660 0.0000000 1.1506885 1.2543087 1.5697310 1.1107433 3.9967598 2.3004742 1.8801806 3.6875189 3.8455673 3.7604938 2.4397166 2.4416745 4.2730180 4.1705502 2.6742681 5.0175909 4.1406783 5.1372984 4.6034312 4.0461495 4.6284089 4.0677196 4.8907777 4.4308339 4.3090101 3.6553381 3.5485213 4.3236493 3.5321518 3.5821660 3.6226335 3.6029732 3.4271169 4.1764029 2.6564820 4.1762722 4.2788497 4.4361579 2.8820231 3.1110109 2.6130803 3.1909986 2.6753409 2.5681144 2.8396535 1.1617527 1.4269513 0.9492175 2.9587044 4.3215036 3.8137051 4.4128199 3.8685135 4.0135274 4.0598699 3.9928691 3.8965936 1.0928730 3.2128354 
V_XM_002977602.2_XP_002977648.2_uncharacterized_protein_LOC9657152__Selaginella_moellendorffii_                  4.7272452 5.0010830 5.2028640 2.1911030 2.8195997 2.9198928 3.1654113 2.4411969 2.5776538 3.1751977 2.8165165 3.2876974 1.1506885 0.0000000 1.1206434 1.3336020 1.1728596 3.3224030 2.4949145 2.0046357 4.0659095 3.8573078 2.9218173 2.6511902 2.6192223 4.2487905 3.6848283 2.2009288 3.9846099 3.8460998 4.2276385 4.1059420 3.8704743 3.9289826 4.4047346 4.3196388 3.5343233 4.1474271 3.5714513 3.2432008 4.2550073 3.1342765 3.1505274 3.2907039 3.8268115 3.6888665 4.2529549 2.8989820 4.5150798 3.7104722 4.1121032 2.6262215 2.9026935 2.8023667 2.8616797 2.7687897 2.1021108 2.1879102 1.0796012 1.4201070 0.8970305 3.4785502 4.7803460 3.4223625 4.2998777 3.9910979 3.1226177 3.6199562 3.6677875 3.9733366 1.1750301 4.1917240 
V_MN199008_QIN53284.1_R2R3-MYB_transcription_factor__Selaginella_moellendorffii_                                 4.7738644 5.1147946 4.9830136 2.3580077 3.1656688 2.9737054 3.0323772 2.5663905 2.5497202 2.3799329 2.7541043 2.8039662 1.2543087 1.1206434 0.0000000 1.6598522 1.0264984 3.4594882 2.0759969 1.8763570 4.0209108 3.7245105 4.0411339 2.4728593 2.3432151 4.1438028 3.4156002 2.3521464 4.1263473 3.3067912 4.1725599 4.3528349 3.8647222 3.6848162 3.5818792 4.4759517 4.0347261 4.0806891 4.4246191 3.8895868 4.4269025 3.9989031 3.1890752 4.1889429 4.2816866 2.9726323 4.3899649 2.7985803 6.0544654 3.4722428 3.3920266 3.0569533 3.1657372 2.8246796 2.6478295 2.4418784 2.2739295 2.4364557 1.2231122 1.1948480 0.8503041 3.2418287 4.3632092 3.9607190 4.2567666 3.6341290 4.0819941 4.3859988 4.1840253 3.6478395 1.0703078 4.1008998 
V_MN199009_QIN53285.1_R2R3-MYB_transcription_factor__Selaginella_moellendorffii_                                 4.2746845 4.0873763 4.7139379 2.1667711 3.5246403 3.4504576 3.1596413 2.6207926 2.5551125 3.3909726 2.9703028 3.5487381 1.5697310 1.3336020 1.6598522 0.0000000 1.3938939 3.1694646 2.3177532 1.9397021 4.6857257 3.7753417 3.6567596 2.3964219 2.1933801 4.5192032 4.0993721 2.4805153 4.4390648 3.6994261 4.5229475 3.7841011 3.6527090 4.5543242 3.9605353 4.1353020 4.3264688 4.4384727 3.0171226 3.2674408 4.7652651 3.3539996 3.1468185 3.0941813 3.7553058 3.4184161 4.0917558 2.7069232 4.5427792 3.5347383 3.7596165 2.3768295 3.3057502 2.9065605 3.1055788 2.9308640 2.2898208 2.2443012 1.1977657 1.5205767 0.9184225 3.4245918 4.4470447 3.6196728 4.5477732 3.2010895 3.3492390 3.5303878 4.1843843 3.6195310 1.1547621 4.8193636 
V_MN199010_QIN53286.1_R2R3-MYB_transcription_factor__Selaginella_moellendorffii_                                 4.7399392 5.0853923 5.0159258 1.9201801 2.9215860 2.8904091 3.1425150 2.3907830 2.8107680 3.1080591 3.2451692 3.5777573 1.1107433 1.1728596 1.0264984 1.3938939 0.0000000 3.2587631 2.1803523 1.8096539 4.2684159 3.6903680 3.4958425 2.3888401 2.3476191 3.6491834 3.6286318 2.3947823 4.9286966 3.7013294 3.9401165 4.1645548 3.4259990 4.4757235 4.3869824 3.9959088 3.7763756 4.1986869 3.9216565 3.2536925 3.7942375 3.1893235 3.2140306 3.4125566 3.8455138 3.7746883 3.8795843 2.5934250 4.1053203 3.2121245 3.8050771 2.2638047 3.1252203 2.3522608 2.7836372 2.5581687 2.1860156 2.4370443 1.0995054 1.3938215 1.0159396 3.2421917 4.2456949 3.8370725 3.7628163 2.7462189 3.2805529 3.8481487 3.5054696 3.2482867 1.0127487 3.6390209 
VI_g8575.t1_length                                                                                               4.6798978 4.9425493 5.1944884 2.8254201 4.1037512 3.6263381 4.6061254 3.3155851 3.5282609 4.5604558 3.6939946 4.6241844 3.9967598 3.3224030 3.4594882 3.1694646 3.2587631 0.0000000 0.0384610 0.0542142 2.3287038 2.0202579 2.4272936 1.2125345 1.0159985 2.3426972 2.1552344 1.6949624 3.2081958 3.0993534 3.4990539 3.1549667 2.8236669 3.4021396 3.2221430 3.3820910 3.1844779 3.3576720 2.4700368 2.8184088 3.6996416 3.0817922 2.6024484 3.3927950 3.2239333 2.5775675 3.3915488 1.2733070 3.6367437 4.6129685 4.4981202 3.7896442 3.2721307 3.2927827 3.3431845 3.4411852 3.0594685 3.7302818 3.0675002 3.0628660 2.5027567 2.1373715 2.9739348 3.0925284 3.5339113 3.1951204 2.8203850 2.5624115 3.1047271 3.0044369 2.6501793 3.7095941 
VI_BBG43567_LC221833_MYB_transcription_factor                                                                    4.1887443 3.8835178 4.0776135 1.8961541 2.3236900 1.8850453 3.0696675 2.1312582 2.4740495 3.0324770 2.6755735 2.6636052 2.3004742 2.4949145 2.0759969 2.3177532 2.1803523 0.0384610 0.0000000 0.0622897 1.2511301 1.3891001 1.1839935 0.8649831 0.7488432 1.0648147 1.2533250 1.2513544 1.7524654 1.8156093 2.0140956 1.5445418 1.7857992 1.8370720 1.7773001 1.8866828 1.7405754 1.7953154 1.9700877 1.6457366 1.9283691 2.2376713 2.1632662 2.4150436 1.8456729 1.8294369 1.8969616 0.8581390 1.7986418 2.7701027 2.6523387 2.4331488 1.9419701 1.9867440 1.8783342 2.4014449 1.7280000 2.1760920 1.8809689 1.6604336 1.7540720 1.0928669 1.7548309 1.7327837 1.6759966 2.2924630 1.7057255 1.6121166 1.5365146 1.9965713 1.7234823 2.1437560 
BBG43566_LC221832_Chara_leptospora_mRNA_for_MYB_transcription_factor                                             3.6277626 3.3271423 3.3271423 1.9052990 1.8193271 2.0242973 2.1784269 1.8380267 1.7255692 1.9745378 1.8654863 1.9781991 1.8801806 2.0046357 1.8763570 1.9397021 1.8096539 0.0542142 0.0622897 0.0000000 0.9796869 0.9107115 0.9512966 0.8583053 0.7433091 0.8978956 0.9217988 1.2085814 1.3148047 1.2891596 1.3779364 1.2015686 1.3433947 1.4890858 1.3631395 1.3569170 1.4459143 1.3709063 1.5031568 1.2767812 1.4205199 1.5739184 1.6940338 1.6319234 1.4843304 1.3673905 1.3471541 0.8514730 1.3353547 2.0347266 2.0503109 2.4350596 1.9908868 2.0261348 1.7463305 2.0070475 1.6003289 1.9579010 1.8402254 1.6790607 1.7972933 0.8880132 1.2623097 1.3550639 1.3121927 1.5688064 1.4234219 1.2484377 1.2132723 1.5525924 1.7208234 1.7349627 
VI_Mapoly0019s0071.1                                                                                             6.1192813 6.1403604 5.5412496 2.5725358 4.3893752 3.1140877 3.6676660 3.2536722 3.5712897 4.0539348 3.7605382 3.4727068 3.6875189 4.0659095 4.0209108 4.6857257 4.2684159 2.3287038 1.2511301 0.9796869 0.0000000 0.6913503 0.8035103 0.2916028 0.2442190 0.7485304 1.0583386 1.1893908 2.1399394 2.2806272 2.0975200 2.3906936 2.5464539 2.4210712 2.0684743 2.4302506 2.3615041 2.1290224 2.6734257 2.6859833 3.0298768 3.4333246 2.5014460 2.9546610 2.6885459 1.9595207 2.7016650 0.3268488 2.8016920 3.9521063 4.2205440 2.8574132 2.3368006 2.5694910 2.9336685 2.6638103 2.8488071 2.8545577 2.9528816 2.8997720 3.5777228 1.2985406 2.1470404 2.4380247 2.4956264 2.4158464 2.4451974 2.0159319 2.4794258 2.4921974 2.8372707 3.2903876 
VI_XM_024688730.1__XP_024544498.1                                                                                6.1301344 6.1343788 5.9230345 2.5242552 4.6192315 3.8078451 3.7522371 3.1797106 3.2460173 4.0748476 3.5831717 4.4244667 3.8455673 3.8573078 3.7245105 3.7753417 3.6903680 2.0202579 1.3891001 0.9107115 0.6913503 0.0000000 0.6797168 0.3027619 0.2530001 0.8617499 0.9395843 1.1616549 2.5060180 2.0097914 2.2955170 2.3734851 2.7326114 2.7788650 2.2827946 2.2718114 2.2856302 2.2878133 2.4722483 2.5575525 3.1983147 2.9472536 2.0704680 2.4225990 2.6350371 2.0461577 2.5195393 0.3519435 3.0118432 3.4520391 3.8246587 2.5019335 2.6527226 2.4408395 3.3735773 3.1489896 2.7685967 2.7399967 2.9690457 2.7938060 2.9937124 1.1439431 2.4263729 2.7668740 2.5020449 2.4550879 2.4338506 2.0786115 2.4515139 2.7180916 2.6550365 3.2732571 
VI_XM_024688389.1_XP_024524157.1_transcription_repressor_MYB4__Selaginella_moellendorffii_                       6.5743357 6.2856648 5.9539006 3.0996105 3.6142383 3.7029644 4.0653246 3.1011648 3.4542486 3.9076197 3.5971382 4.5434172 3.7604938 2.9218173 4.0411339 3.6567596 3.4958425 2.4272936 1.1839935 0.9512966 0.8035103 0.6797168 0.0000000 0.3514957 0.2856243 1.0267314 0.9500394 1.1456831 2.4526944 2.3988220 2.8224233 2.7227293 2.7429576 2.7680271 2.5087935 3.1824039 2.5292496 2.7040423 2.3897457 2.6343348 3.0865860 2.9268980 2.6350896 2.5819764 2.9447610 1.7850558 2.7897798 0.5101704 2.6810876 4.4717771 4.4124345 3.0530416 2.9895881 2.7846108 3.1431881 3.1090245 3.0386793 2.6769904 2.5964718 2.7229400 3.2849278 1.0659385 2.5333155 2.7308341 2.8908936 2.1101483 2.5691739 2.0593244 2.6648062 2.3672147 3.0072694 3.9729890 
VI_Sacu_v1.1_s1503.g028048_Myb_transcription_factor__0.077_                                                      4.9358490 4.5606644 4.4611623 2.2404099 2.3906030 2.4791284 2.1820102 2.2872429 2.2825333 2.1121150 2.2219217 2.4763111 2.4397166 2.6511902 2.4728593 2.3964219 2.3888401 1.2125345 0.8649831 0.8583053 0.2916028 0.3027619 0.3514957 0.0000000 0.0000010 0.3355959 0.4461900 0.9751061 1.1599470 1.1618937 1.1094136 1.4622416 1.3612271 1.3417083 1.3152447 1.4095334 1.2633218 1.2509742 1.5295432 1.6703350 1.9072070 1.8114972 1.8937690 1.8012512 1.5862414 1.3169675 1.6696124 0.1535109 1.7926195 2.6094884 3.1070963 2.6925883 2.2106200 2.1956955 2.5079385 2.6435359 1.7963035 1.8392869 1.9398266 2.0685623 2.2227896 0.5599522 1.2134643 1.3471566 1.4570022 1.9335107 1.4938570 1.3228096 1.3860577 1.9006817 3.0203141 2.3997735 
VI_Sacu_v1.1_s0147.g023157_Myb_transcription_factor__0.077_                                                      5.2362944 4.7860761 4.6704795 1.8860412 2.3241792 2.2666558 2.1170221 1.9698328 2.2191361 1.9692234 1.9048919 2.1913673 2.4416745 2.6192223 2.3432151 2.1933801 2.3476191 1.0159985 0.7488432 0.7433091 0.2442190 0.2530001 0.2856243 0.0000010 0.0000000 0.2219460 0.3926407 0.9968624 1.0781246 1.1800235 1.0808614 1.3208863 1.2362676 1.3437424 1.2397489 1.2048315 1.2259289 1.1552704 1.4048895 1.5648869 1.7515751 1.6505919 1.6852211 1.5819294 1.4881811 1.3536142 1.4772307 0.0600683 1.6612135 2.2787412 2.7630503 2.2977248 1.9950713 1.9818960 2.2075749 2.3660855 1.7635924 1.6324502 1.9600192 1.9467513 2.0569210 0.4765945 1.0881328 1.1804632 1.3798106 1.7592702 1.2784883 1.2077518 1.3311372 1.7071414 2.5977512 2.2875020 
VI_MA_130648p0010_437_residues__                                                                                 5.9713660 5.9959790 5.6253144 2.9579806 4.1576984 3.4320578 3.7273549 3.4583184 3.3242443 3.9918764 3.3545267 3.9707631 4.2730180 4.2487905 4.1438028 4.5192032 3.6491834 2.3426972 1.0648147 0.8978956 0.7485304 0.8617499 1.0267314 0.3355959 0.2219460 0.0000000 1.0476550 1.1229362 2.2385600 2.7700935 2.9217239 2.7214424 2.7539378 2.5116404 2.3255386 2.8949594 2.4795180 2.4752032 2.7035089 2.7263545 2.8213261 3.4037404 2.4540811 3.0512950 2.7403146 2.1338148 2.9711207 0.4389164 2.7975742 3.6777992 4.3564979 3.4171204 2.7358827 2.8977856 3.3315909 3.0505834 2.3563541 2.5854210 3.3183815 3.3746188 3.3058704 1.1714691 2.1340897 2.4327660 2.7475626 1.9538240 2.3271192 2.5894503 2.8544060 2.8009347 3.0688670 3.3735238 
VI_AmTr_v1.0_scaffold00111.43_locus_evm_27.TU.AmTr_v1.0_scaffold00111.43                                         5.7703151 5.6949405 6.3591032 2.9481097 4.2459593 3.4753374 4.0162971 3.2382566 3.0151335 3.5995541 3.4276765 3.9182107 4.1705502 3.6848283 3.4156002 4.0993721 3.6286318 2.1552344 1.2533250 0.9217988 1.0583386 0.9395843 0.9500394 0.4461900 0.3926407 1.0476550 0.0000000 1.1022792 2.0236964 2.1236987 2.4747007 2.1124922 2.7776307 1.8972554 1.7875197 2.5062808 2.2080044 2.0711879 2.4580796 2.1581323 2.8618628 3.0075203 2.3998223 2.7773270 2.5792989 2.1426154 2.5982095 0.4777456 2.6544232 4.0700692 3.7654047 3.2223789 2.6576939 2.5121623 3.5272761 3.0381981 2.2072634 2.7404123 3.0899987 2.7935505 3.3314785 0.9251904 2.1284880 2.4187419 2.0165183 2.5519423 2.5108015 1.9960321 2.1848418 2.3947034 3.0450786 3.2558390 
VII_HAOX-0009745                                                                                                 3.4959103 3.4185937 3.5766929 1.8818426 2.2113607 2.2513174 1.8760397 1.6053849 1.8292213 1.5221398 1.6059873 2.0444888 2.6742681 2.2009288 2.3521464 2.4805153 2.3947823 1.6949624 1.2513544 1.2085814 1.1893908 1.1616549 1.1456831 0.9751061 0.9968624 1.1229362 1.1022792 0.0000000 0.5715215 0.5361684 0.8011443 0.8204777 0.9897310 0.5974092 0.4968848 0.6567875 0.5051327 0.5249378 0.8617879 1.1254235 1.2291415 1.0449519 1.2303177 1.0275953 1.2337231 1.3243712 1.2870217 1.0109046 1.1286348 2.0423741 1.7733770 2.3757374 1.6753882 1.8727841 1.7680344 1.9785913 1.9454299 1.9940920 2.4168483 2.0958412 2.0778996 1.0091395 0.6342342 0.8243298 0.6503596 1.2149402 0.9835389 0.6915838 0.8589559 1.0636368 2.5369048 1.5683409 
VII_Mp3g05910.1                                                                                                  4.7837393 5.1772115 4.9520290 2.0817579 3.8527684 3.6712253 3.2323076 2.6742936 3.1957106 2.7320818 3.0075956 3.4341679 5.0175909 3.9846099 4.1263473 4.4390648 4.9286966 3.2081958 1.7524654 1.3148047 2.1399394 2.5060180 2.4526944 1.1599470 1.0781246 2.2385600 2.0236964 0.5715215 0.0000000 1.1195531 1.6153890 1.3138884 1.6171769 0.7947758 0.9177645 0.8499443 1.1099877 1.0856884 1.6802212 2.2560966 2.8228744 2.1649708 2.2130330 2.4354742 1.9911583 1.9654138 2.3129896 1.2514016 2.1982765 3.5846739 3.7800196 2.6459149 2.2487869 3.0323651 2.5987813 3.4929238 2.7276231 2.8986261 3.4046268 3.2366342 2.9467569 2.0211023 1.1725852 1.6045295 1.2530665 1.8845850 1.9784994 1.3775121 1.6167672 2.0242580 3.0424752 2.9922045 
VII_ENA_MN199011_MN199011.1_Selaginella_moellendorffii                                                           4.0698868 4.2015631 4.8084995 2.2877710 3.3887983 3.2774969 3.5689991 2.6915747 2.9093522 3.0951160 2.8477829 3.6267461 4.1406783 3.8460998 3.3067912 3.6994261 3.7013294 3.0993534 1.8156093 1.2891596 2.2806272 2.0097914 2.3988220 1.1618937 1.1800235 2.7700935 2.1236987 0.5361684 1.1195531 0.0000000 1.5361015 1.8003627 1.4770582 1.3513305 1.1600510 1.2491424 1.1970257 1.2414270 1.8269945 2.0876919 2.4032929 2.3866647 1.8054080 1.9422429 1.9557904 1.9692827 2.0141630 1.3376791 2.1759101 3.0789813 3.6995531 3.0692554 2.4607079 2.7635547 3.1604913 3.0118667 2.4269648 2.6349578 3.0205782 2.4187269 2.7159539 1.7084646 1.0825788 1.4466821 1.5470240 1.8529102 2.0050373 1.4712161 1.7309400 2.1354533 2.8290728 2.3932218 
VII_Sacu_v1.1_s0002.g001222_Myb_transcription_factor__0.077_                                                     6.0388809 6.9193980 6.9293368 2.9050571 5.1819308 4.1733580 4.0727428 3.2276855 3.7353137 3.9286926 3.4687431 4.4481829 5.1372984 4.2276385 4.1725599 4.5229475 3.9401165 3.4990539 2.0140956 1.3779364 2.0975200 2.2955170 2.8224233 1.1094136 1.0808614 2.9217239 2.4747007 0.8011443 1.6153890 1.5361015 0.0000000 1.2907665 1.5189832 1.7292642 1.6075448 1.4501606 1.8964507 1.6186368 2.0664148 2.4146985 3.3291741 2.6702178 2.4976303 2.5767019 2.6704495 2.5095125 2.7258794 1.4111961 2.8178514 3.8092147 4.6296801 3.1251888 2.9307019 2.7394530 3.7249293 3.6725816 3.0405022 3.6897914 3.5475703 3.9893477 3.2525947 2.2459084 1.9430269 2.2663543 1.8316603 2.3239632 2.0815055 1.1944440 1.2856977 2.1521828 3.2423445 3.4180418 
VII_Sacu_v1.1_s0041.g012546_Myb_transcription_factor__0.077_                                                     5.1575902 5.4912113 6.2426613 2.3121850 4.0601075 3.6736178 4.2216661 2.9555767 3.6010164 3.8754055 3.1112389 4.2442038 4.6034312 4.1059420 4.3528349 3.7841011 4.1645548 3.1549667 1.5445418 1.2015686 2.3906936 2.3734851 2.7227293 1.4622416 1.3208863 2.7214424 2.1124922 0.8204777 1.3138884 1.8003627 1.2907665 0.0000000 1.5167760 1.5813928 1.4815451 1.5996490 1.8350522 1.8690541 1.7007784 2.2856764 3.1640101 2.4526764 2.4076449 2.3086913 2.2938196 1.7906795 2.2038298 1.5542891 2.2840429 4.2125621 4.4614184 2.5799513 2.5962775 2.7441858 2.7245372 3.6625609 3.3518198 3.6384384 3.2570865 3.6217577 3.5628752 1.9426074 1.5733258 2.1461454 1.8884900 2.4541984 2.2123320 0.7805379 1.3244924 2.1339595 3.9602961 3.1491586 
VII_Sacu_v1.1_s0272.g027033_Myb_transcription_factor__0.077_                                                     4.1671982 4.7469264 4.9043234 2.3946261 3.4807703 3.3157173 3.6464336 3.1112100 3.0654558 3.4855390 3.2585456 3.8448433 4.0461495 3.8704743 3.8647222 3.6527090 3.4259990 2.8236669 1.7857992 1.3433947 2.5464539 2.7326114 2.7429576 1.3612271 1.2362676 2.7539378 2.7776307 0.9897310 1.6171769 1.4770582 1.5189832 1.5167760 0.0000000 1.8374577 1.6532449 1.5797460 2.0206023 1.6534206 1.7205028 2.3313475 2.6845797 2.2799432 2.3422919 2.3592798 2.4361373 1.7455905 2.4641154 1.4729523 2.3861460 3.7798762 4.1424683 2.8057977 2.5212710 2.6309952 2.9649177 3.1846841 2.4221272 3.1011559 2.9692745 3.2808304 2.7365549 2.3155055 1.7964561 2.0068832 2.1292364 2.2743791 2.2331515 1.3033544 1.3477872 2.0999116 2.4745146 3.3110451 
VII_MA_96853p0010_582_residues__                                                                                 4.7117424 5.2304616 4.9068813 2.1418830 3.2573389 3.7252872 3.4612809 3.1024161 3.5036194 3.4329932 3.3518594 3.4884330 4.6284089 3.9289826 3.6848162 4.5543242 4.4757235 3.4021396 1.8370720 1.4890858 2.4210712 2.7788650 2.7680271 1.3417083 1.3437424 2.5116404 1.8972554 0.5974092 0.7947758 1.3513305 1.7292642 1.5813928 1.8374577 0.0000000 0.6854169 1.1646673 0.9599609 0.9392733 1.7481946 2.2197913 2.7672655 2.2367076 2.2115600 2.4735257 2.2963571 2.1893806 2.2568062 1.4249094 2.6410368 3.6285831 4.1665742 3.0343784 2.5986949 2.8916753 3.3967231 3.5993872 2.7258215 3.2088856 3.2827535 3.5398175 2.6565328 1.8558163 1.0817917 1.6689008 1.3123537 1.9684236 2.5059459 1.6336973 1.7405856 2.2940142 2.7195217 3.6616290 
VII_MA_10208000p0010_602_residues__                                                                              5.2933325 5.5279986 5.3299724 2.2491494 3.4879835 3.6381122 3.4587764 3.2638786 3.1747939 2.9258551 2.6340964 3.4421640 4.0677196 4.4047346 3.5818792 3.9605353 4.3869824 3.2221430 1.7773001 1.3631395 2.0684743 2.2827946 2.5087935 1.3152447 1.2397489 2.3255386 1.7875197 0.4968848 0.9177645 1.1600510 1.6075448 1.4815451 1.6532449 0.6854169 0.0000000 1.0407671 0.8259941 0.9878531 1.8072552 2.3574023 2.6120433 2.1649229 1.9793614 2.1183157 2.2530580 2.0834290 2.4211117 1.4810445 2.2507925 3.1284505 3.7662428 2.7236078 2.4009974 2.8644241 3.0610008 3.2635643 2.6046627 2.8727584 3.1589410 2.9580288 2.4272091 1.8944902 0.9346570 1.7367934 1.1345101 2.2764541 2.3761342 1.5429536 1.5598068 2.2435103 3.1183263 3.1844747 
VII_MA_20462p0010_470_residues__                                                                                 4.5470825 5.2890953 5.0050539 2.4050328 4.0184047 3.5285548 4.0730623 3.3240387 3.0532025 3.3827164 3.2021888 3.9378249 4.8907777 4.3196388 4.4759517 4.1353020 3.9959088 3.3820910 1.8866828 1.3569170 2.4302506 2.2718114 3.1824039 1.4095334 1.2048315 2.8949594 2.5062808 0.6567875 0.8499443 1.2491424 1.4501606 1.5996490 1.5797460 1.1646673 1.0407671 0.0000000 1.3227710 1.2249037 1.6390308 2.0869756 2.7550664 2.2667517 2.2001575 2.1928387 2.0942687 1.9443146 2.4343265 1.5965651 2.2890038 3.7071704 4.5003723 2.6875918 2.4895499 3.2879345 3.1025663 3.3476679 2.4857016 3.1406109 3.2743368 3.8237775 3.1289043 2.1598892 1.1749311 1.6981974 1.3443424 2.1886801 1.8995855 1.2776989 1.6116475 1.9648035 3.0023532 3.2478808 
VII_AmTr_v1.0_scaffold00038.91                                                                                   6.5603229 6.7382238 6.2898293 2.1010231 3.8171208 3.3114903 3.6823931 2.9960809 3.1898473 3.2263406 3.0828739 3.5368015 4.4308339 3.5343233 4.0347261 4.3264688 3.7763756 3.1844779 1.7405754 1.4459143 2.3615041 2.2856302 2.5292496 1.2633218 1.2259289 2.4795180 2.2080044 0.5051327 1.1099877 1.1970257 1.8964507 1.8350522 2.0206023 0.9599609 0.8259941 1.3227710 0.0000000 1.2238884 1.9036993 2.2651368 3.0959440 2.4354288 2.0573808 2.4691345 2.6103292 2.0537628 2.5756200 1.4359372 2.9004874 3.4677480 4.0288264 2.7084035 2.7223632 3.2238739 3.4070564 3.5012496 2.8499336 3.3836356 3.1116848 3.7599081 2.8603951 2.1405528 1.3122771 1.5149662 1.2204458 2.2404429 2.5016958 1.5632998 1.6789228 2.2812059 3.0274189 3.3190229 
VII_AmTr_v1.0_scaffold00037.85                                                                                   5.5586441 5.9681377 5.7930207 2.1836807 3.8573963 3.4805649 3.2956121 3.3311075 2.9746726 3.0283571 2.9547428 3.1691704 4.3090101 4.1474271 4.0806891 4.4384727 4.1986869 3.3576720 1.7953154 1.3709063 2.1290224 2.2878133 2.7040423 1.2509742 1.1552704 2.4752032 2.0711879 0.5249378 1.0856884 1.2414270 1.6186368 1.8690541 1.6534206 0.9392733 0.9878531 1.2249037 1.2238884 0.0000000 1.8251395 2.2831380 2.8230192 2.2649189 2.0008572 2.3086923 2.2069851 2.0422808 2.6184687 1.3213199 2.6411493 3.2709666 3.6776757 2.8750065 2.8574769 3.0332390 2.8559236 3.2941142 2.3144710 2.7975256 3.1682909 3.5445942 3.2101169 1.9861309 1.0080631 1.6209318 1.3043588 2.2426182 2.2081384 1.3821010 1.7338804 2.0646694 2.9787526 3.4790893 
VIII_MN199016_QIN53292.1_R2R3-MYB_transcription_factor__Selaginella_moellendorffii_                              3.7770012 4.0855726 4.2606197 1.8491707 3.1480293 2.8712072 3.7401882 2.8737632 3.5360602 3.3865115 3.6514677 3.9761204 3.6553381 3.5714513 4.4246191 3.0171226 3.9216565 2.4700368 1.9700877 1.5031568 2.6734257 2.4722483 2.3897457 1.5295432 1.4048895 2.7035089 2.4580796 0.8617879 1.6802212 1.8269945 2.0664148 1.7007784 1.7205028 1.7481946 1.8072552 1.6390308 1.9036993 1.8251395 0.0000000 1.1247033 1.5832519 1.1307068 1.3560648 1.6137429 1.1606929 2.0352239 1.5855201 1.5300528 1.4860038 3.1320222 3.3757961 3.0327922 2.2958874 2.5542796 2.7087973 3.4272314 2.8589426 3.0557141 3.7359341 4.6478134 3.0454473 1.9289351 1.5279702 2.0740866 1.7385684 0.9954521 1.5430833 1.6407866 1.9756952 1.1023779 2.9836805 2.0764011 
VIII_XM_024668296.1_XP_024524064.1_transcription_factor_MYB26__Selaginella_moellendorffii_                       4.2861122 4.9677810 4.6239704 2.3989918 3.3633987 2.9475476 3.8339402 3.1253814 2.9946806 3.2283709 4.0346877 4.0056605 3.5485213 3.2432008 3.8895868 3.2674408 3.2536925 2.8184088 1.6457366 1.2767812 2.6859833 2.5575525 2.6343348 1.6703350 1.5648869 2.7263545 2.1581323 1.1254235 2.2560966 2.0876919 2.4146985 2.2856764 2.3313475 2.2197913 2.3574023 2.0869756 2.2651368 2.2831380 1.1247033 0.0000000 1.9071235 1.5676077 1.6271015 1.7460145 1.6646480 1.5887077 1.5511567 1.8674368 1.6182392 3.4884319 3.6424655 2.8632114 2.4334905 3.0388137 2.6066140 3.3812556 2.8035029 3.2079531 2.9796532 3.3177415 2.7950628 1.9397922 2.2195597 2.0491655 2.3640601 1.2711313 1.8689143 2.0955866 2.2986014 1.4553560 2.4485870 1.8136057 
VIII_Mapoly0073s0038_PTQ35164.1_hypothetical_protein_MARPO_0073s0038__Marchantia_polymorpha_                     4.8952517 5.2683489 4.6294646 1.9475234 4.0621291 3.6016534 4.2501695 3.3676078 3.5549027 3.9482853 3.8388947 4.8689088 4.3236493 4.2550073 4.4269025 4.7652651 3.7942375 3.6996416 1.9283691 1.4205199 3.0298768 3.1983147 3.0865860 1.9072070 1.7515751 2.8213261 2.8618628 1.2291415 2.8228744 2.4032929 3.3291741 3.1640101 2.6845797 2.7672655 2.6120433 2.7550664 3.0959440 2.8230192 1.5832519 1.9071235 0.0000000 1.3511030 1.4656256 1.7873848 2.0562755 2.2826894 1.9857991 1.8024476 1.8782546 3.8489746 3.3010796 3.0162226 2.7968560 2.8613227 3.4437399 3.3460327 2.7479313 3.7626648 4.1852687 3.5730660 3.0508179 2.4453771 2.4161063 2.6004069 2.8880663 1.6657985 2.2806888 2.6517217 2.8761352 1.5885521 2.8428714 2.8356902 
VIII_Mapoly0006s0226_PTQ48220.1_hypothetical_protein_MARPO_0006s0226__Marchantia_polymorpha_                     4.1707953 4.5823472 4.5325099 2.6052434 3.3005755 3.3812474 3.5662954 3.1338239 2.9047225 3.4160122 3.1802422 4.1767188 3.5321518 3.1342765 3.9989031 3.3539996 3.1893235 3.0817922 2.2376713 1.5739184 3.4333246 2.9472536 2.9268980 1.8114972 1.6505919 3.4037404 3.0075203 1.0449519 2.1649708 2.3866647 2.6702178 2.4526764 2.2799432 2.2367076 2.1649229 2.2667517 2.4354288 2.2649189 1.1307068 1.5676077 1.3511030 0.0000000 1.1475448 1.2330984 1.6045551 1.9783435 1.9314578 1.8061434 1.6364356 3.3527157 3.5663373 3.0938604 2.7812517 2.5941519 3.4257696 3.2287621 3.3646490 3.4198517 3.0379638 3.6054740 2.6073449 2.5692610 2.2545366 2.3102145 2.6212274 1.2505845 1.6357499 2.1701980 2.7376837 0.8742434 2.9574820 2.7404388 
VIII_XM_024680104.1_XP_024535872.1_transcription_factor_MYB8-like__Selaginella_moellendorffii_                   5.0617954 4.9681343 4.6750873 2.2290715 2.9898004 3.1337980 3.3122563 3.0735217 3.5883103 3.1702667 3.2006708 3.3817214 3.5821660 3.1505274 3.1890752 3.1468185 3.2140306 2.6024484 2.1632662 1.6940338 2.5014460 2.0704680 2.6350896 1.8937690 1.6852211 2.4540811 2.3998223 1.2303177 2.2130330 1.8054080 2.4976303 2.4076449 2.3422919 2.2115600 1.9793614 2.2001575 2.0573808 2.0008572 1.3560648 1.6271015 1.4656256 1.1475448 0.0000000 1.0850841 1.5446698 1.8998381 2.0388245 1.9114931 1.6335943 3.4525080 2.7761917 2.7893286 2.9346178 3.5252780 2.9638406 3.5057899 2.5135682 2.8011606 2.8684083 3.3891066 2.3241119 2.4556458 1.9791275 2.1016100 2.6499903 1.7204426 1.5006458 2.1243121 2.5194047 1.4725206 2.6175301 2.7834406 
VIII_MN199020_QIN53296.1_R2R3-MYB_transcription_factor__Selaginella_moellendorffii_                              4.4825027 4.7784941 4.7447111 1.9725546 2.9849144 3.0813393 3.0949703 2.6105130 3.0715898 3.4494294 3.2285070 3.5214430 3.6226335 3.2907039 4.1889429 3.0941813 3.4125566 3.3927950 2.4150436 1.6319234 2.9546610 2.4225990 2.5819764 1.8012512 1.5819294 3.0512950 2.7773270 1.0275953 2.4354742 1.9422429 2.5767019 2.3086913 2.3592798 2.4735257 2.1183157 2.1928387 2.4691345 2.3086923 1.6137429 1.7460145 1.7873848 1.2330984 1.0850841 0.0000000 1.8644509 2.3976919 1.7550189 1.7844631 1.6620003 3.7440351 3.9619488 3.1881599 2.8500570 2.6554492 3.1463478 2.8305894 2.7164494 3.1205354 3.3678610 3.3092658 2.3719249 2.6228494 2.0397638 2.4074213 2.6109589 1.5719263 1.6919726 2.4679876 2.5785271 1.1371338 2.6404838 3.4950775 
Azfi_s0014.g013584                                                                                               4.6302562 4.8852128 4.5897166 2.3382282 3.2519882 3.5168582 3.6220868 2.9391871 2.6744948 3.5860149 3.2737791 3.9810509 3.6029732 3.8268115 4.2816866 3.7553058 3.8455138 3.2239333 1.8456729 1.4843304 2.6885459 2.6350371 2.9447610 1.5862414 1.4881811 2.7403146 2.5792989 1.2337231 1.9911583 1.9557904 2.6704495 2.2938196 2.4361373 2.2963571 2.2530580 2.0942687 2.6103292 2.2069851 1.1606929 1.6646480 2.0562755 1.6045551 1.5446698 1.8644509 0.0000000 2.0338772 1.9101562 1.7142028 1.5079786 3.5433994 3.2643298 3.1161998 2.8270333 2.6531264 2.6129640 3.5983497 2.9336912 3.0116022 3.8885581 3.1959376 2.9092785 2.2364955 2.2365554 2.4732089 2.5866493 1.3005295 1.6783329 2.2970710 2.6042454 1.4413673 2.8689181 2.7586342 
Azfi_s0035.g025508                                                                                               4.8555154 5.0467185 4.4677294 2.0288067 2.4705589 3.1191817 3.0510764 3.1735068 3.0131288 2.5880752 3.3167099 3.1988543 3.4271169 3.6888665 2.9726323 3.4184161 3.7746883 2.5775675 1.8294369 1.3673905 1.9595207 2.0461577 1.7850558 1.3169675 1.3536142 2.1338148 2.1426154 1.3243712 1.9654138 1.9692827 2.5095125 1.7906795 1.7455905 2.1893806 2.0834290 1.9443146 2.0537628 2.0422808 2.0352239 1.5887077 2.2826894 1.9783435 1.8998381 2.3976919 2.0338772 0.0000000 1.6058090 1.3133569 1.9716226 4.0001488 3.5607838 2.7112928 2.4284345 2.3778929 2.2750524 3.3084595 2.1966784 2.2403070 2.6273141 2.5546541 2.5044746 1.6707158 2.0638195 2.4104825 2.1293200 2.1784570 1.7613835 1.9108194 2.1852145 1.9920933 2.5240388 2.2223272 
Azfi_s0041.g026722                                                                                               4.4629341 4.8530872 4.6027792 2.4742173 3.0568326 3.7022096 3.9770184 3.0014843 3.6996045 3.8788701 3.5751314 4.3339628 4.1764029 4.2529549 4.3899649 4.0917558 3.8795843 3.3915488 1.8969616 1.3471541 2.7016650 2.5195393 2.7897798 1.6696124 1.4772307 2.9711207 2.5982095 1.2870217 2.3129896 2.0141630 2.7258794 2.2038298 2.4641154 2.2568062 2.4211117 2.4343265 2.5756200 2.6184687 1.5855201 1.5511567 1.9857991 1.9314578 2.0388245 1.7550189 1.9101562 1.6058090 0.0000000 1.6269235 1.8158362 3.9602839 3.4058517 2.9380208 2.5593295 2.7983607 3.0166669 2.8528949 2.8125176 3.2025626 3.1962492 3.4712108 2.3058051 2.3671478 2.3849658 2.2042457 2.3457239 1.5035230 1.8607981 2.5509868 2.3764754 1.8270137 2.7593364 2.0915923 
