69
CDC5_XM_024686040.1_XP_024541808.1_cell_division_cycle_5-like_protein                                            0.0000000 0.0373089 0.2990694 3.0750540 4.4118668 4.7008992 5.4503531 4.3396284 4.3431861 4.1626676 3.7544255 4.6692078 4.0648299 4.3479605 4.1926409 3.6656405 4.0623979 4.6653038 3.7322090 3.3685314 5.5269111 4.5374146 5.2263597 4.0366310 4.1323802 5.3892161 5.0727917 2.8796550 3.8729772 3.7016914 5.4446926 3.9838368 4.1180657 4.2074584 4.2514035 3.8318442 4.6002066 4.6304420 3.8940974 4.6661855 4.4317682 4.4956306 3.6441927 3.8284400 4.8159474 5.3058452 3.4725492 5.2698205 3.7061260 3.6025598 3.6222907 4.5491507 4.2296534 3.6109829 3.4894674 4.7707544 4.1644356 5.0134558 3.6635336 4.4897132 3.6299548 3.3703717 3.5789395 4.4395439 4.1129266 4.5391645 4.1111507 3.7533251 4.4607312 
CDC5_XM_002981114.2_XP_002981160.1_cell_division_cycle_5-like_protein__Selaginella_moellendorffii_               0.0373089 0.0000000 0.3312766 2.9998245 4.7218761 4.9171802 5.3689147 4.6021376 4.7253572 4.8167996 4.2209066 4.7701911 4.7573771 4.6044735 4.6730835 3.8422876 4.6084924 5.9293579 3.4671737 3.0955147 5.8512260 4.4133492 5.4505179 3.8317637 3.8988422 5.2123954 6.1129327 3.0105987 4.6505609 4.2820532 5.3520178 4.7025474 5.0810817 5.4763444 5.1295687 4.2612664 6.0535429 5.4404213 4.4897101 5.6526766 4.9069769 5.3332975 3.6570508 4.2708231 5.1286160 6.1462769 4.0179422 5.4300965 4.7403480 3.4126810 3.8932153 5.5765926 5.2797656 3.7607589 3.6052754 4.6306477 4.8825368 5.3634913 3.7988958 4.4721533 3.7755453 3.3571025 3.7941707 4.5547710 4.4890956 4.6286388 4.8277015 4.0259681 5.0053984 
CDC5_Mapoly0014s0195_PTQ45693.1_hypothetical_protein_MARPO_0014s0195__Marchantia_polymorpha_                     0.2990694 0.3312766 0.0000000 3.0333704 4.8216401 5.3227078 5.3291920 4.5885165 4.6055124 4.6560777 4.4597537 4.8018100 5.3243121 5.3987787 5.1418501 4.5642261 4.8057892 6.1375633 3.3801854 3.0955147 5.7992487 4.3318086 6.3640159 3.8506363 3.9225115 5.3260324 5.7500235 3.2548740 4.6746349 4.7156855 5.7069528 4.9298624 4.4731455 5.1946022 5.0908724 4.4110611 5.8440695 5.4155388 4.6168862 6.1202706 4.6471640 5.0337607 4.0879002 4.4149565 4.9104684 6.0863267 4.1489584 5.5982880 5.0467649 3.3281361 3.8023753 5.4798103 6.0900438 3.8909918 3.5327104 4.6652990 4.3383670 5.4557740 3.7974883 5.1345389 4.0030859 4.1040880 3.8658079 4.5497695 5.0015962 4.7620719 4.8219750 3.9062418 5.0102904 
I_Mapoly0085s0092_PTQ33890.1_hypothetical_protein_MARPO_0085s0092__Marchantia_polymorpha_                        3.0750540 2.9998245 3.0333704 0.0000000 1.3364036 1.3456934 1.8920420 1.6511082 1.6717568 2.0802342 1.9932114 1.8308330 2.0292082 1.8910834 1.8076463 1.7404052 1.6956034 2.4464374 2.1052970 1.8626622 2.4716441 2.7496329 2.4782394 2.1037612 1.8881989 2.4208218 1.8934356 1.6381602 1.7409595 2.3152706 2.2327895 1.8430381 1.9228219 1.9355159 1.8270678 1.8282049 1.9975658 1.7599777 1.9221909 1.9764418 2.0886249 2.4506038 2.4494582 2.0623308 2.0035201 2.2597730 1.8815427 2.4285749 2.2208243 2.1540944 2.2920195 1.5213435 1.6816245 1.5474214 1.3990187 1.4537017 1.4366202 2.0195860 1.7775860 1.9051728 1.6710490 1.7898296 1.5976290 2.1984053 1.9720705 2.0600739 2.0146899 2.0591793 2.5171011 
II_Mapoly0001s0061_PTQ49997.1_hypothetical_protein_MARPO_0001s0061__Marchantia_polymorpha_                       4.4118668 4.7218761 4.8216401 1.3364036 0.0000000 1.7962282 2.7607369 2.5391416 2.5338640 2.6472459 2.5649145 3.0079043 3.0556800 2.9868348 2.7898707 3.5092779 2.9984822 4.3969700 2.4104082 1.8930826 3.9185986 4.1531226 4.2146554 2.2747761 2.0829179 4.3143685 3.2924679 2.0077726 4.3325939 4.2384568 3.9891503 3.4234889 3.5226850 3.8224406 3.9603432 3.3099938 4.5054794 3.6028842 3.1386167 3.6674985 4.0252982 3.9213227 2.9125942 3.2116340 2.9223132 3.6643740 3.5173972 3.2515538 2.5540911 2.3877522 2.7170298 2.8039639 2.8947192 2.1304671 1.4379540 1.7624725 1.3704073 2.6962624 2.2403044 2.4227834 2.7275680 2.8127641 2.9680183 3.1704347 3.9621970 3.4386278 4.2676273 2.6686193 3.3214386 
III_XM_002991980.2_XP_002992026.2_myb-related_protein_B__Selaginella_moellendorffii_                             4.7008992 4.9171802 5.3227078 1.3456934 1.7962282 0.0000000 3.0693291 2.1480020 2.9905461 2.8434263 2.5139407 2.6345747 2.8719974 2.8848880 2.4920296 2.8248463 2.5143163 3.5657986 1.9708556 1.8237802 3.1591406 3.2456713 3.8566031 2.2888093 2.0766237 3.8902878 2.9281908 2.0510181 3.9462991 3.6781155 3.7779604 3.8639348 3.5929095 3.6654103 3.4760176 3.3774025 3.9883630 3.3601242 2.8827798 2.8452081 3.4685430 3.8591372 3.4400462 2.8226698 3.3599604 3.3591262 3.6311403 2.9805447 3.3179009 2.3480804 3.3996973 2.4650898 2.4146132 1.9838587 1.3227049 1.5109167 1.3662432 2.9290152 2.9993659 2.7546769 2.5966505 2.5331986 2.5341325 3.1479237 3.0995140 3.1209350 3.5994560 2.8641320 3.2094910 
III_Mapoly0007s0271_PTQ47916.1_hypothetical_protein_MARPO_0007s0271__Marchantia_polymorpha_                      5.4503531 5.3689147 5.3291920 1.8920420 2.7607369 3.0693291 0.0000000 1.1688681 1.6004095 1.7127253 1.3379496 1.6028715 2.9600633 2.5701055 2.4784580 2.7584710 3.0080124 5.4567361 2.9197765 2.1332377 3.4524057 3.2535379 3.3973831 1.8171407 1.7179294 3.8129357 3.2532316 1.9852960 3.6555875 3.2076383 3.7226981 4.0676768 3.7736005 3.2997367 3.5176211 3.7930286 4.1669437 4.0872441 3.6121867 3.8766620 3.7115672 4.2947997 2.7343167 2.9553036 3.1367097 4.4414619 4.1489451 3.0099604 3.7608225 1.9937863 3.4671211 3.0417859 2.8624981 2.2501598 1.9801856 2.7156198 2.5088202 2.0115676 1.8823236 1.9278079 2.0495562 2.4722976 2.4627056 3.1148752 3.5214567 3.1702761 3.8096164 3.2658211 3.1497229 
III_XM_002971992.2_XP_002972038.2_transcription_factor_MYB1__Selaginella_moellendorffii_                         4.3396284 4.6021376 4.5885165 1.6511082 2.5391416 2.1480020 1.1688681 0.0000000 1.5502139 1.3813190 1.2744189 1.3332454 2.7185919 2.6764296 2.5600156 2.5227312 2.4405541 2.6654203 2.0506413 1.6146088 3.1355797 2.7701606 3.5298229 1.9025456 1.5685183 3.3677167 2.5301798 1.7233040 2.7928634 2.3451710 3.0535515 2.7248995 2.9836057 2.7025846 3.0755858 2.6293532 2.8725340 3.2440158 3.0585581 2.7134081 3.3121416 2.9447827 2.5875221 2.6312655 2.8023555 2.8858317 3.0150415 2.2731992 2.9123969 1.8044015 2.6365278 2.5942603 2.4508889 1.7562820 1.5278213 2.5475883 1.6495325 1.5535907 1.3968705 1.5364677 1.8179643 2.3901296 2.0140145 2.5596893 2.4126380 2.8182705 2.8363913 2.8059271 2.2302261 
IV_MN199005_QIN53281.1_R2R3-MYB_transcription_factor__Selaginella_moellendorffii_                                4.3431861 4.7253572 4.6055124 1.6717568 2.5338640 2.9905461 1.6004095 1.5502139 0.0000000 0.8516644 0.9349145 1.1652896 2.7629634 2.3469427 2.0758186 2.4423268 2.2571795 4.3976120 2.2673312 1.7333481 3.8738651 3.7355163 3.7296205 1.8535345 1.8041499 3.7482015 2.4588899 1.6244628 3.4185177 2.8108383 3.5447749 3.1538533 2.6708826 3.3382380 2.8965431 2.8083926 3.4694853 3.5546080 2.9329627 3.6488287 3.1739482 3.6140394 2.8243230 2.9511942 2.7114718 3.0684650 3.3567179 2.9024711 3.3251216 2.0173405 3.1029753 3.0739417 2.6667241 2.3964660 2.0602361 2.3115669 2.1733843 1.8427669 1.2811130 1.3171111 1.7009568 1.6856821 1.8370978 2.6334491 3.1692701 2.4915787 3.2857856 2.5622348 3.5566568 
IV_MN199007_QIN53283.1_R2R3-MYB_transcription_factor__Selaginella_moellendorffii_                                4.1626676 4.8167996 4.6560777 2.0802342 2.6472459 2.8434263 1.7127253 1.3813190 0.8516644 0.0000000 0.8472530 0.9740702 2.5357199 2.4160688 2.0272483 2.4182644 2.4169069 3.8721848 2.5066089 1.8952323 3.7376171 3.5716543 3.8561263 2.0140375 1.8332771 3.5102221 2.9976705 1.5985700 2.9855207 3.3095494 3.8836800 3.9670242 3.2604352 3.3575763 2.9033043 2.9265008 3.6806405 3.4392808 3.7765414 3.5165690 4.2449377 3.7450568 3.0478406 3.2773769 2.4921662 3.3902963 3.3743657 2.8065048 3.6318948 1.9248364 3.6277555 2.7954892 2.7128846 2.2527977 2.1924118 2.6213043 2.2244856 2.0900929 1.3560369 1.3150818 2.0819612 2.3625506 2.0102517 2.4754535 3.1664285 3.2385862 3.5603240 2.9497365 2.8547721 
IV_MN199006_QIN53282.1_R2R3-MYB_transcription_factor__Selaginella_moellendorffii_                                3.7544255 4.2209066 4.4597537 1.9932114 2.5649145 2.5139407 1.3379496 1.2744189 0.9349145 0.8472530 0.0000000 0.8853901 2.5903022 2.2592997 2.1930105 2.3775638 2.3823246 3.9967419 2.4073699 1.7751943 2.8421748 3.6058479 3.3302005 2.1379006 1.8382494 3.3985906 2.4584357 1.5317492 3.0581757 3.0240410 3.4696194 3.0450368 3.0346073 3.1359010 2.6636431 3.0985039 3.0196525 2.5879934 3.0644889 3.3970670 3.2713093 3.5704781 2.5246166 2.7535761 2.2962342 3.3678872 3.2922454 3.2373261 3.0192195 1.9991263 2.6923981 2.8398105 2.7104199 2.1101767 2.1522816 2.2031906 2.0134582 1.8152804 1.0382155 1.2552066 1.9840189 2.2784727 1.8543685 2.6909427 2.8239027 3.0030634 3.2403122 2.5535651 3.0042285 
IV_Mapoly0032s0153_PTQ41991.1_hypothetical_protein_MARPO_0032s0153__Marchantia_polymorpha_                       4.6692078 4.7701911 4.8018100 1.8308330 3.0079043 2.6345747 1.6028715 1.3332454 1.1652896 0.9740702 0.8853901 0.0000000 3.0612641 2.5373775 2.1206911 2.7574167 2.6187447 4.4607666 2.4974532 1.9505759 2.9992265 3.5766978 3.5515814 2.0926972 1.8135708 3.7282897 3.1495640 1.7157195 3.3890461 3.5069487 3.7864625 3.7823224 3.6858132 3.3092226 3.2750679 3.3060321 3.4988370 3.5530368 3.5959534 3.8937327 3.5725164 4.0376632 2.6963646 3.4130117 2.8830322 3.3760841 3.8987913 2.7252755 4.0001947 1.9766350 3.7549224 2.7448456 2.8959367 2.0147264 2.0370629 2.3690866 2.2633809 2.1144402 1.1663764 1.1936241 2.2957254 2.5360617 2.3565848 2.8015493 3.2349409 3.3377500 3.6253764 3.0063447 3.3375198 
V_Mapoly0008s0029_PTQ47242.1_hypothetical_protein_MARPO_0008s0029__Marchantia_polymorpha_                        4.0648299 4.7573771 5.3243121 2.0292082 3.0556800 2.8719974 2.9600633 2.7185919 2.7629634 2.5357199 2.5903022 3.0612641 0.0000000 1.0304523 1.0654312 1.2269003 1.0534446 3.4857414 2.2767186 1.9264695 3.1595796 2.9312403 3.1340943 2.2604064 2.2246803 3.7375972 3.2689830 2.6094744 4.4227785 4.9111103 4.1968657 4.2891597 3.7924332 4.3034592 4.4806769 3.7138014 4.2155080 3.5799700 3.9843843 3.0608618 4.2191672 3.4417500 3.5598196 3.1480620 3.3152055 3.5024507 3.9106484 2.9980780 3.7553851 2.3989759 3.4422481 3.6455246 4.0024359 2.1064602 2.4999763 2.4613900 2.6844036 2.9505203 2.8687918 2.9268672 1.2858542 1.2516536 1.1425688 2.7237951 3.6396377 3.3477425 5.3969405 3.6516369 4.1736343 
V_XM_002977602.2_XP_002977648.2_uncharacterized_protein_LOC9657152__Selaginella_moellendorffii_                  4.3479605 4.6044735 5.3987787 1.8910834 2.9868348 2.8848880 2.5701055 2.6764296 2.3469427 2.4160688 2.2592997 2.5373775 1.0304523 0.0000000 1.0597762 1.2922252 1.1309554 3.5810984 2.5196155 1.9617805 3.9828279 3.0304871 3.1343260 2.0649630 1.9554972 4.3012526 3.6290578 2.2745149 4.2566022 3.8173089 4.1248268 3.6965053 3.5148367 3.8814775 4.3537591 3.2889740 3.8703049 3.8815171 3.0673068 3.7143078 3.6987708 3.6144416 3.3870479 3.4435720 3.6123796 3.8096201 4.3751730 3.1060445 3.4324950 2.2271659 4.1209945 3.9673799 3.4890042 2.1537994 2.5900054 2.4485916 2.3315060 2.6151243 2.4402441 2.4280906 0.8573533 1.0892085 1.0600179 3.5519395 3.7403112 3.3435863 3.7793418 3.0640242 3.8775315 
V_MN199008_QIN53284.1_R2R3-MYB_transcription_factor__Selaginella_moellendorffii_                                 4.1926409 4.6730835 5.1418501 1.8076463 2.7898707 2.4920296 2.4784580 2.5600156 2.0758186 2.0272483 2.1930105 2.1206911 1.0654312 1.0597762 0.0000000 1.3440489 0.9430612 3.2417491 2.1887092 1.8768999 3.9272144 2.8867583 3.7538402 2.2944899 2.1986592 3.2228872 2.8716155 2.4275901 3.9553974 3.2431068 3.6986851 4.0476461 3.8460012 3.4270404 3.4630247 3.8665058 3.7256748 4.6401763 3.4373618 3.1048103 4.3239724 4.1919204 2.8081438 3.2070220 3.7968341 3.3407321 3.7100890 3.0664819 3.4622801 2.4932066 3.6397678 3.4024511 2.7559152 2.2259890 2.8011421 2.4631219 2.1189691 2.6118119 2.3412432 2.0374471 0.8960712 0.9633108 0.9199070 3.0976539 3.6156452 3.1985638 4.1289412 3.1031038 3.6056476 
V_MN199009_QIN53285.1_R2R3-MYB_transcription_factor__Selaginella_moellendorffii_                                 3.6656405 3.8422876 4.5642261 1.7404052 3.5092779 2.8248463 2.7584710 2.5227312 2.4423268 2.4182644 2.3775638 2.7574167 1.2269003 1.2922252 1.3440489 0.0000000 1.0156648 3.4206293 2.2249129 1.8963779 3.9124908 3.2963705 3.6070197 2.3217639 2.1227823 3.6512136 3.3443316 2.2931020 4.2093481 3.7781873 4.3233709 4.2871926 4.4010054 4.4031134 4.0040876 3.8121002 4.2735635 4.1320340 3.3820504 3.1755727 4.2861780 3.2837151 2.9786363 2.7711294 4.5369626 3.7617948 3.9493332 3.1174276 3.5310495 2.3470700 3.5631631 3.5495069 3.0712092 2.2328774 2.6529900 3.4455099 2.5784007 2.4905994 2.2339800 2.2798650 0.8671402 1.0801730 0.9107256 4.1877093 3.6254411 3.7099022 4.1722909 2.8122377 3.8246589 
V_MN199010_QIN53286.1_R2R3-MYB_transcription_factor__Selaginella_moellendorffii_                                 4.0623979 4.6084924 4.8057892 1.6956034 2.9984822 2.5143163 3.0080124 2.4405541 2.2571795 2.4169069 2.3823246 2.6187447 1.0534446 1.1309554 0.9430612 1.0156648 0.0000000 3.4509171 2.2012181 1.8013945 4.0012083 3.2487832 3.4463920 1.9828706 1.9252386 3.4513029 3.1303337 2.4627057 4.2290509 4.0336613 3.5735744 4.1554253 4.3806731 4.4221562 4.1630367 3.7712923 4.2022236 4.3197803 3.4251130 2.9842592 3.8265532 3.3221532 3.1493475 2.9716496 3.7221930 3.1044399 3.9950590 3.0936260 3.5158282 2.0837241 3.3503748 3.3836372 3.5062189 2.2276040 2.6310370 2.5000876 2.4338276 2.7585349 2.2512577 2.0801682 0.9849719 1.1693625 0.9114530 3.0290800 3.8090301 3.1688559 4.2139025 2.2019925 3.5251952 
VI_g8575.t1_length                                                                                               4.6653038 5.9293579 6.1375633 2.4464374 4.3969700 3.5657986 5.4567361 2.6654203 4.3976120 3.8721848 3.9967419 4.4607666 3.4857414 3.5810984 3.2417491 3.4206293 3.4509171 0.0000000 0.0387294 0.0540456 2.2138538 2.1878620 2.5249923 1.3046484 1.1042703 2.2576207 1.9385067 1.5289981 3.7214967 3.2948256 3.7876585 3.3340809 3.6502632 3.2372564 3.2919976 3.1467957 3.4790745 3.4569599 2.4716711 3.2394046 4.0672736 3.3785260 2.9000147 3.5907475 2.7480390 2.8941653 2.9386968 2.4491862 3.4375343 1.1139358 3.5201876 5.5735119 5.2987901 3.8954177 2.7244971 4.9194701 2.9208828 4.3033246 3.3241005 3.7148324 3.1328461 3.2934987 3.5586287 2.1259461 3.2451648 2.8501598 3.7035810 2.7906315 2.7416691 
VI_BBG43567_LC221833_MYB_transcription_factor                                                                    3.7322090 3.4671737 3.3801854 2.1052970 2.4104082 1.9708556 2.9197765 2.0506413 2.2673312 2.5066089 2.4073699 2.4974532 2.2767186 2.5196155 2.1887092 2.2249129 2.2012181 0.0387294 0.0000000 0.0620966 1.2081940 1.2816103 1.1376063 0.8513467 0.7381571 1.0156180 0.7736068 1.2214429 1.7070602 1.4551578 1.9689758 1.5049438 1.8187260 1.7696106 1.7389169 1.4216146 1.5965729 1.6712554 1.9564496 1.5526636 1.9578441 2.1160603 2.1142495 2.1483660 1.6176580 1.7563177 1.3950755 1.7645267 1.7893464 0.8443047 1.4004390 2.4622380 2.5830232 2.6732118 2.0208653 2.6908564 1.8684831 2.3967607 1.9265956 2.1919989 1.7924782 1.9906274 1.8258171 1.1255917 1.6373813 1.6562593 1.6505001 2.2298526 1.7463725 
BBG43566_LC221832_Chara_leptospora_mRNA_for_MYB_transcription_factor                                             3.3685314 3.0955147 3.0955147 1.8626622 1.8930826 1.8237802 2.1332377 1.6146088 1.7333481 1.8952323 1.7751943 1.9505759 1.9264695 1.9617805 1.8768999 1.8963779 1.8013945 0.0540456 0.0620966 0.0000000 0.9338559 0.8679929 0.9064624 0.8445631 0.7326671 0.8668872 0.7704095 1.1847401 1.2871591 1.2626823 1.3476285 1.1762658 1.3143117 1.4563702 1.3335717 1.3284657 1.4144285 1.3424343 1.4705146 1.2514321 1.3901325 1.5383681 1.6567127 1.5961887 1.2220790 1.4507719 1.1889603 1.4224558 1.3181527 0.8375484 1.3056419 2.0258215 2.0151977 2.3715151 1.9097472 1.9666227 1.7091794 1.9097460 1.5477737 1.6742566 1.7530706 1.6787760 1.7509195 0.8207803 1.2363385 1.3269105 1.2846989 1.5343642 1.3943283 
VI_Mapoly0019s0071.1                                                                                             5.5269111 5.8512260 5.7992487 2.4716441 3.9185986 3.1591406 3.4524057 3.1355797 3.8738651 3.7376171 2.8421748 2.9992265 3.1595796 3.9828279 3.9272144 3.9124908 4.0012083 2.2138538 1.2081940 0.9338559 0.0000000 0.6186330 0.8469557 0.2526194 0.2042452 0.7475037 1.0185625 0.9558966 2.3131797 2.2937440 2.2043855 2.1121744 2.3287596 2.4946255 2.0706952 2.3204432 2.3468965 2.4137988 2.2269730 2.2884094 2.7327843 2.9952973 2.5380938 3.0466917 2.2994825 2.5352034 2.4911957 2.1193234 2.0319924 0.2403634 2.4460611 4.0308344 4.0983667 2.8495514 2.1530992 2.9206625 2.5100380 3.0459976 2.9387352 3.1219141 3.1579828 2.8071369 2.8425034 1.1227119 2.1026768 2.1745070 2.5921698 2.1572919 2.1182930 
VI_XM_024688730.1__XP_024544498.1                                                                                4.5374146 4.4133492 4.3318086 2.7496329 4.1531226 3.2456713 3.2535379 2.7701606 3.7355163 3.5716543 3.6058479 3.5766978 2.9312403 3.0304871 2.8867583 3.2963705 3.2487832 2.1878620 1.2816103 0.8679929 0.6186330 0.0000000 0.7413205 0.2844317 0.1804671 0.7388650 0.8575122 0.9644768 2.5592523 2.2232655 2.2812288 2.1261151 2.5406377 2.5671315 2.3489433 2.1267098 2.9029630 2.0326206 2.3133547 2.2726074 2.6987196 2.4104060 2.1863437 2.8725327 1.9310435 2.3861429 2.3028802 1.8870596 2.2483577 0.2694151 2.1386103 3.7370835 3.8226805 2.4348144 2.0649951 2.5782654 2.4699148 3.2980369 2.9242476 2.8562118 3.1437249 2.8311366 2.7638788 0.8976038 2.0993093 2.2101061 2.8976111 2.0889301 2.1972787 
VI_XM_024688389.1_XP_024524157.1_transcription_repressor_MYB4__Selaginella_moellendorffii_                       5.2263597 5.4505179 6.3640159 2.4782394 4.2146554 3.8566031 3.3973831 3.5298229 3.7296205 3.8561263 3.3302005 3.5515814 3.1340943 3.1343260 3.7538402 3.6070197 3.4463920 2.5249923 1.1376063 0.9064624 0.8469557 0.7413205 0.0000000 0.2980475 0.2442483 1.1049294 0.9371375 1.0267727 2.5184634 2.2481958 2.8373611 2.2714659 2.9476616 2.6109062 2.4148044 2.4545292 2.5018084 2.4737403 2.3194368 2.4891585 2.5150384 2.5479050 2.7044553 2.8663151 2.4180939 2.8427775 2.2401521 1.8626875 2.8005969 0.3486162 2.3396792 4.2140598 3.9137105 2.7921950 2.3448284 2.9803166 2.7249211 3.6029575 3.2409244 2.9494264 2.6563107 2.7446762 3.0179368 0.9199656 2.2339994 2.3164701 2.9633277 2.1228431 2.4862296 
VI_Sacu_v1.1_s1503.g028048_Myb_transcription_factor__0.077_                                                      4.0366310 3.8317637 3.8506363 2.1037612 2.2747761 2.2888093 1.8171407 1.9025456 1.8535345 2.0140375 2.1379006 2.0926972 2.2604064 2.0649630 2.2944899 2.3217639 1.9828706 1.3046484 0.8513467 0.8445631 0.2526194 0.2844317 0.2980475 0.0000000 0.0000010 0.2952165 0.4004861 0.8513510 1.0966953 0.9763494 1.0762052 1.1534176 1.2661820 1.1545061 1.1167819 1.1721218 1.1618192 1.1474712 1.5428707 1.2642111 1.6435575 1.7639027 1.7371349 1.7110311 1.2655594 1.4972389 1.1218158 1.2598924 1.4249236 0.1521841 1.4764557 2.5375578 2.5744595 2.2796698 1.9335835 1.8872571 2.0976310 2.1954881 1.7519381 1.7567110 1.8383406 2.1006962 2.1039342 0.5714567 1.1867265 1.2002502 1.1289442 1.6866070 1.5568934 
VI_Sacu_v1.1_s0147.g023157_Myb_transcription_factor__0.077_                                                      4.1323802 3.8988422 3.9225115 1.8881989 2.0829179 2.0766237 1.7179294 1.5685183 1.8041499 1.8332771 1.8382494 1.8135708 2.2246803 1.9554972 2.1986592 2.1227823 1.9252386 1.1042703 0.7381571 0.7326671 0.2042452 0.1804671 0.2442483 0.0000010 0.0000000 0.1921294 0.3160093 0.8626355 1.0116511 0.9654603 1.0704852 1.0263956 1.1638590 1.1134145 1.0356759 1.0061767 1.1152361 1.0435844 1.4303092 1.1421425 1.4919410 1.5980372 1.5169212 1.4859279 1.1452528 1.3939265 1.0220995 1.2664522 1.2711813 0.0630315 1.3448713 2.2602986 2.2604739 1.8894377 1.6671220 1.6740160 1.8817125 1.9305792 1.7202639 1.5777912 1.8509555 2.0483097 1.8732147 0.4478646 1.0697713 1.0361192 1.0298811 1.5196449 1.3586405 
VI_MA_130648p0010_437_residues__                                                                                 5.3892161 5.2123954 5.3260324 2.4208218 4.3143685 3.8902878 3.8129357 3.3677167 3.7482015 3.5102221 3.3985906 3.7282897 3.7375972 4.3012526 3.2228872 3.6512136 3.4513029 2.2576207 1.0156180 0.8668872 0.7475037 0.7388650 1.1049294 0.2952165 0.1921294 0.0000000 0.8144771 1.0249997 2.5254434 2.4918869 2.4431273 2.2434133 2.7663658 2.4809090 2.5153448 2.4242227 2.7720423 2.4400241 2.6836121 2.7894242 3.1903503 3.2518213 2.5771989 3.1588099 2.3806241 3.2340935 2.5437830 2.0228619 2.2462387 0.2995087 2.3611549 3.4723010 4.2019932 2.7425599 2.4137315 2.8371161 2.4715980 3.5345009 2.9295831 2.8257946 2.8723000 3.1110534 3.0362938 1.0796438 2.1870972 2.1308667 2.8857768 2.1780346 2.0466220 
VI_AmTr_v1.0_scaffold00111.43_locus_evm_27.TU.AmTr_v1.0_scaffold00111.43                                         5.0727917 6.1129327 5.7500235 1.8934356 3.2924679 2.9281908 3.2532316 2.5301798 2.4588899 2.9976705 2.4584357 3.1495640 3.2689830 3.6290578 2.8716155 3.3443316 3.1303337 1.9385067 0.7736068 0.7704095 1.0185625 0.8575122 0.9371375 0.4004861 0.3160093 0.8144771 0.0000000 0.9954862 2.0692320 2.0422083 2.2129491 1.8417230 2.1989072 1.9189247 1.9333947 2.1609736 1.9957595 1.8207372 1.7159679 2.0708359 2.3552245 2.5773484 2.1445493 2.6775660 1.5857345 2.2690206 1.8988589 1.5146823 2.4363612 0.4423219 2.1696708 3.5026634 3.5190524 2.4216090 2.1760225 2.0467635 2.3006048 3.2691416 2.3704403 2.4390272 2.5151068 2.5273241 2.3693482 0.5308720 1.8800042 1.7654960 2.0776940 1.6020824 1.7877883 
VII_HAOX-0009745                                                                                                 2.8796550 3.0105987 3.2548740 1.6381602 2.0077726 2.0510181 1.9852960 1.7233040 1.6244628 1.5985700 1.5317492 1.7157195 2.6094744 2.2745149 2.4275901 2.2931020 2.4627057 1.5289981 1.2214429 1.1847401 0.9558966 0.9644768 1.0267727 0.8513510 0.8626355 1.0249997 0.9954862 0.0000000 0.5190639 0.5401725 0.8351150 0.7178833 0.8536251 0.4559855 0.4709817 0.7176852 0.4972098 0.5537252 0.8533567 1.1134852 1.0828095 0.9842586 1.1569616 0.8823605 0.6676708 1.1465608 0.7850617 1.1377080 1.1863613 0.8944850 1.0515271 2.1552967 1.8443717 2.1049718 1.5068654 1.5631698 1.5704590 1.7976425 1.5457610 1.3426151 2.6700519 2.0808907 2.0081411 0.9669302 0.4615488 0.6709093 0.6198641 1.2915342 1.1307473 
VII_Mp3g05910.1                                                                                                  3.8729772 4.6505609 4.6746349 1.7409595 4.3325939 3.9462991 3.6555875 2.7928634 3.4185177 2.9855207 3.0581757 3.3890461 4.4227785 4.2566022 3.9553974 4.2093481 4.2290509 3.7214967 1.7070602 1.2871591 2.3131797 2.5592523 2.5184634 1.0966953 1.0116511 2.5254434 2.0692320 0.5190639 0.0000000 1.3929480 1.9547167 1.5778455 1.7454384 0.7896430 0.9130552 1.1812210 1.2430712 1.2339876 1.4660235 2.2842608 2.8228625 2.3833232 2.0709217 2.5949861 1.2155519 2.0240495 1.5230850 1.8313467 2.2533872 1.0427416 2.2443822 4.0844801 4.1283982 3.2170843 1.8740865 2.7979353 2.6350318 3.2718261 2.8206530 2.9155778 3.3108818 3.3111919 3.7968733 1.8732628 1.0294426 1.4471364 1.4231162 1.7369760 1.9815712 
VII_ENA_MN199011_MN199011.1_Selaginella_moellendorffii                                                           3.7016914 4.2820532 4.7156855 2.3152706 4.2384568 3.6781155 3.2076383 2.3451710 2.8108383 3.3095494 3.0240410 3.5069487 4.9111103 3.8173089 3.2431068 3.7781873 4.0336613 3.2948256 1.4551578 1.2626823 2.2937440 2.2232655 2.2481958 0.9763494 0.9654603 2.4918869 2.0422083 0.5401725 1.3929480 0.0000000 1.6414499 1.7049338 1.8368885 1.3459113 1.2914232 1.3699444 1.5613090 1.2826191 1.7119111 2.0251800 2.1473094 2.1844485 2.1193868 2.6371992 1.3861514 2.1619775 1.7936440 1.8029140 2.0622019 1.0456980 2.1517898 4.2106613 3.6153756 3.2243668 2.0604406 2.5084220 2.6074085 3.5668862 2.8124984 2.4571391 3.8598368 2.7984042 3.3760504 1.6161392 1.0978822 1.3495551 1.8003992 1.7237291 1.8763582 
VII_Sacu_v1.1_s0002.g001222_Myb_transcription_factor__0.077_                                                     5.4446926 5.3520178 5.7069528 2.2327895 3.9891503 3.7779604 3.7226981 3.0535515 3.5447749 3.8836800 3.4696194 3.7864625 4.1968657 4.1248268 3.6986851 4.3233709 3.5735744 3.7876585 1.9689758 1.3476285 2.2043855 2.2812288 2.8373611 1.0762052 1.0704852 2.4431273 2.2129491 0.8351150 1.9547167 1.6414499 0.0000000 1.2282275 1.7455515 1.7434944 1.6568372 1.5186889 2.2299836 1.6757273 1.9311483 2.8377840 3.0112908 2.7883820 2.5414924 2.5458154 1.3395797 2.7050071 1.2614594 2.0080534 2.5489696 1.1768390 2.2342993 3.9480353 4.2476831 3.3702030 2.8321366 3.0540399 2.7068667 4.2112375 2.5666638 2.9145511 3.3820117 3.1182979 3.4377153 2.3275847 1.6806206 1.8397013 1.8312281 2.2634770 2.1227069 
VII_Sacu_v1.1_s0041.g012546_Myb_transcription_factor__0.077_                                                     3.9838368 4.7025474 4.9298624 1.8430381 3.4234889 3.8639348 4.0676768 2.7248995 3.1538533 3.9670242 3.0450368 3.7823224 4.2891597 3.6965053 4.0476461 4.2871926 4.1554253 3.3340809 1.5049438 1.1762658 2.1121744 2.1261151 2.2714659 1.1534176 1.0263956 2.2434133 1.8417230 0.7178833 1.5778455 1.7049338 1.2282275 0.0000000 1.5075304 1.4154609 1.4778729 1.3888277 1.8051838 1.3893064 1.6457437 2.2607020 2.2534050 2.3096456 2.1644283 2.5769074 0.6341514 2.4172086 1.1154236 1.8154785 2.0396373 1.1069065 2.0171926 3.9813960 3.8628736 2.2636045 1.8965108 2.5315604 2.1475557 3.9095390 3.0711590 3.3132922 3.5316498 2.9910906 3.4191020 1.6145255 1.2641354 1.5886433 1.8753658 1.9712810 2.1553710 
VII_Sacu_v1.1_s0272.g027033_Myb_transcription_factor__0.077_                                                     4.1180657 5.0810817 4.4731455 1.9228219 3.5226850 3.5929095 3.7736005 2.9836057 2.6708826 3.2604352 3.0346073 3.6858132 3.7924332 3.5148367 3.8460012 4.4010054 4.3806731 3.6502632 1.8187260 1.3143117 2.3287596 2.5406377 2.9476616 1.2661820 1.1638590 2.7663658 2.1989072 0.8536251 1.7454384 1.8368885 1.7455515 1.5075304 0.0000000 1.8894206 1.9246117 1.8805434 2.3188727 1.6608147 1.8835333 2.3730135 2.6758195 2.5370976 2.7030166 2.5753712 1.3691846 2.4642060 1.3109056 2.4363939 2.4148574 1.3067838 2.3212548 4.4900784 4.2201133 2.8400770 2.3252652 2.9249318 2.3804886 3.8470378 2.3556994 3.0699284 3.2902670 2.9300480 3.3485721 2.3893583 1.8105672 1.8505297 2.1381792 2.1404545 2.3146633 
VII_MA_96853p0010_582_residues__                                                                                 4.2074584 5.4763444 5.1946022 1.9355159 3.8224406 3.6654103 3.2997367 2.7025846 3.3382380 3.3575763 3.1359010 3.3092226 4.3034592 3.8814775 3.4270404 4.4031134 4.4221562 3.2372564 1.7696106 1.4563702 2.4946255 2.5671315 2.6109062 1.1545061 1.1134145 2.4809090 1.9189247 0.4559855 0.7896430 1.3459113 1.7434944 1.4154609 1.8894206 0.0000000 0.6403168 1.2673500 1.0351404 0.9521142 1.6731017 2.5309055 2.6018860 2.5366453 2.3374799 2.7491666 1.3593873 2.2714713 1.4451083 2.0028568 2.1841700 1.1713763 2.3343075 4.0156776 3.8388770 3.1663956 1.9452052 2.7484202 2.5947383 3.7159663 2.6974969 2.7082051 3.3827403 3.0996122 3.2442106 1.6039779 0.8290213 1.3801761 1.3221753 1.6864516 2.2951962 
VII_MA_10208000p0010_602_residues__                                                                              4.2514035 5.1295687 5.0908724 1.8270678 3.9603432 3.4760176 3.5176211 3.0755858 2.8965431 2.9033043 2.6636431 3.2750679 4.4806769 4.3537591 3.4630247 4.0040876 4.1630367 3.2919976 1.7389169 1.3335717 2.0706952 2.3489433 2.4148044 1.1167819 1.0356759 2.5153448 1.9333947 0.4709817 0.9130552 1.2914232 1.6568372 1.4778729 1.9246117 0.6403168 0.0000000 1.0871319 0.7735757 1.0066672 1.6021838 2.3157325 2.6401687 2.2434637 2.0299662 2.2009590 1.4565376 2.6442968 1.4243635 1.9639178 2.1874602 1.2798840 2.0616614 3.7036744 3.7255479 2.8166022 1.9911177 2.6030330 2.3911737 3.4844459 2.6008340 2.4805243 2.7962918 2.9138733 3.0401840 1.6090483 0.9109997 1.3324408 1.2680527 1.8339857 2.2908118 
VII_MA_20462p0010_470_residues__                                                                                 3.8318442 4.2612664 4.4110611 1.8282049 3.3099938 3.3774025 3.7930286 2.6293532 2.8083926 2.9265008 3.0985039 3.3060321 3.7138014 3.2889740 3.8665058 3.8121002 3.7712923 3.1467957 1.4216146 1.3284657 2.3204432 2.1267098 2.4545292 1.1721218 1.0061767 2.4242227 2.1609736 0.7176852 1.1812210 1.3699444 1.5186889 1.3888277 1.8805434 1.2673500 1.0871319 0.0000000 1.4186058 1.2323849 1.5297162 2.1282484 2.6136040 2.2419561 2.2141363 2.1588649 1.3582001 2.4501280 1.5893243 1.6298185 2.1149667 1.2128155 2.1050554 4.1029465 3.8885051 2.5776678 1.7960289 2.3400412 2.3511038 3.4276657 2.6363775 2.6143015 3.2591761 2.7872619 3.0968240 1.7433038 1.1246877 1.5850418 1.5878362 1.6346504 1.9977082 
VII_AmTr_v1.0_scaffold00038.91                                                                                   4.6002066 6.0535429 5.8440695 1.9975658 4.5054794 3.9883630 4.1669437 2.8725340 3.4694853 3.6806405 3.0196525 3.4988370 4.2155080 3.8703049 3.7256748 4.2735635 4.2022236 3.4790745 1.5965729 1.4144285 2.3468965 2.9029630 2.5018084 1.1618192 1.1152361 2.7720423 1.9957595 0.4972098 1.2430712 1.5613090 2.2299836 1.8051838 2.3188727 1.0351404 0.7735757 1.4186058 0.0000000 1.2446370 1.8118100 2.4291301 3.0790439 2.4902310 2.2677556 2.5105312 1.5312848 2.7603314 1.8668972 2.2926140 2.8131615 1.2526311 2.3535610 4.3817070 4.4495435 2.8709019 2.1232604 3.0116640 2.8427786 3.6312068 3.2539219 3.2341834 3.0884648 3.1116574 3.5025398 1.6716151 1.2153976 1.4453824 1.4090994 1.8185880 2.5465676 
VII_AmTr_v1.0_scaffold00037.85                                                                                   4.6304420 5.4404213 5.4155388 1.7599777 3.6028842 3.3601242 4.0872441 3.2440158 3.5546080 3.4392808 2.5879934 3.5530368 3.5799700 3.8815171 4.6401763 4.1320340 4.3197803 3.4569599 1.6712554 1.3424343 2.4137988 2.0326206 2.4737403 1.1474712 1.0435844 2.4400241 1.8207372 0.5537252 1.2339876 1.2826191 1.6757273 1.3893064 1.6608147 0.9521142 1.0066672 1.2323849 1.2446370 0.0000000 1.7104322 2.3714812 2.6386059 2.1388998 2.0108619 2.3330758 1.4014283 2.2211429 1.7492980 2.1691412 2.2903147 1.1381921 2.0567703 3.7098684 3.8369282 2.5881754 2.2174873 2.6407199 2.7768996 4.2704724 2.4559285 2.8596099 3.5359919 3.2478359 3.1989885 1.8732583 0.8054298 1.5076709 1.4286139 1.7246175 2.0812559 
VIII_MN199016_QIN53292.1_R2R3-MYB_transcription_factor__Selaginella_moellendorffii_                              3.8940974 4.4897101 4.6168862 1.9221909 3.1386167 2.8827798 3.6121867 3.0585581 2.9329627 3.7765414 3.0644889 3.5959534 3.9843843 3.0673068 3.4373618 3.3820504 3.4251130 2.4716711 1.9564496 1.4705146 2.2269730 2.3133547 2.3194368 1.5428707 1.4303092 2.6836121 1.7159679 0.8533567 1.4660235 1.7119111 1.9311483 1.6457437 1.8835333 1.6731017 1.6021838 1.5297162 1.8118100 1.7104322 0.0000000 1.2458529 1.4991133 1.2938842 1.3735516 1.3470576 1.5721339 1.2052762 1.6259891 2.0731978 1.3004016 1.4222536 1.1489911 3.2249578 2.8393291 3.3028957 2.1519153 2.5660612 2.6033760 3.0731884 2.8263235 3.1299764 3.0631466 3.2193587 2.6993940 1.8137030 1.4604131 1.5471611 1.7268414 0.8634658 1.3949692 
VIII_XM_024668296.1_XP_024524064.1_transcription_factor_MYB26__Selaginella_moellendorffii_                       4.6661855 5.6526766 6.1202706 1.9764418 3.6674985 2.8452081 3.8766620 2.7134081 3.6488287 3.5165690 3.3970670 3.8937327 3.0608618 3.7143078 3.1048103 3.1755727 2.9842592 3.2394046 1.5526636 1.2514321 2.2884094 2.2726074 2.4891585 1.2642111 1.1421425 2.7894242 2.0708359 1.1134852 2.2842608 2.0251800 2.8377840 2.2607020 2.3730135 2.5309055 2.3157325 2.1282484 2.4291301 2.3714812 1.2458529 0.0000000 2.0539998 1.6243442 1.6465376 1.8480979 1.9786422 1.6536724 2.6001843 1.5522621 1.4136098 1.3004207 1.5391666 4.0036212 3.8284605 2.4275208 2.1109262 2.7208119 2.2526185 3.3376908 3.4231293 3.6938585 3.4169075 3.2897306 2.9847979 1.8737676 2.0318565 2.1591863 2.4635666 1.2593203 1.8539593 
VIII_Mapoly0073s0038_PTQ35164.1_hypothetical_protein_MARPO_0073s0038__Marchantia_polymorpha_                     4.4317682 4.9069769 4.6471640 2.0886249 4.0252982 3.4685430 3.7115672 3.3121416 3.1739482 4.2449377 3.2713093 3.5725164 4.2191672 3.6987708 4.3239724 4.2861780 3.8265532 4.0672736 1.9578441 1.3901325 2.7327843 2.6987196 2.5150384 1.6435575 1.4919410 3.1903503 2.3552245 1.0828095 2.8228625 2.1473094 3.0112908 2.2534050 2.6758195 2.6018860 2.6401687 2.6136040 3.0790439 2.6386059 1.4991133 2.0539998 0.0000000 1.5346565 1.6236269 1.6699121 2.4390177 2.2332320 2.6882591 2.1574918 1.7815655 1.5924520 1.6124416 3.8946315 3.6037180 3.0546458 2.5340241 2.9152633 3.1418676 3.8037879 3.2933698 3.3563448 3.3762971 3.6027867 2.8753370 2.4167443 2.6483659 2.2480161 3.2572615 1.4688907 1.9252320 
VIII_Mapoly0006s0226_PTQ48220.1_hypothetical_protein_MARPO_0006s0226__Marchantia_polymorpha_                     4.4956306 5.3332975 5.0337607 2.4506038 3.9213227 3.8591372 4.2947997 2.9447827 3.6140394 3.7450568 3.5704781 4.0376632 3.4417500 3.6144416 4.1919204 3.2837151 3.3221532 3.3785260 2.1160603 1.5383681 2.9952973 2.4104060 2.5479050 1.7639027 1.5980372 3.2518213 2.5773484 0.9842586 2.3833232 2.1844485 2.7883820 2.3096456 2.5370976 2.5366453 2.2434637 2.2419561 2.4902310 2.1388998 1.2938842 1.6243442 1.5346565 0.0000000 1.3213050 1.2628732 2.4168829 1.6665255 2.3482355 1.9604250 1.9823416 1.6480437 1.5263315 3.7917016 3.6168262 3.3168550 2.4397536 2.9924948 2.5621077 3.0994486 3.1430607 3.3623809 3.0794906 3.5334324 2.9397868 2.6479713 1.9153243 2.2997725 2.5720523 1.0495425 1.6834378 
VIII_XM_024680104.1_XP_024535872.1_transcription_factor_MYB8-like__Selaginella_moellendorffii_                   3.6441927 3.6570508 4.0879002 2.4494582 2.9125942 3.4400462 2.7343167 2.5875221 2.8243230 3.0478406 2.5246166 2.6963646 3.5598196 3.3870479 2.8081438 2.9786363 3.1493475 2.9000147 2.1142495 1.6567127 2.5380938 2.1863437 2.7044553 1.7371349 1.5169212 2.5771989 2.1445493 1.1569616 2.0709217 2.1193868 2.5414924 2.1644283 2.7030166 2.3374799 2.0299662 2.2141363 2.2677556 2.0108619 1.3735516 1.6465376 1.6236269 1.3213050 0.0000000 1.0969879 2.0434926 1.4644195 2.4936819 1.9994563 1.9775216 1.6276386 1.2161377 3.6730291 3.4651159 2.7736056 2.6088132 3.3284221 3.1426841 3.0600992 2.8352531 3.0945480 2.7461909 3.1832983 2.4420777 3.1561474 1.9385212 2.2254299 2.6460012 1.4063610 1.4760557 
VIII_MN199020_QIN53296.1_R2R3-MYB_transcription_factor__Selaginella_moellendorffii_                              3.8284400 4.2708231 4.4149565 2.0623308 3.2116340 2.8226698 2.9553036 2.6312655 2.9511942 3.2773769 2.7535761 3.4130117 3.1480620 3.4435720 3.2070220 2.7711294 2.9716496 3.5907475 2.1483660 1.5961887 3.0466917 2.8725327 2.8663151 1.7110311 1.4859279 3.1588099 2.6775660 0.8823605 2.5949861 2.6371992 2.5458154 2.5769074 2.5753712 2.7491666 2.2009590 2.1588649 2.5105312 2.3330758 1.3470576 1.8480979 1.6699121 1.2628732 1.0969879 0.0000000 1.9526121 1.9813441 2.2068321 2.3212802 1.6996326 1.5738719 1.2907105 4.0150918 3.2625313 2.9366312 2.1848023 2.6262839 2.4353215 3.1097500 3.1131137 3.2013709 2.8312098 3.0907580 2.6481378 2.2780123 2.0547317 2.2174701 2.7379993 1.2143368 1.6255826 
Azfi_s0004.g008455                                                                                               4.8159474 5.1286160 4.9104684 2.0035201 2.9223132 3.3599604 3.1367097 2.8023555 2.7114718 2.4921662 2.2962342 2.8830322 3.3152055 3.6123796 3.7968341 4.5369626 3.7221930 2.7480390 1.6176580 1.2220790 2.2994825 1.9310435 2.4180939 1.2655594 1.1452528 2.3806241 1.5857345 0.6676708 1.2155519 1.3861514 1.3395797 0.6341514 1.3691846 1.3593873 1.4565376 1.3582001 1.5312848 1.4014283 1.5721339 1.9786422 2.4390177 2.4168829 2.0434926 1.9526121 0.0000000 2.1102631 1.1281160 1.7994617 1.9341460 1.2175224 1.8538977 3.3770421 3.3008416 2.8068424 1.9227570 2.4692185 2.0546709 2.9770920 2.4173096 2.5992520 3.3610029 3.1743700 3.3616461 1.5434152 1.2775334 1.4562987 1.6202842 2.0469061 2.0014064 
Azfi_s0014.g013584                                                                                               5.3058452 6.1462769 6.0863267 2.2597730 3.6643740 3.3591262 4.4414619 2.8858317 3.0684650 3.3902963 3.3678872 3.3760841 3.5024507 3.8096201 3.3407321 3.7617948 3.1044399 2.8941653 1.7563177 1.4507719 2.5352034 2.3861429 2.8427775 1.4972389 1.3939265 3.2340935 2.2690206 1.1465608 2.0240495 2.1619775 2.7050071 2.4172086 2.4642060 2.2714713 2.6442968 2.4501280 2.7603314 2.2211429 1.2052762 1.6536724 2.2332320 1.6665255 1.4644195 1.9813441 2.1102631 0.0000000 2.4577779 2.2981836 1.9120353 1.4937814 1.6835270 3.9518087 4.1756603 3.4188696 2.3944173 3.1539927 2.6886577 3.2277551 3.0892299 3.3473584 2.8778720 3.1646285 2.8053607 2.0858933 2.0715627 2.2891837 2.5888288 1.2998602 1.5980513 
Azfi_s0021.g015882                                                                                               3.4725492 4.0179422 4.1489584 1.8815427 3.5173972 3.6311403 4.1489451 3.0150415 3.3567179 3.3743657 3.2922454 3.8987913 3.9106484 4.3751730 3.7100890 3.9493332 3.9950590 2.9386968 1.3950755 1.1889603 2.4911957 2.3028802 2.2401521 1.1218158 1.0220995 2.5437830 1.8988589 0.7850617 1.5230850 1.7936440 1.2614594 1.1154236 1.3109056 1.4451083 1.4243635 1.5893243 1.8668972 1.7492980 1.6259891 2.6001843 2.6882591 2.3482355 2.4936819 2.2068321 1.1281160 2.4577779 0.0000000 1.9478440 2.2444892 1.1174560 2.1067586 3.8942614 4.1399685 2.6925040 1.7972463 2.6352310 2.2779729 3.5635934 2.8441370 2.7543215 2.8411319 2.9909755 3.0505278 1.7564417 1.4040941 1.5297012 1.9402610 1.8272670 2.2315983 
Azfi_s0035.g025508                                                                                               5.2698205 5.4300965 5.5982880 2.4285749 3.2515538 2.9805447 3.0099604 2.2731992 2.9024711 2.8065048 3.2373261 2.7252755 2.9980780 3.1060445 3.0664819 3.1174276 3.0936260 2.4491862 1.7645267 1.4224558 2.1193234 1.8870596 1.8626875 1.2598924 1.2664522 2.0228619 1.5146823 1.1377080 1.8313467 1.8029140 2.0080534 1.8154785 2.4363939 2.0028568 1.9639178 1.6298185 2.2926140 2.1691412 2.0731978 1.5522621 2.1574918 1.9604250 1.9994563 2.3212802 1.7994617 2.2981836 1.9478440 0.0000000 1.7871183 1.2416473 1.5690377 3.5842048 3.5414982 2.9989161 2.5236273 2.9102550 2.7173303 3.2120780 2.8119833 2.7284636 2.7128876 2.2804680 2.6654047 1.7140879 2.1497953 2.0399614 2.4113312 1.9506376 1.7182582 
Azfi_s0041.g026722                                                                                               3.7061260 4.7403480 5.0467649 2.2208243 2.5540911 3.3179009 3.7608225 2.9123969 3.3251216 3.6318948 3.0192195 4.0001947 3.7553851 3.4324950 3.4622801 3.5310495 3.5158282 3.4375343 1.7893464 1.3181527 2.0319924 2.2483577 2.8005969 1.4249236 1.2711813 2.2462387 2.4363612 1.1863613 2.2533872 2.0622019 2.5489696 2.0396373 2.4148574 2.1841700 2.1874602 2.1149667 2.8131615 2.2903147 1.3004016 1.4136098 1.7815655 1.9823416 1.9775216 1.6996326 1.9341460 1.9120353 2.2444892 1.7871183 0.0000000 1.4033817 1.5542598 3.9350322 3.6983448 2.8065912 2.3845478 2.7493449 2.4587400 3.2031655 3.0834033 3.3463282 3.2799040 3.6074676 3.2997794 2.2176737 2.0783096 1.7137564 2.3124218 1.3825432 1.7748193 
