69
CDC5_XM_024686040.1_XP_024541808.1_cell_division_cycle_5-like_protein                                            0.0000000 0.0373067 0.2988639 3.0611626 4.3775033 4.6685715 5.4006097 4.3125552 4.3089620 4.1298893 3.7323224 4.6372925 4.0362884 4.3190910 4.1670132 3.6458324 4.0374508 4.6253386 3.7121585 3.3508079 5.4790605 4.5110464 5.1825172 4.0168123 4.1117368 5.3475628 5.0399277 2.8690394 3.8506526 3.6805694 5.3933017 3.9573227 4.0909226 4.1768859 4.2220526 3.8057902 4.5636752 4.5993389 3.8675971 4.6231089 4.3950689 4.4578825 3.6205964 3.7999064 4.7719733 5.2495233 3.4525279 5.2087216 3.6765093 3.5841759 3.6003230 4.5152776 4.1973911 3.5888693 3.4743118 4.7358187 4.1362540 4.9712025 3.6441515 4.4567944 3.6082033 3.3549429 3.5621763 4.4132125 4.0824142 4.5016187 4.0831595 3.7285904 4.4261535 
CDC5_XM_002981114.2_XP_002981160.1_cell_division_cycle_5-like_protein__Selaginella_moellendorffii_               0.0373067 0.0000000 0.3309894 2.9867601 4.6775962 4.8819925 5.3199776 4.5707948 4.6836778 4.7740167 4.1943480 4.7348853 4.7118724 4.5716256 4.6397602 3.8194086 4.5751546 5.8622759 3.4502004 3.0808655 5.7932832 4.3879595 5.3996508 3.8140140 3.8805476 5.1706168 6.0592387 2.9990794 4.6163748 4.2547529 5.3051458 4.6631289 5.0393331 5.4241134 5.0821146 4.2274963 5.9932032 5.3931293 4.4544004 5.5897864 4.8630608 5.2828505 3.6333802 4.2309426 5.0831019 6.0693316 3.9896030 5.3628454 4.6835025 3.3962479 3.8697166 5.5206787 5.2263925 3.7388526 3.5871479 4.5992686 4.8445952 5.3159473 3.7776327 4.4396471 3.7526624 3.3398358 3.7742705 4.5248910 4.4500246 4.5863737 4.7879191 3.9983010 4.9646057 
CDC5_Mapoly0014s0195_PTQ45693.1_hypothetical_protein_MARPO_0014s0195__Marchantia_polymorpha_                     0.2988639 0.3309894 0.0000000 3.0194070 4.7794053 5.2779812 5.2800549 4.5569454 4.5667017 4.6168214 4.4217916 4.7581116 5.2687616 5.3557472 5.1027235 4.5337402 4.7705067 6.0664256 3.3641607 3.0808655 5.7374671 4.3069441 6.2901238 3.8313059 3.9024054 5.2781362 5.7030493 3.2406870 4.6404855 4.6816896 5.6541565 4.8828160 4.4432568 5.1439932 5.0417847 4.3750427 5.7784158 5.3654366 4.5748490 6.0449007 4.6063672 4.9915955 4.0540378 4.3712704 4.8679470 6.0071465 4.1168349 5.5270437 4.9843001 3.3121592 3.7784775 5.4322986 6.0173818 3.8666205 3.5158901 4.6311871 4.3117072 5.4032093 3.7709885 5.0835269 3.9808053 4.0789242 3.8460638 4.5190466 4.9514026 4.7169782 4.7859226 3.8801633 4.9678376 
I_Mapoly0085s0092_PTQ33890.1_hypothetical_protein_MARPO_0085s0092__Marchantia_polymorpha_                        3.0611626 2.9867601 3.0194070 0.0000000 1.3336234 1.3425723 1.8860625 1.6465088 1.6669543 2.0723946 1.9862131 1.8248934 2.0218393 1.8841693 1.8021261 1.7355477 1.6901429 2.4385176 2.0993490 1.8577255 2.4629213 2.7390147 2.4695217 2.0977607 1.8825911 2.4119877 1.8880344 1.6338587 1.7367550 2.3074778 2.2257798 1.8384901 1.9173241 1.9301631 1.8221521 1.8235775 1.9923416 1.7551842 1.9163673 1.9701066 2.0820275 2.4401667 2.4402446 2.0563502 1.9982133 2.2522166 1.8763485 2.4200052 2.2131754 2.1477212 2.2836994 1.5175907 1.6770331 1.5428083 1.3959808 1.4504650 1.4331518 2.0133420 1.7719304 1.8989118 1.6664618 1.7850474 1.5930703 2.1909109 1.9662201 2.0537900 2.0085247 2.0528812 2.5074550 
II_Mapoly0001s0061_PTQ49997.1_hypothetical_protein_MARPO_0001s0061__Marchantia_polymorpha_                       4.3775033 4.6775962 4.7794053 1.3336234 0.0000000 1.7907366 2.7489288 2.5291190 2.5243698 2.6355837 2.5534529 2.9920535 3.0398648 2.9719712 2.7781678 3.4916403 2.9835880 4.3705927 2.4031441 1.8872696 3.8998082 4.1279487 4.1892600 2.2677106 2.0764002 4.2872100 3.2794416 2.0021250 4.3067790 4.2093968 3.9667983 3.4065771 3.5014178 3.8012615 3.9338513 3.2932388 4.4781534 3.5835598 3.1246358 3.6436580 4.0019233 3.8955480 2.8974673 3.1957013 2.9106631 3.6403865 3.4997904 3.2362636 2.5448975 2.3797023 2.7038551 2.7926768 2.8819245 2.1232090 1.4341883 1.7574330 1.3671290 2.6830042 2.2308166 2.4132042 2.7153865 2.7993762 2.9543035 3.1557699 3.9407268 3.4224533 4.2405834 2.6575607 3.3039753 
III_XM_002991980.2_XP_002992026.2_myb-related_protein_B__Selaginella_moellendorffii_                             4.6685715 4.8819925 5.2779812 1.3425723 1.7907366 0.0000000 3.0561901 2.1400907 2.9783077 2.8299530 2.5030105 2.6251861 2.8595151 2.8717515 2.4819094 2.8139668 2.5038414 3.5450089 1.9650297 1.8184912 3.1465675 3.2308394 3.8382524 2.2813070 2.0699292 3.8706634 2.9187243 2.0457495 3.9223059 3.6580085 3.7584879 3.8405920 3.5731340 3.6437706 3.4574520 3.3593540 3.9688158 3.3421711 2.8691099 2.8298618 3.4507368 3.8365332 3.4193918 2.8098150 3.3434515 3.3359921 3.6108552 2.9673824 3.2982836 2.3401315 3.3791627 2.4562350 2.4050361 1.9761764 1.3191387 1.5068610 1.3626778 2.9156029 2.9855849 2.7437887 2.5870524 2.5233830 2.5250811 3.1339167 3.0861858 3.1068418 3.5780842 2.8516652 3.1949973 
III_Mapoly0007s0271_PTQ47916.1_hypothetical_protein_MARPO_0007s0271__Marchantia_polymorpha_                      5.4006097 5.3199776 5.2800549 1.8860625 2.7489288 3.0561901 0.0000000 1.1658754 1.5962685 1.7078825 1.3350599 1.5985028 2.9472566 2.5594100 2.4689093 2.7484660 2.9950788 5.4232751 2.9094073 2.1261606 3.4378881 3.2384296 3.3826319 1.8105963 1.7119220 3.7952747 3.2415405 1.9778137 3.6375452 3.1924323 3.7013159 4.0477407 3.7537356 3.2845797 3.4988695 3.7708091 4.1446932 4.0664620 3.5942517 3.8531488 3.6914142 4.2673553 2.7226961 2.9428933 3.1224944 4.4070881 4.1282076 2.9966719 3.7454403 1.9865925 3.4493153 3.0287822 2.8517214 2.2411181 1.9739100 2.7035424 2.4986094 2.0061265 1.8771956 1.9221981 2.0428000 2.4631194 2.4544672 3.1021475 3.5049956 3.1579718 3.7904961 3.2531143 3.1360544 
III_XM_002971992.2_XP_002972038.2_transcription_factor_MYB1__Selaginella_moellendorffii_                         4.3125552 4.5707948 4.5569454 1.6465088 2.5291190 2.1400907 1.1658754 0.0000000 1.5457414 1.3775645 1.2712097 1.3297568 2.7068091 2.6672151 2.5492999 2.5140018 2.4318400 2.6550276 2.0444035 1.6101694 3.1223222 2.7578879 3.5132757 1.8955087 1.5634406 3.3511949 2.5204372 1.7177672 2.7799286 2.3363380 3.0405097 2.7127926 2.9695285 2.6901395 3.0607581 2.6154563 2.8622064 3.2292865 3.0420270 2.7002039 3.2958222 2.9306486 2.5752362 2.6198508 2.7903801 2.8698111 3.0018752 2.2662291 2.9003722 1.7980824 2.6245286 2.5839032 2.4407781 1.7493971 1.5234145 2.5358431 1.6445744 1.5489770 1.3926286 1.5320372 1.8119638 2.3816334 2.0070784 2.5499506 2.4000707 2.8065829 2.8238685 2.7946189 2.2212964 
IV_MN199005_QIN53281.1_R2R3-MYB_transcription_factor__Selaginella_moellendorffii_                                4.3089620 4.6836778 4.5667017 1.6669543 2.5243698 2.9783077 1.5962685 1.5457414 0.0000000 0.8498675 0.9331339 1.1620153 2.7498618 2.3382530 2.0680482 2.4317851 2.2474327 4.3694867 2.2599855 1.7286379 3.8524091 3.7164578 3.7107639 1.8478255 1.7989478 3.7274028 2.4493815 1.6197694 3.4015472 2.7983627 3.5238458 3.1369553 2.6572730 3.3213563 2.8825945 2.7934164 3.4530459 3.5342686 2.9191061 3.6257534 3.1560556 3.5927137 2.8116852 2.9348555 2.6970183 3.0519171 3.3374539 2.8916094 3.3075908 2.0105117 3.0883193 3.0570337 2.6536644 2.3850737 2.0521371 2.3023308 2.1644993 1.8375247 1.2778522 1.3136481 1.6960262 1.6809959 1.8307907 2.6213182 3.1527107 2.4818464 3.2671622 2.5523068 3.5374913 
IV_MN199007_QIN53283.1_R2R3-MYB_transcription_factor__Selaginella_moellendorffii_                                4.1298893 4.7740167 4.6168214 2.0723946 2.6355837 2.8299530 1.7078825 1.3775645 0.8498675 0.0000000 0.8457031 0.9717730 2.5246658 2.4052841 2.0206611 2.4095432 2.4059917 3.8491922 2.4972064 1.8893293 3.7178592 3.5551798 3.8359499 2.0071052 1.8275059 3.4916511 2.9842328 1.5935264 2.9713662 3.2909137 3.8627785 3.9467137 3.2405824 3.3409530 2.8881330 2.9130419 3.6628946 3.4184379 3.7540924 3.4932341 4.2167851 3.7223892 3.0309246 3.2552582 2.4815677 3.3669144 3.3573235 2.7958835 3.6088832 1.9180623 3.6041358 2.7819765 2.6986414 2.2442775 2.1846577 2.6100458 2.2154363 2.0839484 1.3528277 1.3118095 2.0757859 2.3541473 2.0037173 2.4657958 3.1517651 3.2232225 3.5407375 2.9355759 2.8404578 
IV_MN199006_QIN53282.1_R2R3-MYB_transcription_factor__Selaginella_moellendorffii_                                3.7323224 4.1943480 4.4217916 1.9862131 2.5534529 2.5030105 1.3350599 1.2712097 0.9331339 0.8457031 0.0000000 0.8838254 2.5788869 2.2509699 2.1847110 2.3694396 2.3724326 3.9759314 2.3983127 1.7693157 2.8310740 3.5871220 3.3138310 2.1308326 1.8326071 3.3810920 2.4501447 1.5268305 3.0441293 3.0103783 3.4514445 3.0303470 3.0194937 3.1199049 2.6518295 3.0828634 3.0066900 2.5765952 3.0490232 3.3781883 3.2564696 3.5527594 2.5141587 2.7416030 2.2869106 3.3484052 3.2751246 3.2221470 3.0048558 1.9920470 2.6803661 2.8277924 2.6976461 2.1022055 2.1455900 2.1948162 2.0060728 1.8102590 1.0362886 1.2520959 1.9778498 2.2692399 1.8486144 2.6798332 2.8122275 2.9895930 3.2255681 2.5427043 2.9902839 
IV_Mapoly0032s0153_PTQ41991.1_hypothetical_protein_MARPO_0032s0153__Marchantia_polymorpha_                       4.6372925 4.7348853 4.7581116 1.8248934 2.9920535 2.6251861 1.5985028 1.3297568 1.1620153 0.9717730 0.8838254 0.0000000 3.0465665 2.5251733 2.1129593 2.7458963 2.6076639 4.4288508 2.4897631 1.9453225 2.9836097 3.5597091 3.5315444 2.0854521 1.8079989 3.7096110 3.1360432 1.7101747 3.3731209 3.4904714 3.7676419 3.7659621 3.6616740 3.2912696 3.2591463 3.2905821 3.4837577 3.5327371 3.5748654 3.8709652 3.5554281 4.0103851 2.6857177 3.3917540 2.8696398 3.3519840 3.8755034 2.7152066 3.9768566 1.9698005 3.7312609 2.7326306 2.8813335 2.0063598 2.0305928 2.3590035 2.2554778 2.1084358 1.1639091 1.1904017 2.2875742 2.5273668 2.3487228 2.7887260 3.2190773 3.3251153 3.6017661 2.9930799 3.3212309 
V_Mapoly0008s0029_PTQ47242.1_hypothetical_protein_MARPO_0008s0029__Marchantia_polymorpha_                        4.0362884 4.7118724 5.2687616 2.0218393 3.0398648 2.8595151 2.9472566 2.7068091 2.7498618 2.5246658 2.5788869 3.0465665 0.0000000 1.0281677 1.0630823 1.2236688 1.0511002 3.4669169 2.2677011 1.9195499 3.1470455 2.9208625 3.1199099 2.2526858 2.2171927 3.7198420 3.2572488 2.5998553 4.3965876 4.8761219 4.1684855 4.2584347 3.7709807 4.2770968 4.4499092 3.6928292 4.1898178 3.5623272 3.9610289 3.0440670 4.1928425 3.4233057 3.5386421 3.1307035 3.2976836 3.4803695 3.8867978 2.9842431 3.7303618 2.3908791 3.4231783 3.6214906 3.9743510 2.0983465 2.4908093 2.4509927 2.6706168 2.9368238 2.8574029 2.9134471 1.2819639 1.2485051 1.1394387 2.7130707 3.6202177 3.3312265 5.3507154 3.6299236 4.1517310 
V_XM_002977602.2_XP_002977648.2_uncharacterized_protein_LOC9657152__Selaginella_moellendorffii_                  4.3190910 4.5716256 5.3557472 1.8841693 2.9719712 2.8717515 2.5594100 2.6672151 2.3382530 2.4052841 2.2509699 2.5251733 1.0281677 0.0000000 1.0572400 1.2885928 1.1283226 3.5639758 2.5110863 1.9547874 3.9640673 3.0195070 3.1184369 2.0582154 1.9486471 4.2787204 3.6165251 2.2659310 4.2319020 3.7993079 4.1051181 3.6767387 3.4997269 3.8613834 4.3291743 3.2733424 3.8510481 3.8616185 3.0508330 3.6834356 3.6811788 3.5934453 3.3682781 3.4241075 3.5941842 3.7874356 4.3504658 3.0935812 3.4134149 2.2192788 4.0989086 3.9468174 3.4687273 2.1454823 2.5793083 2.4391939 2.3212733 2.6045459 2.4312302 2.4196252 0.8556615 1.0864437 1.0574460 3.5364891 3.7189231 3.3293077 3.7562221 3.0488167 3.8605065 
V_MN199008_QIN53284.1_R2R3-MYB_transcription_factor__Selaginella_moellendorffii_                                 4.1670132 4.6397602 5.1027235 1.8021261 2.7781678 2.4819094 2.4689093 2.5492999 2.0680482 2.0206611 2.1847110 2.1129593 1.0630823 1.0572400 0.0000000 1.3400265 0.9412330 3.2285577 2.1817007 1.8707419 3.9097456 2.8760673 3.7363780 2.2863786 2.1909382 3.2084984 2.8613986 2.4185498 3.9316467 3.2254776 3.6801178 4.0249889 3.8236802 3.4090841 3.4430117 3.8449565 3.7054477 4.6127527 3.4173513 3.0867451 4.2958166 4.1637457 2.7954258 3.1895835 3.7754086 3.3198434 3.6870798 3.0552946 3.4444955 2.4846084 3.6168394 3.3854477 2.7413831 2.2161519 2.7894407 2.4519992 2.1101064 2.6017844 2.3330278 2.0311626 0.8941623 0.9611868 0.9179556 3.0842505 3.5963781 3.1837858 4.1026223 3.0876614 3.5922151 
V_MN199009_QIN53285.1_R2R3-MYB_transcription_factor__Selaginella_moellendorffii_                                 3.6458324 3.8194086 4.5337402 1.7355477 3.4916403 2.8139668 2.7484660 2.5140018 2.4317851 2.4095432 2.3694396 2.7458963 1.2236688 1.2885928 1.3400265 0.0000000 1.0130170 3.4045325 2.2172282 1.8902729 3.8930860 3.2833305 3.5916287 2.3127790 2.1148139 3.6343951 3.3319875 2.2865124 4.1806250 3.7585035 4.3031829 4.2649307 4.3739490 4.3794405 3.9812591 3.7895633 4.2510017 4.1141240 3.3627091 3.1594508 4.2571537 3.2678730 2.9647979 2.7598644 4.5101512 3.7360511 3.9290271 3.1045384 3.5136595 2.3390947 3.5427490 3.5309153 3.0560743 2.2262230 2.6437500 3.4296767 2.5655270 2.4818669 2.2253840 2.2716724 0.8655245 1.0774772 0.9088545 4.1672209 3.6090255 3.6921507 4.1497396 2.7986175 3.8079303 
V_MN199010_QIN53286.1_R2R3-MYB_transcription_factor__Selaginella_moellendorffii_                                 4.0374508 4.5751546 4.7705067 1.6901429 2.9835880 2.5038414 2.9950788 2.4318400 2.2474327 2.4059917 2.3724326 2.6076639 1.0511002 1.1283226 0.9412330 1.0130170 0.0000000 3.4321054 2.1933650 1.7951720 3.9859746 3.2376450 3.4317167 1.9763530 1.9185945 3.4355168 3.1199139 2.4542652 4.2051846 4.0112831 3.5532884 4.1361684 4.3543038 4.4005763 4.1377868 3.7434314 4.1808454 4.3006304 3.4063945 2.9684973 3.8028662 3.3043129 3.1345324 2.9572589 3.7041259 3.0880469 3.9708241 3.0814823 3.4962473 2.0769551 3.3313569 3.3650219 3.4844924 2.2193830 2.6203174 2.4894742 2.4217758 2.7476970 2.2422329 2.0721904 0.9827100 1.1662961 0.9096765 3.0168884 3.7899011 3.1556674 4.1873398 2.1926926 3.5091580 
VI_g8575.t1_length                                                                                               4.6253386 5.8622759 6.0664256 2.4385176 4.3705927 3.5450089 5.4232751 2.6550276 4.3694867 3.8491922 3.9759314 4.4288508 3.4669169 3.5639758 3.2285577 3.4045325 3.4321054 0.0000000 0.0387228 0.0540386 2.2058699 2.1798095 2.5134034 1.3011598 1.1016618 2.2500623 1.9321505 1.5246586 3.7001160 3.2752386 3.7653347 3.3136922 3.6270840 3.2209682 3.2722440 3.1290625 3.4578560 3.4358610 2.4600787 3.2199691 4.0399780 3.3559191 2.8855055 3.5668280 2.7328061 2.8769182 2.9228760 2.4378641 3.4181410 1.1111824 3.4980067 5.5376396 5.2601903 3.8771900 2.7127977 4.8849287 2.9083562 4.2770323 3.3043508 3.6896895 3.1192693 3.2800371 3.5436364 2.1181496 3.2282693 2.8359272 3.6782879 2.7788995 2.7286366 
VI_BBG43567_LC221833_MYB_transcription_factor                                                                    3.7121585 3.4502004 3.3641607 2.0993490 2.4031441 1.9650297 2.9094073 2.0444035 2.2599855 2.4972064 2.3983127 2.4897631 2.2677011 2.5110863 2.1817007 2.2172282 2.1933650 0.0387228 0.0000000 0.0620911 1.2055556 1.2785903 1.1352356 0.8500620 0.7371974 1.0137333 0.7727369 1.2186356 1.7014897 1.4513299 1.9623904 1.5012699 1.8131918 1.7642302 1.7333181 1.4182820 1.5919838 1.6659592 1.9494504 1.5485302 1.9508946 2.1071642 2.1073136 2.1407773 1.6127000 1.7506969 1.3919681 1.7592919 1.7837080 0.8430063 1.3965167 2.4529987 2.5737951 2.6631108 2.0138429 2.6790154 1.8631963 2.3875055 1.9197093 2.1844616 1.7864148 1.9838779 1.8205631 1.1233265 1.6321970 1.6512417 1.6455596 2.2224961 1.7415564 
BBG43566_LC221832_Chara_leptospora_mRNA_for_MYB_transcription_factor                                             3.3508079 3.0808655 3.0808655 1.8577255 1.8872696 1.8184912 2.1261606 1.6101694 1.7286379 1.8893293 1.7693157 1.9453225 1.9195499 1.9547874 1.8707419 1.8902729 1.7951720 0.0540386 0.0620911 0.0000000 0.9323019 0.8666643 0.9050449 0.8433846 0.7318138 0.8655778 0.7696318 1.1819926 1.2841416 1.2598966 1.3442609 1.1737028 1.3111911 1.4524230 1.3301455 1.3256529 1.4108362 1.3392445 1.4666102 1.2487221 1.3862169 1.5335988 1.6520831 1.5918428 1.2192693 1.4464942 1.1867820 1.4190076 1.3149232 0.8363583 1.3022554 2.0191334 2.0083759 2.3622840 1.9032770 1.9591500 1.7044598 1.9027538 1.5434649 1.6699935 1.7471907 1.6736891 1.7457684 0.8197420 1.2336271 1.3237976 1.2817408 1.5299318 1.3909124 
VI_Mapoly0019s0071.1                                                                                             5.4790605 5.7932832 5.7374671 2.4629213 3.8998082 3.1465675 3.4378881 3.1223222 3.8524091 3.7178592 2.8310740 2.9836097 3.1470455 3.9640673 3.9097456 3.8930860 3.9859746 2.2058699 1.2055556 0.9323019 0.0000000 0.6175510 0.8451927 0.2523999 0.2041202 0.7461378 1.0160108 0.9543450 2.3038727 2.2841852 2.1963220 2.1046847 2.3191190 2.4846992 2.0628633 2.3109320 2.3382082 2.4045612 2.2183747 2.2799841 2.7210880 2.9786585 2.5248487 3.0326470 2.2908999 2.5242713 2.4807179 2.1118934 2.0246330 0.2402058 2.4366616 4.0102514 4.0740616 2.8369534 2.1469265 2.9093129 2.5002058 3.0314403 2.9261898 3.1059947 3.1452562 2.7975151 2.8332732 1.1206179 2.0955617 2.1677246 2.5813330 2.1493542 2.1111834 
VI_XM_024688730.1__XP_024544498.1                                                                                4.5110464 4.3879595 4.3069441 2.7390147 4.1279487 3.2308394 3.2384296 2.7578879 3.7164578 3.5551798 3.5871220 3.5597091 2.9208625 3.0195070 2.8760673 3.2833305 3.2376450 2.1798095 1.2785903 0.8666643 0.6175510 0.0000000 0.7397243 0.2841230 0.1803551 0.7372964 0.8558974 0.9627765 2.5485227 2.2143763 2.2710220 2.1179074 2.5294176 2.5558342 2.3380861 2.1188676 2.8882100 2.0255403 2.3032197 2.2635154 2.6871743 2.4008496 2.1785802 2.8575695 1.9239050 2.3756339 2.2933140 1.8809190 2.2392520 0.2691938 2.1320488 3.7203329 3.8050010 2.4258089 2.0580803 2.5666964 2.4600960 3.2808032 2.9123170 2.8449239 3.1321206 2.8222053 2.7535653 0.8963813 2.0912951 2.2016393 2.8818037 2.0818149 2.1891025 
VI_XM_024688389.1_XP_024524157.1_transcription_repressor_MYB4__Selaginella_moellendorffii_                       5.1825172 5.3996508 6.2901238 2.4695217 4.1892600 3.8382524 3.3826319 3.5132757 3.7107639 3.8359499 3.3138310 3.5315444 3.1199099 3.1184369 3.7363780 3.5916287 3.4317167 2.5134034 1.1352356 0.9050449 0.8451927 0.7397243 0.0000000 0.2977585 0.2440319 1.1020790 0.9352539 1.0250041 2.5070309 2.2394777 2.8239532 2.2621639 2.9333653 2.5988136 2.4030280 2.4441113 2.4900871 2.4632726 2.3095640 2.4773665 2.5043130 2.5366973 2.6911124 2.8521253 2.4074966 2.8273975 2.2313159 1.8567357 2.7855496 0.3482537 2.3313431 4.1881486 3.8931537 2.7817118 2.3370516 2.9676666 2.7141609 3.5864113 3.2273067 2.9358455 2.6470376 2.7347752 3.0062822 0.9183967 2.2243270 2.3086446 2.9465992 2.1152395 2.4758302 
VI_Sacu_v1.1_s1503.g028048_Myb_transcription_factor__0.077_                                                      4.0168123 3.8140140 3.8313059 2.0977607 2.2677106 2.2813070 1.8105963 1.8955087 1.8478255 2.0071052 2.1308326 2.0854521 2.2526858 2.0582154 2.2863786 2.3127790 1.9763530 1.3011598 0.8500620 0.8433846 0.2523999 0.2841230 0.2977585 0.0000000 0.0000010 0.2948654 0.4001110 0.8500304 1.0949816 0.9749536 1.0743520 1.1511868 1.2630892 1.1524102 1.1147778 1.1698374 1.1596362 1.1451405 1.5386974 1.2616267 1.6383180 1.7579576 1.7326189 1.7059606 1.2631671 1.4935624 1.1198097 1.2573411 1.4214836 0.1521129 1.4731249 2.5287450 2.5647910 2.2717921 1.9283823 1.8816767 2.0908123 2.1865087 1.7466731 1.7515695 1.8318610 2.0944605 2.0970178 0.5709388 1.1843014 1.1974429 1.1270214 1.6821268 1.5529727 
VI_Sacu_v1.1_s0147.g023157_Myb_transcription_factor__0.077_                                                      4.1117368 3.8805476 3.9024054 1.8825911 2.0764002 2.0699292 1.7119220 1.5634406 1.7989478 1.8275059 1.8326071 1.8079989 2.2171927 1.9486471 2.1909382 2.1148139 1.9185945 1.1016618 0.7371974 0.7318138 0.2041202 0.1803551 0.2440319 0.0000010 0.0000000 0.1919772 0.3157951 0.8612282 1.0102114 0.9639532 1.0687057 1.0247227 1.1612920 1.1114149 1.0340551 1.0048043 1.1132677 1.0416452 1.4268110 1.1401626 1.4876889 1.5928903 1.5133295 1.4819060 1.1432806 1.3904019 1.0203526 1.2638759 1.2686571 0.0630237 1.3422307 2.2524789 2.2521698 1.8837940 1.6630886 1.6695412 1.8762816 1.9227810 1.7152693 1.5737492 1.8441418 2.0421901 1.8669500 0.4475955 1.0678823 1.0339415 1.0283023 1.5159205 1.3554482 
VI_MA_130648p0010_437_residues__                                                                                 5.3475628 5.1706168 5.2781362 2.4119877 4.2872100 3.8706634 3.7952747 3.3511949 3.7274028 3.4916511 3.3810920 3.7096110 3.7198420 4.2787204 3.2084984 3.6343951 3.4355168 2.2500623 1.0137333 0.8655778 0.7461378 0.7372964 1.1020790 0.2948654 0.1919772 0.0000000 0.8131428 1.0232358 2.5166398 2.4804722 2.4331426 2.2350005 2.7537147 2.4703536 2.5034718 2.4139339 2.7580742 2.4293965 2.6695099 2.7731046 3.1716820 3.2329667 2.5655065 3.1410814 2.3704215 3.2169647 2.5325961 2.0159774 2.2357433 0.2991842 2.3511507 3.4522689 4.1754626 2.7316897 2.4059545 2.8253857 2.4620811 3.5139445 2.9186031 2.8133803 2.8608277 3.0991913 3.0238050 1.0776928 2.1781999 2.1241183 2.8720589 2.1700395 2.0401089 
VI_AmTr_v1.0_scaffold00111.43_locus_evm_27.TU.AmTr_v1.0_scaffold00111.43                                         5.0399277 6.0592387 5.7030493 1.8880344 3.2794416 2.9187243 3.2415405 2.5204372 2.4493815 2.9842328 2.4501447 3.1360432 3.2572488 3.6165251 2.8613986 3.3319875 3.1199139 1.9321505 0.7727369 0.7696318 1.0160108 0.8558974 0.9352539 0.4001110 0.3157951 0.8131428 0.0000000 0.9936317 2.0626231 2.0347694 2.2054597 1.8355081 2.1921530 1.9125757 1.9268597 2.1538613 1.9891974 1.8151090 1.7115986 2.0633619 2.3470468 2.5666894 2.1376389 2.6668922 1.5820230 2.2606967 1.8933730 1.5108915 2.4257683 0.4418377 2.1623307 3.4864231 3.5017406 2.4124475 2.1698205 2.0398273 2.2934717 3.2557141 2.3626342 2.4304951 2.5065007 2.5188203 2.3620849 0.5303754 1.8738853 1.7608341 2.0707021 1.5980631 1.7826875 
VII_HAOX-0009745                                                                                                 2.8690394 2.9990794 3.2406870 1.6338587 2.0021250 2.0457495 1.9778137 1.7177672 1.6197694 1.5935264 1.5268305 1.7101747 2.5998553 2.2659310 2.4185498 2.2865124 2.4542652 1.5246586 1.2186356 1.1819926 0.9543450 0.9627765 1.0250041 0.8500304 0.8612282 1.0232358 0.9936317 0.0000000 0.5185292 0.5394317 0.8334337 0.7168647 0.8523202 0.4555676 0.4704769 0.7166890 0.4966364 0.5530706 0.8522749 1.1117997 1.0812454 0.9829767 1.1550848 0.8813193 0.6667179 1.1449582 0.7837437 1.1354502 1.1843456 0.8930921 1.0498050 2.1490895 1.8393833 2.0989318 1.5033077 1.5587901 1.5663607 1.7910571 1.5416764 1.3392273 2.6607478 2.0737902 2.0022956 0.9652737 0.4611220 0.6697400 0.6189527 1.2891320 1.1287453 
VII_Mp3g05910.1                                                                                                  3.8506526 4.6163748 4.6404855 1.7367550 4.3067790 3.9223059 3.6375452 2.7799286 3.4015472 2.9713662 3.0441293 3.3731209 4.3965876 4.2319020 3.9316467 4.1806250 4.2051846 3.7001160 1.7014897 1.2841416 2.3038727 2.5485227 2.5070309 1.0949816 1.0102114 2.5166398 2.0626231 0.5185292 0.0000000 1.3885012 1.9485836 1.5729972 1.7403972 0.7880168 0.9111328 1.1777186 1.2398228 1.2301259 1.4622327 2.2748028 2.8091478 2.3733751 2.0629924 2.5837450 1.2127195 2.0168822 1.5194158 1.8260528 2.2442156 1.0410423 2.2356956 4.0639850 4.1029245 3.2048240 1.8686313 2.7865056 2.6255624 3.2562573 2.8091010 2.9048087 3.2960282 3.2971705 3.7788028 1.8675905 1.0269844 1.4430379 1.4187716 1.7322034 1.9754869 
VII_ENA_MN199011_MN199011.1_Selaginella_moellendorffii                                                           3.6805694 4.2547529 4.6816896 2.3074778 4.2093968 3.6580085 3.1924323 2.3363380 2.7983627 3.2909137 3.0103783 3.4904714 4.8761219 3.7993079 3.2254776 3.7585035 4.0112831 3.2752386 1.4513299 1.2598966 2.2841852 2.2143763 2.2394777 0.9749536 0.9639532 2.4804722 2.0347694 0.5394317 1.3885012 0.0000000 1.6369019 1.7001542 1.8314863 1.3419029 1.2877067 1.3660456 1.5561848 1.2794229 1.7072871 2.0183642 2.1394765 2.1767562 2.1121533 2.6262112 1.3825399 2.1533929 1.7885285 1.7965181 2.0550398 1.0438978 2.1442243 4.1899562 3.5999954 3.2107271 2.0552128 2.4992080 2.5992185 3.5508202 2.8014639 2.4488423 3.8411153 2.7886147 3.3637606 1.6116835 1.0952476 1.3463698 1.7941699 1.7187918 1.8701731 
VII_Sacu_v1.1_s0002.g001222_Myb_transcription_factor__0.077_                                                     5.3933017 5.3051458 5.6541565 2.2257798 3.9667983 3.7584879 3.7013159 3.0405097 3.5238458 3.8627785 3.4514445 3.7676419 4.1684855 4.1051181 3.6801178 4.3031829 3.5532884 3.7653347 1.9623904 1.3442609 2.1963220 2.2710220 2.8239532 1.0743520 1.0687057 2.4331426 2.2054597 0.8334337 1.9485836 1.6369019 0.0000000 1.2249152 1.7394750 1.7380127 1.6517022 1.5143759 2.2214257 1.6711803 1.9247712 2.8252277 2.9958615 2.7765878 2.5307870 2.5359619 1.3355650 2.6943473 1.2581483 2.0007044 2.5368984 1.1745472 2.2259090 3.9278638 4.2204116 3.3564574 2.8224231 3.0416481 2.6970131 4.1901886 2.5562169 2.9017923 3.3692814 3.1020441 3.4223781 2.3188141 1.6757797 1.8336692 1.8256409 2.2552673 2.1165442 
VII_Sacu_v1.1_s0041.g012546_Myb_transcription_factor__0.077_                                                     3.9573227 4.6631289 4.8828160 1.8384901 3.4065771 3.8405920 4.0477407 2.7127926 3.1369553 3.9467137 3.0303470 3.7659621 4.2584347 3.6767387 4.0249889 4.2649307 4.1361684 3.3136922 1.5012699 1.1737028 2.1046847 2.1179074 2.2621639 1.1511868 1.0247227 2.2350005 1.8355081 0.7168647 1.5729972 1.7001542 1.2249152 0.0000000 1.5034866 1.4115121 1.4741697 1.3854407 1.7992912 1.3858460 1.6408346 2.2514312 2.2440440 2.3012879 2.1570484 2.5689935 0.6330516 2.4076482 1.1128329 1.8102754 2.0318055 1.1050067 2.0113398 3.9633196 3.8386777 2.2561877 1.8904036 2.5231913 2.1403240 3.8909085 3.0558739 3.2989804 3.5194203 2.9798529 3.4052890 1.6096867 1.2611118 1.5842624 1.8693115 1.9658517 2.1480652 
VII_Sacu_v1.1_s0272.g027033_Myb_transcription_factor__0.077_                                                     4.0909226 5.0393331 4.4432568 1.9173241 3.5014178 3.5731340 3.7537356 2.9695285 2.6572730 3.2405824 3.0194937 3.6616740 3.7709807 3.4997269 3.8236802 4.3739490 4.3543038 3.6270840 1.8131918 1.3111911 2.3191190 2.5294176 2.9333653 1.2630892 1.1612920 2.7537147 2.1921530 0.8523202 1.7403972 1.8314863 1.7394750 1.5034866 0.0000000 1.8837617 1.9186105 1.8751427 2.3115773 1.6560686 1.8777362 2.3629694 2.6643712 2.5260769 2.6907394 2.5636482 1.3654961 2.4531003 1.3073442 2.4254427 2.4047003 1.3037616 2.3138573 4.4653067 4.1928621 2.8290296 2.3177077 2.9114134 2.3715746 3.8240460 2.3475187 3.0562804 3.2749252 2.9174160 3.3359590 2.3801453 1.8057753 1.8451658 2.1310682 2.1333146 2.3063808 
VII_MA_96853p0010_582_residues__                                                                                 4.1768859 5.4241134 5.1439932 1.9301631 3.8012615 3.6437706 3.2845797 2.6901395 3.3213563 3.3409530 3.1199049 3.2912696 4.2770968 3.8613834 3.4090841 4.3794405 4.4005763 3.2209682 1.7642302 1.4524230 2.4846992 2.5558342 2.5988136 1.1524102 1.1114149 2.4703536 1.9125757 0.4555676 0.7880168 1.3419029 1.7380127 1.4115121 1.8837617 0.0000000 0.6392240 1.2638567 1.0327530 0.9495133 1.6679028 2.5193909 2.5887661 2.5254267 2.3276734 2.7373621 1.3557668 2.2630047 1.4413767 1.9957390 2.1750617 1.1690273 2.3254584 3.9949500 3.8162367 3.1529647 1.9396545 2.7362282 2.5841690 3.6986314 2.6859305 2.6981460 3.3676608 3.0869574 3.2274605 1.5998058 0.8270962 1.3764432 1.3183584 1.6821092 2.2878698 
VII_MA_10208000p0010_602_residues__                                                                              4.2220526 5.0821146 5.0417847 1.8221521 3.9338513 3.4574520 3.4988695 3.0607581 2.8825945 2.8881330 2.6518295 3.2591463 4.4499092 4.3291743 3.4430117 3.9812591 4.1377868 3.2722440 1.7333181 1.3301455 2.0628633 2.3380861 2.4030280 1.1147778 1.0340551 2.5034718 1.9268597 0.4704769 0.9111328 1.2877067 1.6517022 1.4741697 1.9186105 0.6392240 0.0000000 1.0844979 0.7722215 1.0040736 1.5975364 2.3070960 2.6281720 2.2353852 2.0223641 2.1917206 1.4522001 2.6328347 1.4210390 1.9564640 2.1778959 1.2769646 2.0546031 3.6860601 3.7063091 2.8053477 1.9852142 2.5930022 2.3832618 3.4687458 2.5890073 2.4717777 2.7843774 2.9029888 3.0264119 1.6050833 0.9090634 1.3287526 1.2647529 1.8286424 2.2837305 
VII_MA_20462p0010_470_residues__                                                                                 3.8057902 4.2274963 4.3750427 1.8235775 3.2932388 3.3593540 3.7708091 2.6154563 2.7934164 2.9130419 3.0828634 3.2905821 3.6928292 3.2733424 3.8449565 3.7895633 3.7434314 3.1290625 1.4182820 1.3256529 2.3109320 2.1188676 2.4441113 1.1698374 1.0048043 2.4139339 2.1538613 0.7166890 1.1777186 1.3660456 1.5143759 1.3854407 1.8751427 1.2638567 1.0844979 0.0000000 1.4145588 1.2288076 1.5258682 2.1194213 2.5997843 2.2328775 2.2052814 2.1507595 1.3552904 2.4390109 1.5857684 1.6254723 2.1059480 1.2104334 2.0984645 4.0827636 3.8665232 2.5683300 1.7911610 2.3323025 2.3431668 3.4091925 2.6235794 2.6024973 3.2421019 2.7751239 3.0839725 1.7387435 1.1216436 1.5804331 1.5824131 1.6309246 1.9908589 
VII_AmTr_v1.0_scaffold00038.91                                                                                   4.5636752 5.9932032 5.7784158 1.9923416 4.4781534 3.9688158 4.1446932 2.8622064 3.4530459 3.6628946 3.0066900 3.4837577 4.1898178 3.8510481 3.7054477 4.2510017 4.1808454 3.4578560 1.5919838 1.4108362 2.3382082 2.8882100 2.4900871 1.1596362 1.1132677 2.7580742 1.9891974 0.4966364 1.2398228 1.5561848 2.2214257 1.7992912 2.3115773 1.0327530 0.7722215 1.4145588 0.0000000 1.2412261 1.8064986 2.4195715 3.0643027 2.4805007 2.2591476 2.4999784 1.5270676 2.7475730 1.8617787 2.2837019 2.8017726 1.2503124 2.3445741 4.3591077 4.4236733 2.8593256 2.1176665 2.9999427 2.8318954 3.6173084 3.2369611 3.2213031 3.0740852 3.1010354 3.4875255 1.6664983 1.2118928 1.4414094 1.4049763 1.8138279 2.5376231 
VII_AmTr_v1.0_scaffold00037.85                                                                                   4.5993389 5.3931293 5.3654366 1.7551842 3.5835598 3.3421711 4.0664620 3.2292865 3.5342686 3.4184379 2.5765952 3.5327371 3.5623272 3.8616185 4.6127527 4.1141240 4.3006304 3.4358610 1.6659592 1.3392445 2.4045612 2.0255403 2.4632726 1.1451405 1.0416452 2.4293965 1.8151090 0.5530706 1.2301259 1.2794229 1.6711803 1.3858460 1.6560686 0.9495133 1.0040736 1.2288076 1.2412261 0.0000000 1.7056412 2.3620916 2.6266341 2.1309050 2.0033537 2.3240281 1.3976257 2.2118949 1.7444691 2.1611074 2.2805712 1.1361306 2.0502385 3.6913487 3.8167830 2.5794328 2.2108546 2.6314897 2.7649094 4.2497760 2.4475074 2.8483085 3.5191440 3.2326426 3.1854535 1.8672188 0.8037415 1.5031339 1.4237823 1.7192778 2.0750406 
VIII_MN199016_QIN53292.1_R2R3-MYB_transcription_factor__Selaginella_moellendorffii_                              3.8675971 4.4544004 4.5748490 1.9163673 3.1246358 2.8691099 3.5942517 3.0420270 2.9191061 3.7540924 3.0490232 3.5748654 3.9610289 3.0508330 3.4173513 3.3627091 3.4063945 2.4600787 1.9494504 1.4666102 2.2183747 2.3032197 2.3095640 1.5386974 1.4268110 2.6695099 1.7115986 0.8522749 1.4622327 1.7072871 1.9247712 1.6408346 1.8777362 1.6679028 1.5975364 1.5258682 1.8064986 1.7056412 0.0000000 1.2426742 1.4949660 1.2905719 1.3699939 1.3439248 1.5677740 1.2024779 1.6219534 2.0652457 1.2970094 1.4186203 1.1465558 3.2103489 2.8262909 3.2876548 2.1450083 2.5557657 2.5917092 3.0606389 2.8123361 3.1155183 3.0481509 3.2029738 2.6878520 1.8073740 1.4567691 1.5437086 1.7209651 0.8623670 1.3913672 
VIII_XM_024668296.1_XP_024524064.1_transcription_factor_MYB26__Selaginella_moellendorffii_                       4.6231089 5.5897864 6.0449007 1.9701066 3.6436580 2.8298618 3.8531488 2.7002039 3.6257534 3.4932341 3.3781883 3.8709652 3.0440670 3.6834356 3.0867451 3.1594508 2.9684973 3.2199691 1.5485302 1.2487221 2.2799841 2.2635154 2.4773665 1.2616267 1.1401626 2.7731046 2.0633619 1.1117997 2.2748028 2.0183642 2.8252277 2.2514312 2.3629694 2.5193909 2.3070960 2.1194213 2.4195715 2.3620916 1.2426742 0.0000000 2.0471266 1.6192583 1.6414107 1.8419190 1.9716058 1.6482081 2.5901763 1.5484698 1.4099130 1.2974920 1.5351828 3.9787146 3.8040679 2.4199333 2.1049055 2.7077145 2.2428185 3.3222740 3.4040151 3.6733902 3.3994455 3.2713578 2.9707193 1.8673847 2.0236304 2.1515859 2.4511015 1.2560609 1.8477357 
VIII_Mapoly0073s0038_PTQ35164.1_hypothetical_protein_MARPO_0073s0038__Marchantia_polymorpha_                     4.3950689 4.8630608 4.6063672 2.0820275 4.0019233 3.4507368 3.6914142 3.2958222 3.1560556 4.2167851 3.2564696 3.5554281 4.1928425 3.6811788 4.2958166 4.2571537 3.8028662 4.0399780 1.9508946 1.3862169 2.7210880 2.6871743 2.5043130 1.6383180 1.4876889 3.1716820 2.3470468 1.0812454 2.8091478 2.1394765 2.9958615 2.2440440 2.6643712 2.5887661 2.6281720 2.5997843 3.0643027 2.6266341 1.4949660 2.0471266 0.0000000 1.5298233 1.6186914 1.6654007 2.4289471 2.2243587 2.6754170 2.1492998 1.7750682 1.5877048 1.6080417 3.8757595 3.5882557 3.0410890 2.5243340 2.9031677 3.1280165 3.7822921 3.2755438 3.3399180 3.3566742 3.5775348 2.8632163 2.4071338 2.6357458 2.2401700 3.2375827 1.4647603 1.9185125 
VIII_Mapoly0006s0226_PTQ48220.1_hypothetical_protein_MARPO_0006s0226__Marchantia_polymorpha_                     4.4578825 5.2828505 4.9915955 2.4401667 3.8955480 3.8365332 4.2673553 2.9306486 3.5927137 3.7223892 3.5527594 4.0103851 3.4233057 3.5934453 4.1637457 3.2678730 3.3043129 3.3559191 2.1071642 1.5335988 2.9786585 2.4008496 2.5366973 1.7579576 1.5928903 3.2329667 2.5666894 0.9829767 2.3733751 2.1767562 2.7765878 2.3012879 2.5260769 2.5254267 2.2353852 2.2328775 2.4805007 2.1309050 1.2905719 1.6192583 1.5298233 0.0000000 1.3182413 1.2600842 2.4090427 1.6613034 2.3398546 1.9536463 1.9746768 1.6428353 1.5221380 3.7705987 3.5955182 3.3031520 2.4316918 2.9778233 2.5508151 3.0824876 3.1264020 3.3484866 3.0680005 3.5133502 2.9269435 2.6356108 1.9086627 2.2917748 2.5588464 1.0476002 1.6782404 
VIII_XM_024680104.1_XP_024535872.1_transcription_factor_MYB8-like__Selaginella_moellendorffii_                   3.6205964 3.6333802 4.0540378 2.4402446 2.8974673 3.4193918 2.7226961 2.5752362 2.8116852 3.0309246 2.5141587 2.6857177 3.5386421 3.3682781 2.7954258 2.9647979 3.1345324 2.8855055 2.1073136 1.6520831 2.5248487 2.1785802 2.6911124 1.7326189 1.5133295 2.5655065 2.1376389 1.1550848 2.0629924 2.1121533 2.5307870 2.1570484 2.6907394 2.3276734 2.0223641 2.2052814 2.2591476 2.0033537 1.3699939 1.6414107 1.6186914 1.3182413 0.0000000 1.0948034 2.0370564 1.4602999 2.4855445 1.9926911 1.9702630 1.6237799 1.2133511 3.6538256 3.4459836 2.7624153 2.5991515 3.3090159 3.1263897 3.0455913 2.8205990 3.0782001 2.7357258 3.1696759 2.4331899 3.1410581 1.9313464 2.2181685 2.6333314 1.4026903 1.4723884 
VIII_MN199020_QIN53296.1_R2R3-MYB_transcription_factor__Selaginella_moellendorffii_                              3.7999064 4.2309426 4.3712704 2.0563502 3.1957013 2.8098150 2.9428933 2.6198508 2.9348555 3.2552582 2.7416030 3.3917540 3.1307035 3.4241075 3.1895835 2.7598644 2.9572589 3.5668280 2.1407773 1.5918428 3.0326470 2.8575695 2.8521253 1.7059606 1.4819060 3.1410814 2.6668922 0.8813193 2.5837450 2.6262112 2.5359619 2.5689935 2.5636482 2.7373621 2.1917206 2.1507595 2.4999784 2.3240281 1.3439248 1.8419190 1.6654007 1.2600842 1.0948034 0.0000000 1.9470084 1.9746232 2.1997591 2.3130688 1.6951597 1.5698352 1.2882809 3.9909646 3.2448437 2.9222528 2.1775143 2.6147402 2.4234680 3.0954991 3.0954745 3.1832740 2.8205877 3.0749823 2.6371364 2.2695648 2.0479513 2.2103585 2.7264239 1.2113798 1.6209035 
Azfi_s0004.g008455                                                                                               4.7719733 5.0831019 4.8679470 1.9982133 2.9106631 3.3434515 3.1224944 2.7903801 2.6970183 2.4815677 2.2869106 2.8696398 3.2976836 3.5941842 3.7754086 4.5101512 3.7041259 2.7328061 1.6127000 1.2192693 2.2908999 1.9239050 2.4074966 1.2631671 1.1432806 2.3704215 1.5820230 0.6667179 1.2127195 1.3825399 1.3355650 0.6330516 1.3654961 1.3557668 1.4522001 1.3552904 1.5270676 1.3976257 1.5677740 1.9716058 2.4289471 2.4090427 2.0370564 1.9470084 0.0000000 2.1029893 1.1256411 1.7941706 1.9270984 1.2154534 1.8486613 3.3622751 3.2832731 2.7971118 1.9170625 2.4604214 2.0480012 2.9633858 2.4076655 2.5890750 3.3476215 3.1617855 3.3470760 1.5395222 1.2740213 1.4522595 1.6151084 2.0410369 1.9950316 
Azfi_s0014.g013584                                                                                               5.2495233 6.0693316 6.0071465 2.2522166 3.6403865 3.3359921 4.4070881 2.8698111 3.0519171 3.3669144 3.3484052 3.3519840 3.4803695 3.7874356 3.3198434 3.7360511 3.0880469 2.8769182 1.7506969 1.4464942 2.5242713 2.3756339 2.8273975 1.4935624 1.3904019 3.2169647 2.2606967 1.1449582 2.0168822 2.1533929 2.6943473 2.4076482 2.4531003 2.2630047 2.6328347 2.4390109 2.7475730 2.2118949 1.2024779 1.6482081 2.2243587 1.6613034 1.4602999 1.9746232 2.1029893 0.0000000 2.4467971 2.2889617 1.9055919 1.4895989 1.6783865 3.9248909 4.1419732 3.4018510 2.3857695 3.1382641 2.6762030 3.2083075 3.0733923 3.3303224 2.8665420 3.1503163 2.7953793 2.0775724 2.0628261 2.2796506 2.5778830 1.2968566 1.5931934 
Azfi_s0021.g015882                                                                                               3.4525279 3.9896030 4.1168349 1.8763485 3.4997904 3.6108552 4.1282076 3.0018752 3.3374539 3.3573235 3.2751246 3.8755034 3.8867978 4.3504658 3.6870798 3.9290271 3.9708241 2.9228760 1.3919681 1.1867820 2.4807179 2.2933140 2.2313159 1.1198097 1.0203526 2.5325961 1.8933730 0.7837437 1.5194158 1.7885285 1.2581483 1.1128329 1.3073442 1.4413767 1.4210390 1.5857684 1.8617787 1.7444691 1.6219534 2.5901763 2.6754170 2.3398546 2.4855445 2.1997591 1.1256411 2.4467971 0.0000000 1.9406757 2.2357084 1.1158141 2.1007913 3.8738890 4.1143733 2.6810719 1.7921172 2.6227110 2.2702961 3.5444581 2.8300513 2.7423471 2.8305147 2.9784198 3.0390951 1.7510897 1.4003532 1.5258195 1.9341711 1.8229141 2.2239166 
Azfi_s0035.g025508                                                                                               5.2087216 5.3628454 5.5270437 2.4200052 3.2362636 2.9673824 2.9966719 2.2662291 2.8916094 2.7958835 3.2221470 2.7152066 2.9842431 3.0935812 3.0552946 3.1045384 3.0814823 2.4378641 1.7592919 1.4190076 2.1118934 1.8809190 1.8567357 1.2573411 1.2638759 2.0159774 1.5108915 1.1354502 1.8260528 1.7965181 2.0007044 1.8102754 2.4254427 1.9957390 1.9564640 1.6254723 2.2837019 2.1611074 2.0652457 1.5484698 2.1492998 1.9536463 1.9926911 2.3130688 1.7941706 2.2889617 1.9406757 0.0000000 1.7812376 1.2390544 1.5652345 3.5626080 3.5219542 2.9856964 2.5147306 2.8968563 2.7061806 3.1983178 2.8014651 2.7174674 2.7043211 2.2736036 2.6577884 1.7091999 2.1411613 2.0332651 2.4005355 1.9436746 1.7128087 
Azfi_s0041.g026722                                                                                               3.6765093 4.6835025 4.9843001 2.2131754 2.5448975 3.2982836 3.7454403 2.9003722 3.3075908 3.6088832 3.0048558 3.9768566 3.7303618 3.4134149 3.4444955 3.5136595 3.4962473 3.4181410 1.7837080 1.3149232 2.0246330 2.2392520 2.7855496 1.4214836 1.2686571 2.2357433 2.4257683 1.1843456 2.2442156 2.0550398 2.5368984 2.0318055 2.4047003 2.1750617 2.1778959 2.1059480 2.8017726 2.2805712 1.2970094 1.4099130 1.7750682 1.9746768 1.9702630 1.6951597 1.9270984 1.9055919 2.2357084 1.7812376 0.0000000 1.3999786 1.5496437 3.9142483 3.6747316 2.7962745 2.3766059 2.7358459 2.4482863 3.1854040 3.0674012 3.3316975 3.2650644 3.5864866 3.2836991 2.2090954 2.0695096 1.7088210 2.3029819 1.3786932 1.7694529 
