75
CDC5_XM_024686040.1_XP_024541808.1_cell_division_cycle_5-like_protein                                            0.0000000 0.0196320 0.2688562 3.6479784 3.9371090 5.6765681 5.2706340 4.9178584 6.1219779 6.1196964 5.3922629 5.7675021 5.2903005 5.2648701 4.4795509 4.3611402 4.4989443 5.7360672 3.9107160 3.5132092 5.7659664 4.9778201 5.6413940 4.3185632 4.4185918 6.1235116 4.8158477 3.6318580 4.1171887 4.6838913 5.0348685 4.4842422 4.2272766 4.0682553 4.3845761 4.0988949 4.6295293 4.8883369 5.6861939 4.5282050 4.9467006 5.5077315 4.4970320 4.5721488 4.7565649 5.7365995 4.1007894 4.9950039 4.4747265 3.9458116 5.1586479 5.0641916 5.3195026 3.2538152 3.6624314 5.1109886 4.9620984 4.8040651 3.6142404 4.8316849 3.4276484 3.2337055 3.2712006 6.1687920 4.5621927 6.6753465 4.2413285 3.9219964 4.8131668 4.7565649 4.1007894 5.0899197 3.5499137 5.6194070 6.5401328 
CDC5_XM_002981114.2_XP_002981160.1_cell_division_cycle_5-like_protein__Selaginella_moellendorffii_               0.0196320 0.0000000 0.3276893 3.6337765 4.3620730 6.4502902 5.5360128 4.8138275 6.9080882 7.1014855 5.9841610 6.3461488 6.0643145 6.1794360 4.9840033 4.4353925 5.2285186 5.9469902 3.6330947 3.2354268 5.9387252 5.5778442 5.2187297 4.0174567 4.0847722 5.7785860 4.7022530 3.5633873 4.2794465 4.8935533 5.4538632 4.7547199 4.7506391 4.2695683 4.6920909 5.3043352 5.2207661 5.2123566 5.2983343 4.7369214 5.3580241 5.7274938 5.0058002 5.6537422 4.9905831 5.2876687 4.4940026 4.8116435 5.7838462 3.6647366 5.3825214 5.6083380 6.1947571 3.3617548 3.5931856 4.9462070 4.8480065 5.1232623 3.9487889 5.6418050 3.7722371 3.7004051 3.2491963 5.9520638 5.2790816 6.2983082 4.7376739 3.8608283 4.7193400 4.9905831 4.4940026 5.6496583 3.6647891 6.4448371 6.6858291 
CDC5_Mapoly0014s0195_PTQ45693.1_hypothetical_protein_MARPO_0014s0195__Marchantia_polymorpha_                     0.2688562 0.3276893 0.0000000 3.5018999 4.2135692 6.2075243 5.6471543 4.9600045 6.2148613 6.1616221 6.3975474 5.4275442 5.6037530 4.9266232 4.5988152 4.4332148 4.7907554 6.5346509 3.6330947 3.2354268 5.4245488 5.4514732 5.2211649 4.6171279 4.7441064 6.1415451 5.9071074 3.5368104 4.4667243 4.9029221 5.2867377 5.3012787 5.7531869 4.3425783 4.6753958 4.8272945 4.9120283 4.6891102 5.1859848 4.6814500 5.4831829 5.7959938 4.9211745 5.2517304 5.2799316 5.2743884 4.8157071 4.8372082 5.1590768 4.0194576 5.5072109 5.3821326 6.1426787 3.5400147 3.3630794 4.9548780 5.0989890 5.1195681 4.0811804 5.4076091 3.9605009 3.6178912 3.4502508 6.6131481 5.0326031 6.5793035 4.5280694 4.2917036 5.1489426 5.2799316 4.8157071 5.9841077 3.5622052 5.5918298 5.9530993 
I_Mapoly0085s0092_PTQ33890.1_hypothetical_protein_MARPO_0085s0092__Marchantia_polymorpha_                        3.6479784 3.6337765 3.5018999 0.0000000 1.6930864 1.4797004 1.8791123 1.5672625 1.9510847 1.8876517 2.0311074 1.9720882 2.4006486 1.9153741 2.1210076 1.9559004 1.7720648 2.5594077 1.8377036 1.8451431 2.9908871 2.4709070 2.3263186 2.1454041 2.0118520 3.1465045 2.6630693 1.7787411 1.8455264 2.2366400 2.7054990 2.1001431 2.0437678 2.1807077 1.9839042 2.2217725 2.2388896 2.1251503 2.0804281 2.1931048 2.2123241 2.4633101 2.5694300 2.4153430 2.0777964 2.1955226 2.1706966 2.6488488 1.9385874 2.3523392 2.2382859 1.8874660 1.8006617 1.4813862 1.4582400 1.6846845 1.7716910 2.3611478 1.7119040 2.0753749 1.5404415 1.9566308 1.5732300 2.6282357 2.2263564 2.3028975 2.1860163 2.0045150 2.6056501 2.0777964 2.1706966 2.0448333 1.8003155 4.6846085 3.0673414 
II_Mapoly0001s0061_PTQ49997.1_hypothetical_protein_MARPO_0001s0061__Marchantia_polymorpha_                       3.9371090 4.3620730 4.2135692 1.6930864 0.0000000 1.9531668 3.1085430 3.1890112 2.6304712 2.9914113 2.6654514 2.8740725 3.4735103 2.8779827 2.9766237 3.9537752 3.0170622 4.5289217 2.2618218 1.7506133 4.2774392 4.3453433 3.7506067 2.6932345 2.5447134 4.2630620 3.7485683 2.2434744 3.6930175 3.5186014 5.3536742 3.9207606 3.6474949 3.5007291 3.3979021 3.4628108 4.1277487 3.0043458 2.9118502 3.2079673 4.0309794 4.3363090 3.7890060 3.1679160 3.1574293 3.2688916 3.6164433 2.8211563 3.3511322 2.7514064 3.1333239 2.7398226 2.8155890 1.7118870 1.6590233 1.6542874 1.6576379 2.7802784 2.3472503 2.6911354 2.3756062 2.5659888 2.2560917 3.5629875 3.6443451 3.9219787 3.3448687 2.7050013 3.4126383 3.1574293 3.6164433 4.2536742 2.0511346 8.0212358 4.4637310 
III_XM_002991980.2_XP_002992026.2_myb-related_protein_B__Selaginella_moellendorffii_                             5.6765681 6.4502902 6.2075243 1.4797004 1.9531668 0.0000000 2.7923107 2.4466909 3.4983032 3.2097835 3.1488834 3.1055650 3.4055177 2.8939369 2.5045552 3.6734401 2.5197623 3.4730991 2.0618388 1.9979490 4.4111291 3.8810303 3.7417422 2.2909432 2.1540811 4.3904695 3.5200779 2.0915369 4.4145732 3.8420527 4.4432995 3.6665435 4.2319474 4.5248457 4.0476472 3.8488599 3.9238373 3.5329239 2.9527160 3.1439950 3.7089714 4.0761966 3.6194872 4.2922485 3.8740623 3.3107347 4.1045269 2.7992437 3.4640834 2.4893482 4.0457100 2.8270995 2.5712907 2.0052929 1.4297210 1.9746826 1.7011197 3.0259277 2.7475258 2.7577950 2.9310768 2.8630169 2.2636887 3.5806715 3.9748143 4.2826649 3.7633127 2.9975008 3.5020014 3.8740623 4.1045269 3.8908775 2.3471454 6.3764792 4.2262574 
III_Mapoly0007s0271_PTQ47916.1_hypothetical_protein_MARPO_0007s0271__Marchantia_polymorpha_                      5.2706340 5.5360128 5.6471543 1.8791123 3.1085430 2.7923107 0.0000000 1.0148116 1.7325760 1.7214026 1.5309516 1.5331333 2.9714104 2.1477009 2.0118363 2.5805295 2.5540792 3.9554297 2.9223907 2.0890318 3.5606703 3.5459702 3.4693800 1.8200753 1.7845669 3.5989229 3.3705341 1.8947264 3.1115658 3.0687175 3.2506237 3.8386721 3.5626651 3.5400211 3.0827806 3.7876996 3.4268984 2.6722814 3.0961848 3.3493949 3.5606201 3.4619303 3.2775276 2.8323175 2.9242773 3.2270101 3.6367079 3.0760505 3.3254332 2.1417946 3.3222197 2.7630099 2.6129904 1.9445832 2.3767418 2.7199878 2.4574042 1.8599196 1.4020440 1.7591301 1.9551424 2.1517316 1.8036449 3.5429633 3.4752006 3.4491183 3.3470522 3.7713537 3.4504539 2.9242773 3.6367079 3.5263259 1.7753897 5.5753011 4.0495471 
III_XM_002971992.2_XP_002972038.2_transcription_factor_MYB1__Selaginella_moellendorffii_                         4.9178584 4.8138275 4.9600045 1.5672625 3.1890112 2.4466909 1.0148116 0.0000000 1.3905916 1.3445302 1.4852648 1.4178091 2.2512359 2.1359337 2.0051876 2.2261946 1.9787883 3.2902887 2.6207727 1.9884140 2.6371702 2.6405142 2.6081653 1.6450990 1.5456271 2.9162122 2.5062596 1.5108173 2.3318247 2.1634121 2.6416213 2.6923695 2.6161426 2.6329353 2.6995541 2.4050931 2.4064836 2.2625749 2.4429911 2.7531109 2.6567015 2.6121830 2.6572451 2.7024115 2.5044311 2.3547371 2.5364712 2.7507212 2.3192973 1.6345394 2.5866059 2.2540808 1.9180775 1.7082065 1.8837152 2.5705244 2.2287382 1.5800858 1.1453529 1.2480386 1.8015503 2.0522530 1.8049448 2.5491567 2.1246024 2.7015919 2.3601036 2.8745690 2.4261508 2.5044311 2.5364712 2.4821651 1.6759399 4.7814578 3.6283266 
IV_MN199005_QIN53281.1_R2R3-MYB_transcription_factor__Selaginella_moellendorffii_                                6.1219779 6.9080882 6.2148613 1.9510847 2.6304712 3.4983032 1.7325760 1.3905916 0.0000000 0.8915684 1.0271878 1.0857304 2.9299675 2.4292557 2.5146302 2.4707226 2.2399307 4.1692623 2.6221595 1.8286988 3.3040791 2.9119868 3.5982212 1.8313151 1.8404845 3.4438901 2.5636601 1.9287035 3.5707349 3.6847434 3.7300505 3.6211486 3.6981701 3.6023928 3.5604404 2.9062065 3.6069362 2.9975724 3.1358848 3.2179554 3.2128405 3.5588227 3.1214869 3.1337786 3.1278291 3.5324550 3.7699557 2.5583761 3.2762410 2.0825609 3.3506156 2.3959912 2.4039080 1.5759359 2.1183463 2.6620708 2.2850754 2.0132275 0.9689967 1.1522043 2.1339446 1.8136622 2.2202068 3.0726047 3.2715996 3.9047262 2.8513475 3.2200613 3.7570397 3.1278291 3.7699557 3.8513016 1.7446334 5.7250724 3.0635942 
IV_MN199007_QIN53283.1_R2R3-MYB_transcription_factor__Selaginella_moellendorffii_                                6.1196964 7.1014855 6.1616221 1.8876517 2.9914113 3.2097835 1.7214026 1.3445302 0.8915684 0.0000000 1.0935551 0.9811753 2.8953344 2.5510430 2.2979035 2.8247245 2.5385743 4.5231170 2.8468529 1.9096065 4.3112607 3.3120665 3.2625702 1.8333133 1.7196031 3.9737481 2.8124600 1.6018660 2.7533625 3.2659212 3.8819848 4.1280277 3.6871935 3.5511376 3.1345755 3.0979220 3.4539815 2.6036514 3.3375783 2.7513288 3.6912692 3.3353368 3.5283591 3.2500078 3.0636093 2.8671835 3.4335114 2.3153383 3.4415172 1.9348479 3.6026034 2.6583396 2.6271817 2.0760005 2.1522156 2.8163115 2.4646688 2.3341706 1.1507932 1.1467973 2.3686533 2.1657904 1.8760751 3.0977178 2.7386755 4.0265690 3.0846761 3.0884687 3.0297662 3.0636093 3.4335114 4.0995681 1.7802822 5.6638776 3.5101921 
IV_MN199006_QIN53282.1_R2R3-MYB_transcription_factor__Selaginella_moellendorffii_                                5.3922629 5.9841610 6.3975474 2.0311074 2.6654514 3.1488834 1.5309516 1.4852648 1.0271878 1.0935551 0.0000000 1.1204213 2.8858951 2.3881914 2.3480983 2.2036761 2.5523480 4.0709811 2.6593378 1.6998829 3.8433665 3.6268109 3.4497465 1.8032530 1.6622206 3.1302535 2.8295306 1.7528336 3.3250583 3.5172671 3.6061883 3.5325916 4.0033359 3.6400828 3.3067083 2.9546862 3.7623885 2.6334004 3.5728215 2.9697096 3.6330445 3.7413376 3.6042355 3.3364174 2.9684158 3.2441652 3.8221829 2.9629202 3.8774252 1.8932070 3.5670320 2.7859006 2.8704645 1.5759554 1.8672431 2.2750843 2.6444156 2.3019968 1.1107642 1.1417177 2.1876471 1.9003596 1.8376980 3.1645211 3.3330743 4.0047928 2.7054861 3.4361409 3.2835140 2.9684158 3.8221829 4.0947634 1.6401519 8.9640147 3.7621398 
IV_Mapoly0032s0153_PTQ41991.1_hypothetical_protein_MARPO_0032s0153__Marchantia_polymorpha_                       5.7675021 6.3461488 5.4275442 1.9720882 2.8740725 3.1055650 1.5331333 1.4178091 1.0857304 0.9811753 1.1204213 0.0000000 3.1351493 2.4196254 2.4446381 2.6595012 2.8011818 4.2523695 2.4015395 1.9117987 3.6860205 3.7430465 3.8296443 2.0525959 2.0153801 3.8185789 2.7459050 2.0514863 3.1426519 3.3027789 3.5932168 3.5082446 3.4768989 3.2921442 3.0587577 3.1149180 3.3157323 2.7814566 3.4328895 3.1544243 3.5234055 3.8361415 3.3916957 3.3528498 2.8618651 3.1916017 3.4426499 3.0236028 3.2154087 2.2215421 3.1148441 2.3177565 2.4628257 1.8632384 1.8257585 2.2856888 2.2777098 2.0305243 1.0404767 1.0499050 2.5692728 1.9581977 1.9770847 3.1559992 2.9063302 3.7143500 3.0524238 3.4972695 3.4829195 2.8618651 3.4426499 4.6049659 1.6138709 5.6992668 4.0335777 
V_Mapoly0008s0029_PTQ47242.1_hypothetical_protein_MARPO_0008s0029__Marchantia_polymorpha_                        5.2903005 6.0643145 5.6037530 2.4006486 3.4735103 3.4055177 2.9714104 2.2512359 2.9299675 2.8953344 2.8858951 3.1351493 0.0000000 1.1156543 1.0681428 1.4700751 1.1309109 3.9887323 2.4368243 1.9031982 4.3330998 5.0727035 4.2586966 2.5221593 2.4031426 4.7065475 4.0572785 2.6519965 4.3726345 4.4634355 4.4230003 4.7767493 3.9600520 4.0881587 4.4233576 4.5575289 4.3462319 4.0327130 3.9207025 3.8690380 4.1772997 3.7406765 3.8054284 4.6308175 3.6682945 3.9959732 4.3550756 3.5186463 4.3629589 2.4978219 4.2879880 4.0479873 4.0593574 2.1234168 2.9253708 3.4678683 3.1396768 3.0318691 2.4492457 2.7008822 1.1710081 1.2250929 1.1586289 4.1585865 5.1942179 3.7810100 4.0884119 4.3342278 3.6491227 3.6682945 4.3550756 3.8362216 0.9740107 7.5750527 5.2478033 
V_XM_002977602.2_XP_002977648.2_uncharacterized_protein_LOC9657152__Selaginella_moellendorffii_                  5.2648701 6.1794360 4.9266232 1.9153741 2.8779827 2.8939369 2.1477009 2.1359337 2.4292557 2.5510430 2.3881914 2.4196254 1.1156543 0.0000000 0.8527958 1.1290199 1.0655465 3.2061277 2.3867772 1.9169755 3.8900675 3.4919340 3.0258127 2.3291764 2.2609601 3.9448234 3.1956731 2.5492722 3.9901363 3.3466258 3.6605504 3.9630302 3.6778074 4.0359885 3.5576273 3.6965042 3.3747975 3.2783498 3.2257299 2.9123339 3.0483876 4.0737969 3.2657352 3.3401377 3.5533472 3.0164534 3.9596600 2.3977274 3.2690613 2.2840905 4.0642731 3.0876332 3.2311862 2.0188098 2.9105024 2.6045691 2.7685647 2.3530685 2.1516068 2.1883402 0.7867863 0.8986963 0.7214664 3.7740379 3.7439816 3.7691856 3.2098208 3.0941619 3.5180985 3.5533472 3.9596600 3.2988647 0.9112939 6.2603147 3.1686374 
V_MN199008_QIN53284.1_R2R3-MYB_transcription_factor__Selaginella_moellendorffii_                                 4.4795509 4.9840033 4.5988152 2.1210076 2.9766237 2.5045552 2.0118363 2.0051876 2.5146302 2.2979035 2.3480983 2.4446381 1.0681428 0.8527958 0.0000000 1.0007450 0.7999545 3.0312061 2.1654361 1.8568309 3.8704091 3.9510684 3.4661925 2.3206758 2.1935445 3.8030397 3.1327661 2.4382298 3.7631032 3.2291530 4.1933643 4.0369017 3.1531378 3.2445935 3.3070957 3.6096155 3.6741364 3.5528523 2.6739056 3.0881388 3.7639160 3.4218505 3.0419065 3.2474330 3.2569567 2.6477876 3.9594428 2.8570319 3.0329465 2.4675783 3.3398671 3.0356699 2.7590087 1.8619879 2.4396297 2.1612445 2.0628831 2.3583503 2.0636685 2.0323500 0.9920353 0.9735641 0.7833665 3.0859805 3.7866018 3.2018546 3.8685184 2.8134197 3.4783638 3.2569567 3.9594428 3.5931880 0.7829465 7.6474526 2.9107248 
V_MN199009_QIN53285.1_R2R3-MYB_transcription_factor__Selaginella_moellendorffii_                                 4.3611402 4.4353925 4.4332148 1.9559004 3.9537752 3.6734401 2.5805295 2.2261946 2.4707226 2.8247245 2.2036761 2.6595012 1.4700751 1.1290199 1.0007450 0.0000000 1.1306154 3.4543939 2.3753958 1.8755478 4.6746054 4.7496176 3.6013204 2.1693178 2.0240993 4.1304547 4.4048316 2.1473216 4.0264257 3.2208482 3.8907867 4.3320388 4.2549409 3.8200426 4.1157400 4.0163012 3.8636540 3.0839509 3.4293124 2.9978436 3.9366649 3.6614519 3.2940801 3.7793692 3.0945096 3.7116452 3.9554840 2.9114955 3.3511876 2.4726238 3.1866339 3.4848560 3.6445837 2.4567369 2.8966261 3.0869875 2.8536490 2.5310358 2.2612125 2.1206946 1.1045655 1.2919165 0.6243547 4.0822536 4.3668531 3.2451147 3.0710510 3.1007698 2.9970889 3.0945096 3.9554840 3.3590714 1.0003641 7.3289101 4.3688089 
V_MN199010_QIN53286.1_R2R3-MYB_transcription_factor__Selaginella_moellendorffii_                                 4.4989443 5.2285186 4.7907554 1.7720648 3.0170622 2.5197623 2.5540792 1.9787883 2.2399307 2.5385743 2.5523480 2.8011818 1.1309109 1.0655465 0.7999545 1.1306154 0.0000000 3.0883978 2.1312321 1.7805840 4.4241840 4.1022920 3.3410818 2.1650720 2.1753166 3.9248940 3.1553982 2.3941352 3.9097288 3.1695747 4.4477013 4.4847856 4.4053244 3.3786306 3.2740407 3.3395554 3.1681513 3.3476386 3.3194306 2.8970986 3.5488987 3.8606042 3.2420086 3.3800183 3.3134377 2.8263092 4.1232304 2.8373510 3.5226728 2.1234948 3.6419615 3.2596046 3.3952944 1.8389008 2.7541410 2.5238802 2.3913251 2.6221312 2.2852513 2.4035518 1.0993067 1.1616401 0.8007000 3.1203286 3.2980391 3.2423027 3.2379096 2.8306636 3.4119464 3.3134377 4.1232304 3.1458532 0.9037758 7.8659289 3.7178187 
VI_g8575.t1_length                                                                                               5.7360672 5.9469902 6.5346509 2.5594077 4.5289217 3.4730991 3.9554297 3.2902887 4.1692623 4.5231170 4.0709811 4.2523695 3.9887323 3.2061277 3.0312061 3.4543939 3.0883978 0.0000000 0.0386205 0.0539815 2.5953490 2.3426316 2.2233183 1.1560730 1.0827601 2.9462464 1.8257109 1.7086613 3.1578958 3.4440397 3.5705431 3.2939649 3.2620629 3.1609547 3.0073952 3.4542940 3.5915376 3.2707834 2.5807558 2.8871020 3.6004343 3.3324584 3.0833095 3.9286498 2.6468805 2.6823490 2.8596210 2.2969565 3.5575648 1.1980337 3.5559163 4.3950150 5.4441948 4.1250165 3.0915176 3.9129936 3.0315109 3.5229057 2.8245294 3.4623204 3.3088018 3.2377330 2.6035306 2.4000620 3.1041969 3.1716457 3.0175784 3.4839486 2.5621732 2.6468805 2.8596210 3.0047966 2.2222749 8.9999990 4.1252753 
VI_BBG43567_LC221833_MYB_transcription_factor                                                                    3.9107160 3.6330947 3.6330947 1.8377036 2.2618218 2.0618388 2.9223907 2.6207727 2.6221595 2.8468529 2.6593378 2.4015395 2.4368243 2.3867772 2.1654361 2.3753958 2.1312321 0.0386205 0.0000000 0.0620169 1.3095641 1.3183418 1.3001412 0.7965508 0.7355712 1.0672362 0.7705821 1.2127166 1.6913983 1.7427935 1.7967175 1.5116759 1.7388956 1.7546321 1.7238621 1.4821296 1.5314223 1.5339698 1.9062198 1.6037824 2.0469481 2.0850555 2.1676999 2.2164871 1.5521348 1.7452302 1.3850842 1.4175686 1.7658894 0.8409748 1.7347557 2.3214781 2.6795174 2.6191532 1.8756566 2.6455054 1.8716444 2.5019994 1.7875006 1.8932827 1.9453265 1.7216756 1.7575493 1.1192053 1.6810439 1.9198942 1.4561065 2.2024741 1.7521369 1.5521348 1.3850842 1.9410905 1.6671836 8.9999989 2.7440216 
BBG43566_LC221832_Chara_leptospora_mRNA_for_MYB_transcription_factor                                             3.5132092 3.2354268 3.2354268 1.8451431 1.7506133 1.9979490 2.0890318 1.9884140 1.8286988 1.9096065 1.6998829 1.9117987 1.9031982 1.9169755 1.8568309 1.8755478 1.7805840 0.0539815 0.0620169 0.0000000 0.9578246 0.8919348 0.9540982 0.7909197 0.7305382 0.8635904 0.7676827 1.1766203 1.2784501 1.2554100 1.3367114 1.1680723 1.3046267 1.4453857 1.3246586 1.3201162 1.4046709 1.3328191 1.4582786 1.2423667 1.4414516 1.5238834 1.6410367 1.5827933 1.2132137 1.4367133 1.1812373 1.3309213 1.3070520 0.8346609 1.2953742 1.9813557 2.0766095 2.1490295 1.9215137 2.0216477 1.6925470 1.8901815 1.6188353 1.7463486 1.8841360 1.6615747 1.7332513 0.8613718 1.2289342 1.3179789 1.2759703 1.5194609 1.4322215 1.2132137 1.1812373 1.5037526 1.6642977 7.9273444 1.7321877 
VI_Mapoly0019s0071.1                                                                                             5.7659664 5.9387252 5.4245488 2.9908871 4.2774392 4.4111291 3.5606703 2.6371702 3.3040791 4.3112607 3.8433665 3.6860205 4.3330998 3.8900675 3.8704091 4.6746054 4.4241840 2.5953490 1.3095641 0.9578246 0.0000000 0.6471147 0.8810303 0.2546438 0.2397628 0.8186134 0.9570183 1.0833103 2.1402076 2.2944405 2.7726988 2.5650229 3.2332462 2.3849897 2.0247479 2.4585728 2.4509373 2.1904755 2.8484528 2.7804246 3.0990807 3.4504061 2.7408078 3.3532306 2.4701507 2.7623832 2.4407429 2.4013000 2.3212236 0.3052097 2.8960006 4.7911499 5.0591265 2.9818748 2.5531364 3.1358673 3.8624878 3.4253479 2.7891921 3.2140544 2.8963405 3.1045529 3.1040060 1.2628606 2.2971021 2.8451886 2.4853863 2.7232567 2.4945282 2.4701507 2.4407429 3.5001946 2.5224474 8.9999990 4.3884016 
VI_XM_024688730.1__XP_024544498.1                                                                                4.9778201 5.5778442 5.4514732 2.4709070 4.3453433 3.8810303 3.5459702 2.6405142 2.9119868 3.3120665 3.6268109 3.7430465 5.0727035 3.4919340 3.9510684 4.7496176 4.1022920 2.3426316 1.3183418 0.8919348 0.6471147 0.0000000 0.7810321 0.1526313 0.1184685 0.8150630 0.8923657 1.0203205 2.1867378 2.1657263 2.5973422 2.4285650 3.1167506 2.4418539 2.1378099 2.3649459 2.6861314 1.9230088 2.7842931 2.4208681 2.9008388 2.8855105 2.5516445 2.8350891 2.1827372 2.7322905 2.2110527 1.8515143 2.6466801 0.2064538 2.6611477 3.7013291 4.3191198 2.8184270 2.2048316 2.9842360 3.1692499 3.3499494 2.8472184 3.0651372 3.0274843 2.9377595 2.6896151 0.9479921 1.9742447 2.3124184 2.1788190 2.4337447 1.9746982 2.1827372 2.2110527 2.9741333 2.2734981 8.9999984 3.5707414 
VI_XM_024688389.1_XP_024524157.1_transcription_repressor_MYB4__Selaginella_moellendorffii_                       5.6413940 5.2187297 5.2211649 2.3263186 3.7506067 3.7417422 3.4693800 2.6081653 3.5982212 3.2625702 3.4497465 3.8296443 4.2586966 3.0258127 3.4661925 3.6013204 3.3410818 2.2233183 1.3001412 0.9540982 0.8810303 0.7810321 0.0000000 0.2605796 0.2222384 1.1771730 1.0244353 1.1710394 2.1878985 2.0532060 2.9432671 2.5862526 3.1148705 2.3234458 2.1789640 2.2364994 2.4020492 1.9803069 2.5117549 2.5223545 2.6573185 2.7639085 2.5900793 2.5873557 2.0554318 2.7184631 2.1645380 1.8451079 2.4187134 0.3332461 2.4511307 3.8842628 3.3421787 2.6621661 2.6511556 2.7916275 2.9779964 2.7014999 2.8399243 2.9961491 2.6321278 2.6371552 2.9292125 1.1844920 2.0098622 2.7127443 2.3653673 2.2417783 2.3631965 2.0554318 2.1645380 2.1870289 2.5248967 8.9999980 4.7307570 
VI_Sacu_v1.1_s1503.g028048_Myb_transcription_factor__0.077_                                                      4.3185632 4.0174567 4.6171279 2.1454041 2.6932345 2.2909432 1.8200753 1.6450990 1.8313151 1.8333133 1.8032530 2.0525959 2.5221593 2.3291764 2.3206758 2.1693178 2.1650720 1.1560730 0.7965508 0.7909197 0.2546438 0.1526313 0.2605796 0.0000000 0.0000010 0.3284212 0.2999408 1.0247970 1.0453365 1.1441126 1.1679952 1.2284064 1.3304166 1.1269485 1.1671724 1.1905788 1.2062118 1.1493028 1.6106108 1.3361895 1.5983676 1.8667720 1.5698145 1.4458918 1.2870725 1.3118430 1.2972869 1.2252476 1.1547375 0.0627633 1.3677251 2.1992868 2.3946667 2.0373682 1.7917770 1.9332302 1.9741894 1.9584758 1.4920637 1.7400653 1.9385947 1.9430876 2.1569639 0.5117036 1.1543609 1.3343035 1.2253163 1.7364725 1.2928723 1.2870725 1.2972869 1.6201020 2.1784690 8.9999982 2.1959442 
VI_Sacu_v1.1_s0147.g023157_Myb_transcription_factor__0.077_                                                      4.4185918 4.0847722 4.7441064 2.0118520 2.5447134 2.1540811 1.7845669 1.5456271 1.8404845 1.7196031 1.6622206 2.0153801 2.4031426 2.2609601 2.1935445 2.0240993 2.1753166 1.0827601 0.7355712 0.7305382 0.2397628 0.1184685 0.2222384 0.0000010 0.0000000 0.2597075 0.2795078 1.0503433 1.0708495 1.0629747 1.1465279 1.2095175 1.2912120 1.1423356 1.1329378 1.2301368 1.1991325 1.1333840 1.6488796 1.3395021 1.6735850 1.8767908 1.5519575 1.4268683 1.2418996 1.3464880 1.2547076 1.2308208 1.1266002 0.0507802 1.3361436 2.0864562 2.3856163 1.8439999 1.7028546 1.8317359 1.8921732 1.7061194 1.4170269 1.6702712 1.8632878 1.8750683 2.0974026 0.5006758 1.1611681 1.3337609 1.1823368 1.7476852 1.2652918 1.2418996 1.2547076 1.5725172 1.9603959 8.9999987 2.1505656 
VI_MA_130648p0010_437_residues__                                                                                 6.1235116 5.7785860 6.1415451 3.1465045 4.2630620 4.3904695 3.5989229 2.9162122 3.4438901 3.9737481 3.1302535 3.8185789 4.7065475 3.9448234 3.8030397 4.1304547 3.9248940 2.9462464 1.0672362 0.8635904 0.8186134 0.8150630 1.1771730 0.3284212 0.2597075 0.0000000 0.9061303 1.1642458 2.4427007 2.7203489 3.0736952 2.7393156 3.5173822 2.7965628 2.3847387 2.6374136 2.9215433 2.4131797 3.0366306 2.5494509 3.2534615 3.8533500 2.6453510 3.2340842 2.7639289 2.8685500 2.6443448 2.3673190 2.2690773 0.3513243 2.3974118 4.4818146 5.0433518 3.1378103 2.6635522 2.9620271 3.3619117 3.1026069 2.1959266 2.5338053 2.8324621 3.1357126 2.8956274 1.3861058 2.3441191 2.5969323 2.5632892 2.6320734 2.5823262 2.7639289 2.6443448 2.7561276 2.7710020 8.9999983 3.5625937 
VI_AmTr_v1.0_scaffold00111.43_locus_evm_27.TU.AmTr_v1.0_scaffold00111.43                                         4.8158477 4.7022530 5.9071074 2.6630693 3.7485683 3.5200779 3.3705341 2.5062596 2.5636601 2.8124600 2.8295306 2.7459050 4.0572785 3.1956731 3.1327661 4.4048316 3.1553982 1.8257109 0.7705821 0.7676827 0.9570183 0.8923657 1.0244353 0.2999408 0.2795078 0.9061303 0.0000000 0.9512114 1.9430115 1.8101023 2.2542689 1.7263463 2.3649108 1.8126928 1.7377506 2.2292688 1.9682062 1.6941072 2.0466452 1.9995935 2.4849203 2.4869938 2.3868086 2.6154958 1.8155870 2.1638832 2.0464475 1.6686052 2.0262148 0.3924324 1.9641558 3.3066217 3.5534802 2.5239609 2.8998349 2.7119814 3.0160049 2.7005817 2.0302510 2.2568065 2.6885669 2.6665275 2.3274480 0.9059784 1.5043598 2.1719811 1.5344098 1.6129101 1.9562882 1.8155870 2.0464475 2.3614544 2.4119289 8.9999981 2.8690199 
VII_HAOX-0009745                                                                                                 3.6318580 3.5633873 3.5368104 1.7787411 2.2434744 2.0915369 1.8947264 1.5108173 1.9287035 1.6018660 1.7528336 2.0514863 2.6519965 2.5492722 2.4382298 2.1473216 2.3941352 1.7086613 1.2127166 1.1766203 1.0833103 1.0203205 1.1710394 1.0247970 1.0503433 1.1642458 0.9512114 0.0000000 0.5994849 0.5904897 0.9745525 0.7385056 0.9867650 0.5134996 0.5523906 0.8223404 0.5686085 0.5613529 0.9275971 1.0357865 1.3113298 1.1785510 1.2483382 1.0116862 0.7543809 1.0430162 0.8819005 1.1880194 1.2861712 1.0023348 0.9964785 1.9636262 2.0167444 1.9036607 1.5868408 2.0841547 1.8746773 1.7348930 1.9007798 1.7543390 2.4506473 2.0710611 2.2668894 1.0933303 0.5491004 0.8525814 0.6890557 1.1834263 1.2259532 0.7543809 0.8819005 1.1886092 2.2589323 8.9999990 1.9290867 
VII_Mp3g05910.1                                                                                                  4.1171887 4.2794465 4.4667243 1.8455264 3.6930175 4.4145732 3.1115658 2.3318247 3.5707349 2.7533625 3.3250583 3.1426519 4.3726345 3.9901363 3.7631032 4.0264257 3.9097288 3.1578958 1.6913983 1.2784501 2.1402076 2.1867378 2.1878985 1.0453365 1.0708495 2.4427007 1.9430115 0.5994849 0.0000000 1.1021080 1.7641034 1.3818721 1.6542867 0.7699379 0.8032085 0.9197295 1.0274604 0.9485843 1.6978882 1.9952478 2.3410203 2.5036682 2.2352697 2.7012377 1.0899802 1.8798711 1.4059991 1.8063121 2.0299080 1.1070570 2.0914599 3.6304831 4.0488061 2.9696041 2.0380216 3.0558002 2.4134309 3.0384499 2.4809497 2.9452824 3.0844166 2.9713031 2.8222148 2.2031973 1.1080160 1.5813101 0.9314226 1.8371148 1.8880700 1.0899802 1.4059991 2.1733463 2.4465292 8.8060408 2.7006817 
VII_ENA_MN199011_MN199011.1_Selaginella_moellendorffii                                                           4.6838913 4.8935533 4.9029221 2.2366400 3.5186014 3.8420527 3.0687175 2.1634121 3.6847434 3.2659212 3.5172671 3.3027789 4.4634355 3.3466258 3.2291530 3.2208482 3.1695747 3.4440397 1.7427935 1.2554100 2.2944405 2.1657263 2.0532060 1.1441126 1.0629747 2.7203489 1.8101023 0.5904897 1.1021080 0.0000000 1.7194628 1.5897161 1.8595908 1.2786614 1.2153891 1.1385895 1.2141673 1.0640130 1.5543366 1.4327343 1.9198059 2.2471544 2.0614065 2.1044559 1.2663952 1.7182307 1.7696353 1.5842484 2.3947031 1.1389100 2.0890302 3.2994126 3.8491855 2.7855265 2.0158937 2.9935801 2.7740532 2.9690484 2.6193474 2.4599636 3.2420036 3.0183172 2.6984338 2.0946119 0.9517143 1.3020547 1.2476286 1.6643822 1.6567544 1.2663952 1.7696353 2.0349157 2.8317738 8.9999990 3.7579609 
VII_Sacu_v1.1_s0002.g001222_Myb_transcription_factor__0.077_                                                     5.0348685 5.4538632 5.2867377 2.7054990 5.3536742 4.4432995 3.2506237 2.6416213 3.7300505 3.8819848 3.6061883 3.5932168 4.4230003 3.6605504 4.1933643 3.8907867 4.4477013 3.5705431 1.7967175 1.3367114 2.7726988 2.5973422 2.9432671 1.1679952 1.1465279 3.0736952 2.2542689 0.9745525 1.7641034 1.7194628 0.0000000 1.2416292 1.7381112 1.7739851 1.7672608 1.7458022 2.0611332 1.7940481 1.9982641 2.2996943 2.6829872 2.7513332 2.6330154 2.9919017 1.2677499 2.5139643 1.3400612 2.4557750 2.5843014 1.2809908 2.4955372 4.0676480 4.6303969 3.3292483 2.9777943 3.6173720 3.4827793 3.4090816 3.1722138 3.8006647 3.7070122 3.2621243 3.1465244 2.3906772 1.7543712 2.1739031 1.7950159 2.3038887 2.1533195 1.2677499 1.3400612 2.5537341 2.6762134 8.5381379 3.3396494 
VII_Sacu_v1.1_s0041.g012546_Myb_transcription_factor__0.077_                                                     4.4842422 4.7547199 5.3012787 2.1001431 3.9207606 3.6665435 3.8386721 2.6923695 3.6211486 4.1280277 3.5325916 3.5082446 4.7767493 3.9630302 4.0369017 4.3320388 4.4847856 3.2939649 1.5116759 1.1680723 2.5650229 2.4285650 2.5862526 1.2284064 1.2095175 2.7393156 1.7263463 0.7385056 1.3818721 1.5897161 1.2416292 0.0000000 1.5431759 1.4258872 1.4172492 1.6224852 1.7706593 1.3741935 2.0530515 2.0142130 2.5533189 2.5049206 2.6277896 2.6864831 0.7268441 2.1602017 1.0395936 1.7434525 2.0612897 1.1991400 2.0885247 4.0746424 4.2449364 2.6252151 1.9917854 2.9550333 2.4834788 3.2853278 2.8332835 3.5501254 3.3139381 3.1949331 2.7500175 2.0227721 1.3853070 2.0363267 1.4476274 2.1865379 2.2928376 0.7268441 1.0395936 2.3834123 2.9703393 7.3604511 3.6613403 
VII_Sacu_v1.1_s0272.g027033_Myb_transcription_factor__0.077_                                                     4.2272766 4.7506391 5.7531869 2.0437678 3.6474949 4.2319474 3.5626651 2.6161426 3.6981701 3.6871935 4.0033359 3.4768989 3.9600520 3.6778074 3.1531378 4.2549409 4.4053244 3.2620629 1.7388956 1.3046267 3.2332462 3.1167506 3.1148705 1.3304166 1.2912120 3.5173822 2.3649108 0.9867650 1.6542867 1.8595908 1.7381112 1.5431759 0.0000000 1.9339831 1.9051817 1.9081552 2.1482090 1.5203974 1.8990926 2.2132928 2.8433101 2.8450613 3.1858325 2.9510644 1.2158776 2.6626500 1.2538346 1.8984513 2.4988868 1.3906571 2.2893998 4.3981811 4.2930745 2.7587913 2.3020625 2.9321740 2.8877481 2.9809402 2.4289618 2.9627364 3.0304477 3.0154390 2.5413770 2.5024077 1.6775821 1.9983253 1.8664048 2.2002323 2.0139549 1.2158776 1.2538346 2.4558162 2.3731549 8.4506472 3.4478567 
VII_MA_96853p0010_582_residues__                                                                                 4.0682553 4.2695683 4.3425783 2.1807077 3.5007291 4.5248457 3.5400211 2.6329353 3.6023928 3.5511376 3.6400828 3.2921442 4.0881587 4.0359885 3.2445935 3.8200426 3.3786306 3.1609547 1.7546321 1.4453857 2.3849897 2.4418539 2.3234458 1.1269485 1.1423356 2.7965628 1.8126928 0.5134996 0.7699379 1.2786614 1.7739851 1.4258872 1.9339831 0.0000000 0.5765334 1.2582639 0.9641954 0.7669714 1.7593440 2.0777625 2.4728696 2.5433575 2.6594594 2.6795908 1.2560128 2.2763293 1.4200430 2.2666890 2.0816261 1.1757150 2.4544615 3.7547313 3.8488297 2.7031819 2.1151031 2.9121633 3.2987149 3.0914231 2.5394436 2.9507340 2.9197327 2.7633679 2.7161150 2.0736374 0.9309072 1.7566530 0.9839078 1.8671263 2.3321825 1.2560128 1.4200430 2.2836347 2.2943514 7.9689392 2.8451347 
VII_MA_10208000p0010_602_residues__                                                                              4.3845761 4.6920909 4.6753958 1.9839042 3.3979021 4.0476472 3.0827806 2.6995541 3.5604404 3.1345755 3.3067083 3.0587577 4.4233576 3.5576273 3.3070957 4.1157400 3.2740407 3.0073952 1.7238621 1.3246586 2.0247479 2.1378099 2.1789640 1.1671724 1.1329378 2.3847387 1.7377506 0.5523906 0.8032085 1.2153891 1.7672608 1.4172492 1.9051817 0.5765334 0.0000000 1.1244187 0.7099981 0.7581419 1.7120770 1.9304552 2.5768313 2.2253731 2.1891084 2.3404715 1.2194321 2.2217544 1.3991203 2.0161537 2.1237896 1.2418684 2.0466893 3.7475993 4.0056753 2.7588125 2.2032479 2.9724450 2.7506583 2.8851753 2.4415411 2.7895539 2.8762945 2.6314218 2.3656546 1.8880133 0.9055983 1.8308122 0.8736837 2.0201260 2.2680800 1.2194321 1.3991203 2.1816737 2.3936198 5.3673981 3.0053107 
VII_MA_20462p0010_470_residues__                                                                                 4.0988949 5.3043352 4.8272945 2.2217725 3.4628108 3.8488599 3.7876996 2.4050931 2.9062065 3.0979220 2.9546862 3.1149180 4.5575289 3.6965042 3.6096155 4.0163012 3.3395554 3.4542940 1.4821296 1.3201162 2.4585728 2.3649459 2.2364994 1.1905788 1.2301368 2.6374136 2.2292688 0.8223404 0.9197295 1.1385895 1.7458022 1.6224852 1.9081552 1.2582639 1.1244187 0.0000000 1.3599492 1.1855265 1.7914163 1.9777869 2.6169837 2.5588828 2.6465146 2.4111216 1.3130049 2.3049418 1.5673523 2.0776071 1.9392630 1.3646893 2.1917278 3.7188541 3.9633181 2.4108747 2.2365410 2.6587626 2.4630370 2.9841445 2.4989706 2.9306259 3.2262303 2.9775695 2.3372840 2.3149925 1.1898379 1.5289351 1.2829154 1.8234750 1.7695981 1.3130049 1.5673523 2.1736022 2.8479411 8.9930837 3.0264446 
VII_AmTr_v1.0_scaffold00038.91                                                                                   4.6295293 5.2207661 4.9120283 2.2388896 4.1277487 3.9238373 3.4268984 2.4064836 3.6069362 3.4539815 3.7623885 3.3157323 4.3462319 3.3747975 3.6741364 3.8636540 3.1681513 3.5915376 1.5314223 1.4046709 2.4509373 2.6861314 2.4020492 1.2062118 1.1991325 2.9215433 1.9682062 0.5686085 1.0274604 1.2141673 2.0611332 1.7706593 2.1482090 0.9641954 0.7099981 1.3599492 0.0000000 0.9956252 1.9239588 2.0549911 2.6599696 2.7502774 2.6731135 3.0388306 1.2943703 2.5988257 1.7844443 2.2015625 2.2294213 1.2987802 2.5371655 3.6819970 4.3997824 2.5602570 2.3048363 3.0588977 3.2429303 3.2312310 2.8088101 3.6077773 3.5277710 3.0085552 2.6906189 2.3017136 1.1670285 1.8633260 1.0096145 2.0497810 2.4715022 1.2943703 1.7844443 2.2928691 2.5132566 6.8637552 3.3096427 
VII_AmTr_v1.0_scaffold00037.85                                                                                   4.8883369 5.2123566 4.6891102 2.1251503 3.0043458 3.5329239 2.6722814 2.2625749 2.9975724 2.6036514 2.6334004 2.7814566 4.0327130 3.2783498 3.5528523 3.0839509 3.3476386 3.2707834 1.5339698 1.3328191 2.1904755 1.9230088 1.9803069 1.1493028 1.1333840 2.4131797 1.6941072 0.5613529 0.9485843 1.0640130 1.7940481 1.3741935 1.5203974 0.7669714 0.7581419 1.1855265 0.9956252 0.0000000 1.5576079 1.8329017 2.3070721 2.1889606 2.3319316 2.1961263 1.2084807 2.0446470 1.5899640 2.0553238 1.8162165 1.1618307 2.0224040 2.8169252 3.2750418 2.2035468 2.2360963 2.4924721 2.2784626 3.0984553 2.3661553 3.0431582 2.6300492 3.1874824 2.5253734 1.7049360 0.7833875 1.5897575 1.0477710 1.7381422 1.8265812 1.2084807 1.5899640 2.1107839 2.3296874 7.2544344 3.1754208 
VIII_MN199016_QIN53292.1_R2R3-MYB_transcription_factor__Selaginella_moellendorffii_                              5.6861939 5.2983343 5.1859848 2.0804281 2.9118502 2.9527160 3.0961848 2.4429911 3.1358848 3.3375783 3.5728215 3.4328895 3.9207025 3.2257299 2.6739056 3.4293124 3.3194306 2.5807558 1.9062198 1.4582786 2.8484528 2.7842931 2.5117549 1.6106108 1.6488796 3.0366306 2.0466452 0.9275971 1.6978882 1.5543366 1.9982641 2.0530515 1.8990926 1.7593440 1.7120770 1.7914163 1.9239588 1.5576079 0.0000000 1.0517261 1.6740000 1.5485320 1.4769354 1.2390708 1.7288243 1.2403017 1.9519645 1.9488691 1.3327187 1.6864679 1.1655536 3.2233499 2.8876648 2.5927843 2.2991057 2.9370229 2.8434901 3.0800802 2.4773342 2.5268267 2.8507988 3.2468279 2.5953114 2.2886313 1.4535826 2.0016454 1.5631452 1.1548978 1.4778579 1.7288243 1.9519645 1.0954948 2.5592794 7.3454731 2.0845009 
VIII_XM_024668296.1_XP_024524064.1_transcription_factor_MYB26__Selaginella_moellendorffii_                       4.5282050 4.7369214 4.6814500 2.1931048 3.2079673 3.1439950 3.3493949 2.7531109 3.2179554 2.7513288 2.9697096 3.1544243 3.8690380 2.9123339 3.0881388 2.9978436 2.8970986 2.8871020 1.6037824 1.2423667 2.7804246 2.4208681 2.5223545 1.3361895 1.3395021 2.5494509 1.9995935 1.0357865 1.9952478 1.4327343 2.2996943 2.0142130 2.2132928 2.0777625 1.9304552 1.9777869 2.0549911 1.8329017 1.0517261 0.0000000 1.6140695 1.5210975 1.7028450 1.7595324 1.7560832 1.3582644 2.3347030 1.4892998 1.1600229 1.4297380 1.2457824 2.9632701 3.2004336 2.2438196 2.1948682 2.9935632 2.5495448 3.3451755 2.3276393 2.9208033 2.4544479 2.7894492 2.2110058 2.1347748 2.0529695 1.9697613 1.5943620 1.1849325 1.5714177 1.7560832 2.3347030 1.1548670 2.1648755 5.9815432 1.7181052 
VIII_Mapoly0073s0038_PTQ35164.1_hypothetical_protein_MARPO_0073s0038__Marchantia_polymorpha_                     4.9467006 5.3580241 5.4831829 2.2123241 4.0309794 3.7089714 3.5606201 2.6567015 3.2128405 3.6912692 3.6330445 3.5234055 4.1772997 3.0483876 3.7639160 3.9366649 3.5488987 3.6004343 2.0469481 1.4414516 3.0990807 2.9008388 2.6573185 1.5983676 1.6735850 3.2534615 2.4849203 1.3113298 2.3410203 1.9198059 2.6829872 2.5533189 2.8433101 2.4728696 2.5768313 2.6169837 2.6599696 2.3070721 1.6740000 1.6140695 0.0000000 1.5068051 1.5657185 1.8328301 2.2012095 1.8537648 2.7099054 1.8741385 1.9777184 1.7221105 1.5191218 3.6425779 3.5963830 2.8031198 2.7769164 3.6805511 3.4732176 3.3124984 2.5615900 3.2155406 3.1060215 3.2913554 2.8862525 2.8659033 2.2017183 2.5042865 2.5244184 1.4246470 1.6391999 2.2012095 2.7099054 1.4760565 2.7682096 6.8532540 3.0112096 
VIII_Mapoly0006s0226_PTQ48220.1_hypothetical_protein_MARPO_0006s0226__Marchantia_polymorpha_                     5.5077315 5.7274938 5.7959938 2.4633101 4.3363090 4.0761966 3.4619303 2.6121830 3.5588227 3.3353368 3.7413376 3.8361415 3.7406765 4.0737969 3.4218505 3.6614519 3.8606042 3.3324584 2.0850555 1.5238834 3.4504061 2.8855105 2.7639085 1.8667720 1.8767908 3.8533500 2.4869938 1.1785510 2.5036682 2.2471544 2.7513332 2.5049206 2.8450613 2.5433575 2.2253731 2.5588828 2.7502774 2.1889606 1.5485320 1.5210975 1.5068051 0.0000000 1.5481541 1.3975056 2.2571015 1.8213482 2.8662206 2.5029610 1.8048484 1.8705094 1.4824104 3.3494040 3.3567254 2.7457364 2.4586887 3.5120967 2.9730578 3.8873431 2.3983935 2.8461737 2.9048427 3.4420827 2.6773139 2.8006212 2.1178530 2.7612954 2.3105664 1.3757060 1.9872680 2.2571015 2.8662206 1.0965862 2.6725890 7.1425598 3.2002200 
VIII_XM_024680104.1_XP_024535872.1_transcription_factor_MYB8-like__Selaginella_moellendorffii_                   4.4970320 5.0058002 4.9211745 2.5694300 3.7890060 3.6194872 3.2775276 2.6572451 3.1214869 3.5283591 3.6042355 3.3916957 3.8054284 3.2657352 3.0419065 3.2940801 3.2420086 3.0833095 2.1676999 1.6410367 2.7408078 2.5516445 2.5900793 1.5698145 1.5519575 2.6453510 2.3868086 1.2483382 2.2352697 2.0614065 2.6330154 2.6277896 3.1858325 2.6594594 2.1891084 2.6465146 2.6731135 2.3319316 1.4769354 1.7028450 1.5657185 1.5481541 0.0000000 1.4070217 2.3482786 1.6520542 2.3543386 1.9718521 1.9178671 1.7071258 1.4005770 4.1144681 3.9970636 3.2094531 3.0604650 3.4214146 3.2904941 3.2080399 2.5482201 2.7098132 3.2866867 3.0759337 2.3903787 2.6750473 2.5233631 2.1359113 2.4559474 1.8244820 1.7446004 2.3482786 2.3543386 1.3874560 2.5342817 7.3295044 2.6510659 
VIII_MN199020_QIN53296.1_R2R3-MYB_transcription_factor__Selaginella_moellendorffii_                              4.5721488 5.6537422 5.2517304 2.4153430 3.1679160 4.2922485 2.8323175 2.7024115 3.1337786 3.2500078 3.3364174 3.3528498 4.6308175 3.3401377 3.2474330 3.7793692 3.3800183 3.9286498 2.2164871 1.5827933 3.3532306 2.8350891 2.5873557 1.4458918 1.4268683 3.2340842 2.6154958 1.0116862 2.7012377 2.1044559 2.9919017 2.6864831 2.9510644 2.6795908 2.3404715 2.4111216 3.0388306 2.1961263 1.2390708 1.7595324 1.8328301 1.3975056 1.4070217 0.0000000 2.5097660 1.7762680 2.5707263 2.1309020 1.8129631 1.6250175 1.5201899 3.5261668 3.4944551 2.6124301 2.2491758 3.0443938 3.5802164 3.3461418 2.9154894 2.8139832 2.9204925 3.1166484 2.2493506 2.7930376 2.1762406 2.4313119 2.3423702 1.5847944 1.6566278 2.5097660 2.5707263 1.1271712 2.2116575 5.5604968 2.8942515 
Azfi_s0004.g008455                                                                                               4.7565649 4.9905831 5.2799316 2.0777964 3.1574293 3.8740623 2.9242773 2.5044311 3.1278291 3.0636093 2.9684158 2.8618651 3.6682945 3.5533472 3.2569567 3.0945096 3.3134377 2.6468805 1.5521348 1.2132137 2.4701507 2.1827372 2.0554318 1.2870725 1.2418996 2.7639289 1.8155870 0.7543809 1.0899802 1.2663952 1.2677499 0.7268441 1.2158776 1.2560128 1.2194321 1.3130049 1.2943703 1.2084807 1.7288243 1.7560832 2.2012095 2.2571015 2.3482786 2.5097660 0.0000000 1.9815557 0.9971697 2.0328455 1.9765147 1.2457606 1.9980926 3.4849989 3.8132533 2.2583295 2.1264600 2.5946472 2.4558002 3.1653482 2.1573488 2.3940380 2.7526528 2.7297183 2.6964271 1.8996002 1.3210579 1.7941996 1.4366625 1.9345170 1.9861811 0.0000010 0.9971697 2.1068737 2.7394813 6.9059382 3.4039465 
Azfi_s0014.g013584                                                                                               5.7365995 5.2876687 5.2743884 2.1955226 3.2688916 3.3107347 3.2270101 2.3547371 3.5324550 2.8671835 3.2441652 3.1916017 3.9959732 3.0164534 2.6477876 3.7116452 2.8263092 2.6823490 1.7452302 1.4367133 2.7623832 2.7322905 2.7184631 1.3118430 1.3464880 2.8685500 2.1638832 1.0430162 1.8798711 1.7182307 2.5139643 2.1602017 2.6626500 2.2763293 2.2217544 2.3049418 2.5988257 2.0446470 1.2403017 1.3582644 1.8537648 1.8213482 1.6520542 1.7762680 1.9815557 0.0000000 2.2319811 2.0310460 1.6659153 1.5644801 1.5303457 3.4462185 3.8532604 2.6135336 2.6385754 3.3591665 3.0392479 3.2045638 2.2952056 2.6325634 2.5416251 2.9857988 2.3473062 2.2033657 2.1369476 2.3840432 2.2533395 1.3773368 1.3996873 1.9815557 2.2319811 1.5003537 2.4031658 8.9999988 2.9661714 
