58
CDC5_XM_024677933.1_XP_024533701.1_transcription_factor_MYB61-like__Selaginella_moellendorffii_     0.0000000 2.4995573 2.4606388 2.4974632 1.5878334 1.9659772 1.8710670 1.6516752 1.7474724 1.4841591 1.7161031 1.6428699 1.7520723 1.8400352 1.7525600 1.6985595 1.5176328 1.7858305 1.6989585 1.0994673 0.9939947 1.3327556 1.2830282 1.4307173 1.1190458 1.0424973 1.2601508 1.3665653 1.0290777 1.3024486 1.2333020 1.4726566 1.2550347 1.4368055 1.3572536 1.2376339 1.3183922 1.2992956 1.1796200 1.0005205 0.9743152 1.2499719 1.2227580 1.2108956 1.2354943 2.1506672 2.1755283 1.1860507 0.9373359 1.4103222 0.7611617 1.1030144 1.0507018 1.1606341 2.1161679 2.1982225 1.7000586 1.1789707 
CDC5_XM_024686040.1_XP_024541808.1_cell_division_cycle_5-like_protein                               2.4995573 0.0000000 0.0310264 0.2366761 2.3022850 3.3513073 3.9291137 3.7002061 3.7303189 3.2211734 3.1177681 3.3167963 3.7674320 3.4983867 2.9589163 3.3544645 2.9424926 3.2493182 4.0439741 2.3783504 2.2997059 3.8113758 2.7610835 3.2595255 2.6977137 2.8757734 3.6184239 3.8647388 2.7934709 3.0920872 3.3106385 2.7436709 3.5496059 3.1933456 3.4168588 3.4060174 4.2117630 3.4912735 3.3603271 3.4809204 3.4393549 4.2587948 3.8712984 3.1405663 3.9464831 3.4925474 3.7186784 3.8484335 3.2053669 3.6044974 3.0101986 3.4320980 2.6993652 3.7762169 3.3382131 3.0367550 2.3169907 3.4550559 
CDC5_XM_002981114.2_XP_002981160.1_cell_division_cycle_5-like_protein__Selaginella_moellendorffii_  2.4606388 0.0310264 0.0000000 0.2787514 2.2824638 3.6527754 3.9598410 4.1074681 3.9885831 3.5612766 3.3668285 3.6407486 3.9556062 3.9272066 2.8899803 3.6909275 3.1998418 3.3436795 4.3453125 2.2400637 2.1525400 3.8015208 2.8899935 3.0863185 2.6787970 2.8453014 3.5564377 4.2099213 2.7102054 3.3025757 3.6902667 3.0507764 4.0083156 3.4498396 3.7592564 3.5686619 4.5490388 3.7117577 3.8159164 3.6065821 3.5581255 4.2849294 4.0190937 3.3316719 3.9548017 3.6768262 3.6979844 3.9535202 3.2421559 4.0129363 3.4878102 3.7503115 2.6823931 4.0754276 3.3728018 3.1719856 2.2914252 3.7506962 
CDC5_Mapoly0014s0195_PTQ45693.1_hypothetical_protein_MARPO_0014s0195__Marchantia_polymorpha_        2.4974632 0.2366761 0.2787514 0.0000000 2.1503236 3.8210975 3.9006972 4.0806748 3.7411515 3.1720973 3.4853570 3.4070970 4.1439221 3.7572744 3.0418465 3.5080319 3.3169047 3.0887129 4.5898281 2.2400637 2.1525400 3.7112778 3.1436647 3.1073366 2.6291163 2.7878164 3.6794069 3.7634095 2.6142347 3.3732082 3.6513453 3.1088623 3.9370378 3.7015171 3.8932584 3.6453873 4.6037161 4.2098064 3.9016418 3.5811474 3.6605956 4.6521611 4.0947916 3.2544183 3.4929122 3.6270478 4.0615161 4.1082261 3.3284777 4.2176363 3.2507060 3.9886874 2.5890509 3.8589821 3.5668405 3.1626141 2.1118541 3.8846115 
I_Mapoly0085s0092_PTQ33890.1_hypothetical_protein_MARPO_0085s0092__Marchantia_polymorpha_           1.5878334 2.3022850 2.2824638 2.1503236 0.0000000 1.3710376 1.3952856 1.4167357 1.4599029 1.6306662 1.4268252 1.5810395 1.5708070 1.7695733 1.6777878 1.3048723 1.5740399 1.7222950 2.2375225 1.4627095 1.2701377 1.9241437 1.6164467 1.8382439 1.5195123 1.3055830 1.7767710 1.8552824 1.3966599 1.4857394 1.8385536 1.9133457 1.7987866 1.7137717 1.8577453 1.6530114 1.6524333 1.8770134 1.5153792 1.5030427 1.6376246 1.8663681 1.9319196 1.7792648 1.8672882 2.1822338 2.0649075 1.8384672 1.6854435 1.7905254 1.7478932 1.7799526 1.5237676 1.9993722 1.5125388 1.5632523 1.1789225 1.6931213 
II_Mapoly0001s0061_PTQ49997.1_hypothetical_protein_MARPO_0001s0061__Marchantia_polymorpha_          1.9659772 3.3513073 3.6527754 3.8210975 1.3710376 0.0000000 1.5820605 2.6364304 2.1840482 2.1827047 2.3385942 2.1638856 2.3922762 2.6937646 1.8877170 2.1518010 2.3082765 2.1255125 3.4059670 1.4505038 1.2272899 2.6092819 2.9176635 2.5310563 1.5230513 1.4375776 2.7560224 2.5821904 1.6281438 2.7894685 3.1488331 2.9959368 3.2615396 2.7954133 2.4317294 2.5333507 3.1164145 3.1641640 2.4443825 2.4518481 2.6629603 2.9690352 2.9350407 2.3148936 2.6856963 3.6914841 3.6592061 2.8796872 2.6448676 2.4958009 2.4370112 2.5605418 1.6380006 3.4357764 2.2843333 2.4172972 1.3624176 3.1014518 
III_XM_002991980.2_XP_002992026.2_myb-related_protein_B__Selaginella_moellendorffii_                1.8710670 3.9291137 3.9598410 3.9006972 1.3952856 1.5820605 0.0000000 2.2541910 2.1679262 2.5233829 2.2486295 1.9345765 2.4110486 2.5139543 2.2939655 2.1569079 2.3173178 1.9460329 2.9353175 1.3268863 1.1903057 2.1472275 1.9737591 2.4286915 1.4440782 1.2949964 2.5213339 2.5768403 1.4629236 3.0210403 2.5788993 2.7918152 3.3895799 2.9740737 2.9210024 2.9236364 2.8974232 3.3543915 2.5124683 2.2931766 2.5948600 2.8942549 2.9134135 2.4374360 2.7473869 3.3498668 3.6174346 3.4046464 2.5262634 3.0285689 1.8525640 2.5393204 1.5552887 3.0340260 2.0072556 2.4261575 1.2339516 2.9123324 
III_Mapoly0007s0271_PTQ47916.1_hypothetical_protein_MARPO_0007s0271__Marchantia_polymorpha_         1.6516752 3.7002061 4.1074681 4.0806748 1.4167357 2.6364304 2.2541910 0.0000000 1.0534301 1.3901965 1.1875426 1.0775787 1.4237026 2.0094171 1.8697271 2.0362427 2.1450856 2.2279259 3.1643241 1.5072295 1.2171189 2.5501342 2.1262191 2.5739608 1.3547456 1.3558646 2.5405565 2.2514089 1.4124273 2.5624581 2.7111722 2.6030735 3.2283549 2.4945656 2.8474026 2.5441880 2.6781851 2.7016229 2.3850846 2.3639834 2.7303725 2.6930166 2.9403479 2.4706832 2.3230183 3.3138448 4.0932920 2.4752843 2.8016661 2.5487517 2.1882572 3.3001020 1.4718510 3.4007145 2.2099292 2.8386328 1.4603234 2.4534854 
III_XM_002971992.2_XP_002972038.2_transcription_factor_MYB1__Selaginella_moellendorffii_            1.7474724 3.7303189 3.9885831 3.7411515 1.4599029 2.1840482 2.1679262 1.0534301 0.0000000 1.2657795 1.3151391 1.3769577 1.5354972 1.9593088 1.8700195 1.7855318 2.0173070 2.0455585 2.8059922 1.3191089 1.1238449 2.0532146 1.7582610 2.0658327 1.3327959 1.2056394 1.9945451 2.1226096 1.3598449 2.3723808 2.3403791 2.3530116 2.5026349 2.0940153 2.6320615 2.5470810 2.5004846 2.8399680 2.0624114 2.0566208 2.4204717 2.5035875 2.5694661 2.0994035 2.2883256 3.0429072 3.0031957 2.2576198 2.2726231 2.1732826 1.8145137 2.4702502 1.4241124 3.0704076 1.9683109 2.1543777 1.4215742 2.5956681 
IV_MN199005_QIN53281.1_R2R3-MYB_transcription_factor__Selaginella_moellendorffii_                   1.4841591 3.2211734 3.5612766 3.1720973 1.6306662 2.1827047 2.5233829 1.3901965 1.2657795 0.0000000 0.7131259 0.7845163 0.8958265 2.1209367 1.6178626 1.6905455 1.7785528 1.9050497 2.3979576 1.1835461 1.1141281 2.1343655 1.9912385 2.0461319 1.4241961 1.3770793 1.9663897 1.8569456 1.4540235 2.3487950 2.6023558 2.4574808 2.5668691 2.2334695 2.4827036 2.3094593 2.4098279 2.4475813 2.5109151 1.9271990 2.4351535 2.5492758 2.6093089 2.0327971 2.1229061 3.1665592 3.1127417 2.2580418 2.0576715 2.3559014 1.9801493 2.3907004 1.6085956 2.4881625 1.9267419 2.0229812 1.4956001 2.2117888 
IV_MN199007_QIN53283.1_R2R3-MYB_transcription_factor__Selaginella_moellendorffii_                   1.7161031 3.1177681 3.3668285 3.4853570 1.4268252 2.3385942 2.2486295 1.1875426 1.3151391 0.7131259 0.0000000 0.7371736 0.8187032 2.4974972 1.5512448 1.8981026 2.0396123 2.2341374 2.6864168 1.3547116 1.1797446 2.6496795 2.2196767 2.2986772 1.2844343 1.2179187 2.2896293 2.3547278 1.2110420 2.3016228 2.4064232 2.5065301 2.5284936 2.1672268 2.2455664 2.2043204 2.4267087 2.6229353 2.4253940 2.1595665 2.2785744 2.4365648 3.0772861 1.9840561 2.2947629 2.9744058 3.6753085 2.1243715 2.0708169 2.2250017 2.0665792 2.6794924 1.4154514 2.8334649 2.0487340 2.4413397 1.4224695 2.6530587 
IV_MN199006_QIN53282.1_R2R3-MYB_transcription_factor__Selaginella_moellendorffii_                   1.6428699 3.3167963 3.6407486 3.4070970 1.5810395 2.1638856 1.9345765 1.0775787 1.3769577 0.7845163 0.7371736 0.0000000 0.8065685 1.8908848 1.5810584 1.6801497 1.9486852 1.7804892 2.4275364 1.4892836 1.1528125 2.3281535 2.0163998 2.2646212 1.4489220 1.3105661 2.1221303 1.8057117 1.2461503 2.3236444 2.1268376 2.1451810 2.3528142 2.2858298 2.1683839 2.0219713 2.3886135 2.3121127 2.4425311 1.9603279 2.3889671 2.2750340 2.7241680 2.1407105 2.0504293 3.2414363 2.8907047 2.2372636 2.3088071 2.2179252 1.9001727 2.8438344 1.4483172 2.4512169 2.1843756 2.3862655 1.4661677 2.0841306 
IV_Mapoly0032s0153_PTQ41991.1_hypothetical_protein_MARPO_0032s0153__Marchantia_polymorpha_          1.7520723 3.7674320 3.9556062 4.1439221 1.5708070 2.3922762 2.4110486 1.4237026 1.5354972 0.8958265 0.8187032 0.8065685 0.0000000 2.2645775 1.9128683 2.0880502 2.1510246 2.3625020 3.0238274 1.5340386 1.1686891 2.4169328 2.0093413 2.8578279 1.4411470 1.3357032 2.6482273 2.5357292 1.3937878 2.5271238 2.4217641 2.8328889 2.9048938 2.8801703 2.6620312 2.4643975 2.6453429 2.5618345 2.4587996 2.4286966 2.4477348 2.5436854 3.5584712 2.4552967 2.5113327 2.8535545 3.1416111 2.4372809 2.6661368 2.8296093 2.2839182 2.9212391 1.5239701 3.1954663 2.0601658 2.5010189 1.4296603 2.6137267 
V_Mapoly0008s0029_PTQ47242.1_hypothetical_protein_MARPO_0008s0029__Marchantia_polymorpha_           1.8400352 3.4983867 3.9272066 3.7572744 1.7695733 2.6937646 2.5139543 2.0094171 1.9593088 2.1209367 2.4974972 1.8908848 2.2645775 0.0000000 1.0152133 1.0021524 1.2783815 1.0199563 3.0322695 1.3959874 1.1523554 2.8524457 2.4353626 2.6803227 1.7850885 1.7587132 3.0018542 2.7347925 1.9098398 2.9747536 3.3236757 3.4489907 3.7076557 2.8882643 3.3747635 3.1123242 3.3989157 3.6132090 2.8348041 2.7272324 2.7076838 3.2592103 3.2633777 2.5976193 2.7036437 3.4896694 3.9264560 3.4906710 2.4574753 3.2322693 2.4045307 3.1594167 1.9218892 3.4273951 2.5477950 2.8349520 1.9570831 3.1301007 
V_XM_002977602.2_XP_002977648.2_uncharacterized_protein_LOC9657152__Selaginella_moellendorffii_     1.7525600 2.9589163 2.8899803 3.0418465 1.6777878 1.8877170 2.2939655 1.8697271 1.8700195 1.6178626 1.5512448 1.5810584 1.9128683 1.0152133 0.0000000 0.8218526 0.9900352 0.9084016 2.5106511 1.3251515 1.1011082 2.4338827 1.8789774 2.0616186 1.5519448 1.3663169 2.3478470 2.1869414 1.5486860 2.6898985 2.7096358 2.3925643 2.7622772 2.6191691 2.6032856 2.6608283 2.3129373 2.6529383 2.3179078 1.9298748 2.3923629 2.3305894 2.6593131 1.9612316 2.2849284 2.5842892 3.1776330 2.4529667 2.0744342 2.5079112 1.9838075 2.4862696 1.5860581 3.2357187 2.3713207 2.5526001 1.6166015 2.9546311 
V_MN199008_QIN53284.1_R2R3-MYB_transcription_factor__Selaginella_moellendorffii_                    1.6985595 3.3544645 3.6909275 3.5080319 1.3048723 2.1518010 2.1569079 2.0362427 1.7855318 1.6905455 1.8981026 1.6801497 2.0880502 1.0021524 0.8218526 0.0000000 1.2263644 0.9119353 2.5293962 1.1655833 1.1053188 2.6494611 2.4346857 2.3436135 1.8224146 1.8444060 2.4144918 2.4994777 1.6926027 2.7750673 2.3596163 2.6133062 3.0264146 2.6000227 2.3806512 2.2966617 2.6530685 2.7055024 2.0211228 2.4485531 2.3958326 3.0174961 2.7629082 2.4173515 2.8144888 2.6701514 2.9938222 2.6585534 2.4907921 2.8581063 2.3136066 2.8654435 1.9377169 3.2980663 2.2689068 2.6332322 1.7444626 2.9206866 
V_MN199009_QIN53285.1_R2R3-MYB_transcription_factor__Selaginella_moellendorffii_                    1.5176328 2.9424926 3.1998418 3.3169047 1.5740399 2.3082765 2.3173178 2.1450856 2.0173070 1.7785528 2.0396123 1.9486852 2.1510246 1.2783815 0.9900352 1.2263644 0.0000000 1.1031946 2.9765394 1.3634365 1.1551521 2.8019669 2.4743160 2.5456437 1.5017634 1.4968851 2.9106219 2.7958022 1.8060731 2.8241165 2.6430074 2.7429176 3.3476704 2.7134069 2.6561144 2.8567852 3.0081911 3.0229297 2.7935125 2.4952781 2.4904413 2.4389355 2.8794228 2.4751341 2.7167703 3.1779661 3.1518835 2.6436973 2.4777199 2.8593841 2.5582454 2.7748007 1.8595445 2.7638188 2.3711913 2.4338158 1.8012676 3.0061055 
V_MN199010_QIN53286.1_R2R3-MYB_transcription_factor__Selaginella_moellendorffii_                    1.7858305 3.2493182 3.3436795 3.0887129 1.7222950 2.1255125 1.9460329 2.2279259 2.0455585 1.9050497 2.2341374 1.7804892 2.3625020 1.0199563 0.9084016 0.9119353 1.1031946 0.0000000 2.6708711 1.4074045 1.1286113 2.4035450 2.2432241 2.1331426 1.4974515 1.4149977 2.6355100 2.4245099 1.7656455 2.8455109 2.8368773 2.5515477 3.0203386 2.7704099 2.8669654 2.8174551 3.2089696 2.7765612 2.9566303 2.2552414 2.4797841 2.8947137 2.9133737 2.4134558 2.5315710 3.2672291 3.6538374 2.7333849 2.3418998 2.8415654 2.1655662 2.7679304 1.5497983 3.2355056 2.4680433 2.7217857 1.6409959 2.9254755 
VI_g8575.t1_length                                                                                  1.6989585 4.0439741 4.3453125 4.5898281 2.2375225 3.4059670 2.9353175 3.1643241 2.8059922 2.3979576 2.6864168 2.4275364 3.0238274 3.0322695 2.5106511 2.5293962 2.9765394 2.6708711 0.0000000 0.0329253 0.0564319 1.8130031 1.6420645 2.0549945 1.0849901 1.0111995 1.9978635 1.5505150 1.3105200 2.7542522 2.4748443 2.7774740 2.7203861 2.6425206 2.5171662 2.3577964 2.5353499 2.5249867 2.4824919 2.2517247 2.2670330 3.0312518 3.0911230 2.3837941 3.1036699 3.2445903 3.6105040 2.7819359 2.2352702 2.6473436 2.0569420 2.8655505 1.0789644 2.9345864 3.2815009 3.3763842 2.3317408 2.7837773 
VI_BBG43567_LC221833_MYB_transcription_factor                                                       1.0994673 2.3783504 2.2400637 2.2400637 1.4627095 1.4505038 1.3268863 1.5072295 1.3191089 1.1835461 1.3547116 1.4892836 1.5340386 1.3959874 1.3251515 1.1655833 1.3634365 1.4074045 0.0329253 0.0000000 0.0659036 0.8589569 0.8298547 0.7911287 0.6943798 0.6106108 0.7106929 0.8274859 0.9822445 1.0862811 1.0998161 1.0870547 1.0608649 1.1051248 1.1738578 1.1172576 1.1766953 1.1956504 1.1074577 1.2539063 1.1249759 1.3106540 1.3564080 1.4678407 1.4126795 1.7948033 1.6318387 1.1219214 1.1445126 1.1151772 0.9437687 1.1594982 0.6910890 1.1929087 1.2627221 1.2783942 1.4093220 1.1367337 
BBG43566_LC221832_Chara_leptospora_mRNA_for_MYB_transcription_factor                                0.9939947 2.2997059 2.1525400 2.1525400 1.2701377 1.2272899 1.1903057 1.2171189 1.1238449 1.1141281 1.1797446 1.1528125 1.1686891 1.1523554 1.1011082 1.1053188 1.1551521 1.1286113 0.0564319 0.0659036 0.0000000 0.6960338 0.6525453 0.6830186 0.6761596 0.5918067 0.6809061 0.6744844 0.8647214 0.9299761 0.9234494 0.9280841 0.8762227 0.9402294 1.0083421 0.9585945 0.9816632 1.0284957 0.9833852 1.0733223 0.9217024 1.0593341 1.1360852 1.2293031 1.1857100 1.5829180 1.5928419 0.8954185 1.0187378 0.8962333 0.9962354 0.9157209 0.6728463 0.9864514 1.2737429 1.2905053 1.4006365 0.9431792 
VI_Mapoly0019s0071.1                                                                                1.3327556 3.8113758 3.8015208 3.7112778 1.9241437 2.6092819 2.1472275 2.5501342 2.0532146 2.1343655 2.6496795 2.3281535 2.4169328 2.8524457 2.4338827 2.6494611 2.8019669 2.4035450 1.8130031 0.8589569 0.6960338 0.0000000 0.4662120 0.6912643 0.3240190 0.2808356 0.6936727 1.0410072 0.9490216 2.1004108 2.1294989 1.9221888 2.0320356 1.8571966 1.9438516 1.9232798 1.7401030 2.3249330 1.7786825 1.8651395 2.0502264 2.2667549 2.2233985 1.8511988 2.1407071 2.7297620 2.4746911 2.2471497 2.1927247 2.1754006 1.5436975 1.8998943 0.3603787 2.1156229 2.8809725 2.9154136 1.6702932 2.0476655 
VI_XM_024688730.1__XP_024544498.1                                                                   1.2830282 2.7610835 2.8899935 3.1436647 1.6164467 2.9176635 1.9737591 2.1262191 1.7582610 1.9912385 2.2196767 2.0163998 2.0093413 2.4353626 1.8789774 2.4346857 2.4743160 2.2432241 1.6420645 0.8298547 0.6525453 0.4662120 0.0000000 0.6013835 0.2284394 0.1750716 0.5488296 0.8220995 0.9179571 1.6831862 1.6584175 1.7396122 1.8097475 1.9011288 1.8058326 1.7053897 1.5815842 2.0823972 1.6540115 1.6607614 1.7891291 1.8299400 1.9664390 1.4526987 1.9405965 2.0898636 2.2416933 1.5864112 1.9504745 1.7434746 1.5304740 1.6838409 0.2705793 1.7504348 2.5656329 2.8213899 1.6066062 1.8661009 
VI_XM_024688389.1_XP_024524157.1_transcription_repressor_MYB4__Selaginella_moellendorffii_          1.4307173 3.2595255 3.0863185 3.1073366 1.8382439 2.5310563 2.4286915 2.5739608 2.0658327 2.0461319 2.2986772 2.2646212 2.8578279 2.6803227 2.0616186 2.3436135 2.5456437 2.1331426 2.0549945 0.7911287 0.6830186 0.6912643 0.6013835 0.0000000 0.3124203 0.2897979 0.8411595 1.0853364 1.0049912 1.8877801 1.8674339 2.3186036 1.9376238 2.1065593 2.0285658 2.1449818 1.9104892 2.1977550 1.8196471 1.8016369 1.8920854 2.1967174 1.9218228 1.6099745 1.8679621 2.3651833 2.8459089 1.9073987 2.1439315 1.9943678 1.5813359 2.0388101 0.3939809 1.9594203 2.4359947 2.5067479 1.6336056 1.9826389 
VI_Sacu_v1.1_s1503.g028048_Myb_transcription_factor__0.077_                                         1.1190458 2.6977137 2.6787970 2.6291163 1.5195123 1.5230513 1.4440782 1.3547456 1.3327959 1.4241961 1.2844343 1.4489220 1.4411470 1.7850885 1.5519448 1.8224146 1.5017634 1.4974515 1.0849901 0.6943798 0.6761596 0.3240190 0.2284394 0.3124203 0.0000000 0.0000010 0.3379524 0.4126284 0.7894144 1.0336584 0.9341759 1.1163688 1.3249801 1.2710628 1.1783368 1.1432070 1.1410103 1.0997278 1.0446630 1.0867338 1.1240847 1.3158156 1.2974769 1.4084302 1.4894581 1.3721705 1.8460128 1.1839983 1.2074775 1.2151591 1.0124033 1.0950879 0.1341750 1.2947642 1.5925500 1.9693932 1.5581989 1.1213873 
VI_Sacu_v1.1_s0147.g023157_Myb_transcription_factor__0.077_                                         1.0424973 2.8757734 2.8453014 2.7878164 1.3055830 1.4375776 1.2949964 1.3558646 1.2056394 1.3770793 1.2179187 1.3105661 1.3357032 1.7587132 1.3663169 1.8444060 1.4968851 1.4149977 1.0111995 0.6106108 0.5918067 0.2808356 0.1750716 0.2897979 0.0000010 0.0000000 0.2510590 0.3732561 0.8109082 1.0204744 0.9749411 1.1651770 1.2410274 1.2498806 1.1555844 1.1703335 1.0902122 1.1167326 1.0092599 1.0489764 1.0789209 1.3574043 1.2335948 1.2998210 1.4044320 1.3051212 1.8160171 1.1827008 1.1761579 1.1988502 1.0411916 0.9976106 0.0797145 1.2301881 1.4410101 1.8676617 1.3491348 1.0904223 
VI_MA_130648p0010_437_residues__                                                                    1.2601508 3.6184239 3.5564377 3.6794069 1.7767710 2.7560224 2.5213339 2.5405565 1.9945451 1.9663897 2.2896293 2.1221303 2.6482273 3.0018542 2.3478470 2.4144918 2.9106219 2.6355100 1.9978635 0.7106929 0.6809061 0.6936727 0.5488296 0.8411595 0.3379524 0.2510590 0.0000000 0.8755871 1.0371744 1.8922154 2.1986527 2.0430438 1.8885646 1.9029717 2.1408654 1.9370274 1.9380872 2.1649137 1.8565584 1.7352203 1.8849850 2.4485497 2.1015105 1.6088859 2.1034290 2.5939250 2.6340643 2.0471388 2.0687778 2.1472292 1.4730777 1.7791836 0.3868104 2.1171809 2.8766077 2.7092969 1.9105865 2.0885537 
VI_AmTr_v1.0_scaffold00111.43_locus_evm_27.TU.AmTr_v1.0_scaffold00111.43                            1.3665653 3.8647388 4.2099213 3.7634095 1.8552824 2.5821904 2.5768403 2.2514089 2.1226096 1.8569456 2.3547278 1.8057117 2.5357292 2.7347925 2.1869414 2.4994777 2.7958022 2.4245099 1.5505150 0.8274859 0.6744844 1.0410072 0.8220995 1.0853364 0.4126284 0.3732561 0.8755871 0.0000000 0.9114420 1.5164571 1.9004784 1.8277410 1.6713005 1.7023293 1.6323892 1.6392408 1.6040345 1.7167487 1.5728563 1.7503972 2.1502364 2.0619825 2.0854105 1.9858319 2.1512589 2.0473857 2.8112589 1.5586611 1.7288041 1.7520252 1.4703408 1.8315091 0.4543317 1.8546601 2.5809726 2.5799017 1.7234069 1.6621181 
VII_HAOX-0009745                                                                                    1.0290777 2.7934709 2.7102054 2.6142347 1.3966599 1.6281438 1.4629236 1.4124273 1.3598449 1.4540235 1.2110420 1.2461503 1.3937878 1.9098398 1.5486860 1.6926027 1.8060731 1.7656455 1.3105200 0.9822445 0.8647214 0.9490216 0.9179571 1.0049912 0.7894144 0.8109082 1.0371744 0.9114420 0.0000000 0.5581658 0.5221926 0.7508644 0.6920555 0.7908660 0.4701848 0.5065562 0.7297075 0.5170356 0.5258429 0.8775554 0.9705039 1.0517469 0.9049153 1.0149359 1.1058825 1.5668838 1.7315351 0.6655903 1.0810805 0.7485142 0.9225333 0.9773739 0.7897848 1.0708930 1.5954891 1.5401518 1.3943583 0.6230982 
VII_Mp3g05910.1                                                                                     1.3024486 3.0920872 3.3025757 3.3732082 1.4857394 2.7894685 3.0210403 2.5624581 2.3723808 2.3487950 2.3016228 2.3236444 2.5271238 2.9747536 2.6898985 2.7750673 2.8241165 2.8455109 2.7542522 1.0862811 0.9299761 2.1004108 1.6831862 1.8877801 1.0336584 1.0204744 1.8922154 1.5164571 0.5581658 0.0000000 1.0716815 1.2723026 1.2456623 1.4513149 0.7703455 0.7500447 0.9100910 1.0441189 0.9718013 1.3707699 2.0171540 2.1866408 1.9137299 1.5855505 1.8630565 2.5690231 2.8315384 1.2447940 1.9748439 1.1463127 1.4816263 1.9718036 1.0656265 1.9542338 2.5385155 2.9440196 1.9430713 1.1135814 
VII_ENA_MN199011_MN199011.1_Selaginella_moellendorffii                                              1.2333020 3.3106385 3.6902667 3.6513453 1.8385536 3.1488331 2.5788993 2.7111722 2.3403791 2.6023558 2.4064232 2.1268376 2.4217641 3.3236757 2.7096358 2.3596163 2.6430074 2.8368773 2.4748443 1.0998161 0.9234494 2.1294989 1.6584175 1.8674339 0.9341759 0.9749411 2.1986527 1.9004784 0.5221926 1.0716815 0.0000000 1.5914372 1.5149973 1.4977355 1.2500918 1.1685014 1.1717392 1.1630709 1.1118256 1.4230033 1.9196984 1.8201137 1.9014045 1.7074229 2.0977347 2.8485156 2.6653191 1.4573329 1.8832481 1.6807782 1.4038867 1.6621002 0.9952826 1.8251292 3.1263254 3.0949443 2.0214552 1.5647516 
VII_Sacu_v1.1_s0002.g001222_Myb_transcription_factor__0.077_                                        1.4726566 2.7436709 3.0507764 3.1088623 1.9133457 2.9959368 2.7918152 2.6030735 2.3530116 2.4574808 2.5065301 2.1451810 2.8328889 3.4489907 2.3925643 2.6133062 2.7429176 2.5515477 2.7774740 1.0870547 0.9280841 1.9221888 1.7396122 2.3186036 1.1163688 1.1651770 2.0430438 1.8277410 0.7508644 1.2723026 1.5914372 0.0000000 1.3210942 1.3850108 1.6002855 1.4732448 1.5591840 1.4918760 1.4587700 1.4676224 2.1771734 2.2381234 2.1049397 1.5760050 2.0616244 2.9973025 3.1124023 1.2063974 1.8291743 1.3294194 1.5801939 1.9290482 1.2083080 2.1311312 2.8737639 3.1548658 2.1930484 1.6095215 
VII_Sacu_v1.1_s0041.g012546_Myb_transcription_factor__0.077_                                        1.2550347 3.5496059 4.0083156 3.9370378 1.7987866 3.2615396 3.3895799 3.2283549 2.5026349 2.5668691 2.5284936 2.3528142 2.9048938 3.7076557 2.7622772 3.0264146 3.3476704 3.0203386 2.7203861 1.0608649 0.8762227 2.0320356 1.8097475 1.9376238 1.3249801 1.2410274 1.8885646 1.6713005 0.6920555 1.2456623 1.5149973 1.3210942 0.0000000 1.3353874 1.5582372 1.3316167 1.3913441 1.3798411 1.4444871 1.5636249 1.8990358 2.0603604 2.2461860 1.8163531 1.9680736 3.1808861 3.0114633 0.7480647 1.9125332 1.1291664 1.4177123 1.7840957 1.3158034 2.2174590 2.8253696 3.3844970 2.0760284 1.6123699 
VII_Sacu_v1.1_s0272.g027033_Myb_transcription_factor__0.077_                                        1.4368055 3.1933456 3.4498396 3.7015171 1.7137717 2.7954133 2.9740737 2.4945656 2.0940153 2.2334695 2.1672268 2.2858298 2.8801703 2.8882643 2.6191691 2.6000227 2.7134069 2.7704099 2.6425206 1.1051248 0.9402294 1.8571966 1.9011288 2.1065593 1.2710628 1.2498806 1.9029717 1.7023293 0.7908660 1.4513149 1.4977355 1.3850108 1.3353874 0.0000000 1.4473509 1.3575299 1.3605518 1.6408663 1.1872044 1.3023241 1.9407138 2.0630599 2.1574417 2.0179537 1.9806441 2.7223223 3.3098589 1.1392027 1.7967775 1.1275116 1.5758859 1.8884798 1.2660463 2.2695657 2.6649148 2.5650350 1.8216492 1.3633283 
VII_MA_96853p0010_582_residues__                                                                    1.3572536 3.4168588 3.7592564 3.8932584 1.8577453 2.4317294 2.9210024 2.8474026 2.6320615 2.4827036 2.2455664 2.1683839 2.6620312 3.3747635 2.6032856 2.3806512 2.6561144 2.8669654 2.5171662 1.1738578 1.0083421 1.9438516 1.8058326 2.0285658 1.1783368 1.1555844 2.1408654 1.6323892 0.4701848 0.7703455 1.2500918 1.6002855 1.5582372 1.4473509 0.0000000 0.6021882 1.0773640 0.8731728 0.8035481 1.4074086 1.9815039 2.1557448 2.1424536 1.5728765 2.0752299 2.7868683 2.7344696 1.4010934 1.8292912 1.4506921 1.5599857 1.8146121 1.2468333 2.2889450 2.5890120 3.1285250 2.4366006 1.1227051 
VII_MA_10208000p0010_602_residues__                                                                 1.2376339 3.4060174 3.5686619 3.6453873 1.6530114 2.5333507 2.9236364 2.5441880 2.5470810 2.3094593 2.2043204 2.0219713 2.4643975 3.1123242 2.6608283 2.2966617 2.8567852 2.8174551 2.3577964 1.1172576 0.9585945 1.9232798 1.7053897 2.1449818 1.1432070 1.1703335 1.9370274 1.6392408 0.5065562 0.7500447 1.1685014 1.4732448 1.3316167 1.3575299 0.6021882 0.0000000 1.0230816 0.6957581 0.8283938 1.3645611 1.8594200 2.0931998 1.8494152 1.3913641 1.8411857 2.5273949 2.5765102 1.2266628 2.0545518 1.3752569 1.4809770 1.6320519 1.2295654 2.0689487 2.5157682 3.0919064 2.0605836 0.9806530 
VII_MA_20462p0010_470_residues__                                                                    1.3183922 4.2117630 4.5490388 4.6037161 1.6524333 3.1164145 2.8974232 2.6781851 2.5004846 2.4098279 2.4267087 2.3886135 2.6453429 3.3989157 2.3129373 2.6530685 3.0081911 3.2089696 2.5353499 1.1766953 0.9816632 1.7401030 1.5815842 1.9104892 1.1410103 1.0902122 1.9380872 1.6040345 0.7297075 0.9100910 1.1717392 1.5591840 1.3913441 1.3605518 1.0773640 1.0230816 0.0000000 1.3301970 1.1475366 1.3205302 1.9566037 2.1195940 1.9567077 1.6209346 1.8503357 2.4936107 2.7602128 1.5920284 2.0944408 1.4130228 1.5609164 2.2293560 1.1755430 2.2313571 3.0772427 3.4236898 2.3097202 1.4204348 
VII_AmTr_v1.0_scaffold00038.91                                                                      1.2992956 3.4912735 3.7117577 4.2098064 1.8770134 3.1641640 3.3543915 2.7016229 2.8399680 2.4475813 2.6229353 2.3121127 2.5618345 3.6132090 2.6529383 2.7055024 3.0229297 2.7765612 2.5249867 1.1956504 1.0284957 2.3249330 2.0823972 2.1977550 1.0997278 1.1167326 2.1649137 1.7167487 0.5170356 1.0441189 1.1630709 1.4918760 1.3798411 1.6408663 0.8731728 0.6957581 1.3301970 0.0000000 1.0154721 1.7686256 1.9127791 2.2724087 1.9816095 1.5521187 2.0680130 2.7363523 2.6356684 1.4229446 2.2589303 1.5363957 1.5673256 1.8584399 1.1859123 2.4197758 2.9216952 3.4836817 2.1546330 1.0254396 
VII_AmTr_v1.0_scaffold00037.85                                                                      1.1796200 3.3603271 3.8159164 3.9016418 1.5153792 2.4443825 2.5124683 2.3850846 2.0624114 2.5109151 2.4253940 2.4425311 2.4587996 2.8348041 2.3179078 2.0211228 2.7935125 2.9566303 2.4824919 1.1074577 0.9833852 1.7786825 1.6540115 1.8196471 1.0446630 1.0092599 1.8565584 1.5728563 0.5258429 0.9718013 1.1118256 1.4587700 1.4444871 1.1872044 0.8035481 0.8283938 1.1475366 1.0154721 0.0000000 1.5136761 1.8491464 1.7738959 1.6812373 1.5016549 1.8732922 2.3167138 2.3531626 1.2252536 1.9536737 1.4628203 1.5848793 1.7778378 1.0710823 2.2323852 2.7312352 2.7940794 1.9302840 1.1615585 
VIII_MN199016_QIN53292.1_R2R3-MYB_transcription_factor__Selaginella_moellendorffii_                 1.0005205 3.4809204 3.6065821 3.5811474 1.5030427 2.4518481 2.2931766 2.3639834 2.0566208 1.9271990 2.1595665 1.9603279 2.4286966 2.7272324 1.9298748 2.4485531 2.4952781 2.2552414 2.2517247 1.2539063 1.0733223 1.8651395 1.6607614 1.8016369 1.0867338 1.0489764 1.7352203 1.7503972 0.8775554 1.3707699 1.4230033 1.4676224 1.5636249 1.3023241 1.4074086 1.3645611 1.3205302 1.7686256 1.5136761 0.0000000 1.1180885 1.2100182 1.1365963 1.2191967 1.1920312 2.4897354 2.9832629 1.3570769 1.1535566 1.6179558 1.4699021 1.2943245 1.0269912 1.2884408 2.2813754 2.4067011 1.5688040 1.5499105 
VIII_XM_024668296.1_XP_024524064.1_transcription_factor_MYB26__Selaginella_moellendorffii_          0.9743152 3.4393549 3.5581255 3.6605956 1.6376246 2.6629603 2.5948600 2.7303725 2.4204717 2.4351535 2.2785744 2.3889671 2.4477348 2.7076838 2.3923629 2.3958326 2.4904413 2.4797841 2.2670330 1.1249759 0.9217024 2.0502264 1.7891291 1.8920854 1.1240847 1.0789209 1.8849850 2.1502364 0.9705039 2.0171540 1.9196984 2.1771734 1.8990358 1.9407138 1.9815039 1.8594200 1.9566037 1.9127791 1.8491464 1.1180885 0.0000000 1.6949996 1.5086121 1.4578604 1.5285907 2.6283281 2.9216302 1.8336041 1.4573326 2.0330087 1.2619983 1.2868800 1.2289824 1.6725344 2.6119059 2.8289578 1.6743569 1.9279558 
VIII_Mapoly0073s0038_PTQ35164.1_hypothetical_protein_MARPO_0073s0038__Marchantia_polymorpha_        1.2499719 4.2587948 4.2849294 4.6521611 1.8663681 2.9690352 2.8942549 2.6930166 2.5035875 2.5492758 2.4365648 2.2750340 2.5436854 3.2592103 2.3305894 3.0174961 2.4389355 2.8947137 3.0312518 1.3106540 1.0593341 2.2667549 1.8299400 2.1967174 1.3158156 1.3574043 2.4485497 2.0619825 1.0517469 2.1866408 1.8201137 2.2381234 2.0603604 2.0630599 2.1557448 2.0931998 2.1195940 2.2724087 1.7738959 1.2100182 1.6949996 0.0000000 1.3802548 1.3285949 1.3635532 3.4248624 3.3989612 1.8426017 1.6838408 2.3637496 1.8414091 1.8104904 1.3819707 1.6431887 2.9002843 2.9638677 1.7795952 2.2996710 
VIII_Mapoly0006s0226_PTQ48220.1_hypothetical_protein_MARPO_0006s0226__Marchantia_polymorpha_        1.2227580 3.8712984 4.0190937 4.0947916 1.9319196 2.9350407 2.9134135 2.9403479 2.5694661 2.6093089 3.0772861 2.7241680 3.5584712 3.2633777 2.6593131 2.7629082 2.8794228 2.9133737 3.0911230 1.3564080 1.1360852 2.2233985 1.9664390 1.9218228 1.2974769 1.2335948 2.1015105 2.0854105 0.9049153 1.9137299 1.9014045 2.1049397 2.2461860 2.1574417 2.1424536 1.8494152 1.9567077 1.9816095 1.6812373 1.1365963 1.5086121 1.3802548 0.0000000 1.1206917 1.4284982 3.7386263 3.3796124 2.3733304 1.5116928 2.2223050 1.7457302 1.7546164 1.2145579 1.6953378 3.2799554 3.2823053 2.3064615 1.9644955 
VIII_XM_024680104.1_XP_024535872.1_transcription_factor_MYB8-like__Selaginella_moellendorffii_      1.2108956 3.1405663 3.3316719 3.2544183 1.7792648 2.3148936 2.4374360 2.4706832 2.0994035 2.0327971 1.9840561 2.1407105 2.4552967 2.5976193 1.9612316 2.4173515 2.4751341 2.4134558 2.3837941 1.4678407 1.2293031 1.8511988 1.4526987 1.6099745 1.4084302 1.2998210 1.6088859 1.9858319 1.0149359 1.5855505 1.7074229 1.5760050 1.8163531 2.0179537 1.5728765 1.3913641 1.6209346 1.5521187 1.5016549 1.2191967 1.4578604 1.3285949 1.1206917 0.0000000 0.9894973 2.4289356 2.4002825 1.7083971 1.2439959 1.6060470 1.3730230 1.3056364 1.3620555 1.2058441 2.5051517 2.5819949 1.6992844 1.7107294 
VIII_MN199020_QIN53296.1_R2R3-MYB_transcription_factor__Selaginella_moellendorffii_                 1.2354943 3.9464831 3.9548017 3.4929122 1.8672882 2.6856963 2.7473869 2.3230183 2.2883256 2.1229061 2.2947629 2.0504293 2.5113327 2.7036437 2.2849284 2.8144888 2.7167703 2.5315710 3.1036699 1.4126795 1.1857100 2.1407071 1.9405965 1.8679621 1.4894581 1.4044320 2.1034290 2.1512589 1.1058825 1.8630565 2.0977347 2.0616244 1.9680736 1.9806441 2.0752299 1.8411857 1.8503357 2.0680130 1.8732922 1.1920312 1.5285907 1.3635532 1.4284982 0.9894973 0.0000000 3.0338501 3.1866175 2.0549643 1.6406771 1.8445295 1.7923244 1.5517708 1.3946088 1.6432647 2.8775857 3.0435817 1.8603917 2.1350331 
ARP_XM_002962269.2_XP_002962315.1_transcription_factor_AS1__Selaginella_moellendorffii_             2.1506672 3.4925474 3.6768262 3.6270478 2.1822338 3.6914841 3.3498668 3.3138448 3.0429072 3.1665592 2.9744058 3.2414363 2.8535545 3.4896694 2.5842892 2.6701514 3.1779661 3.2672291 3.2445903 1.7948033 1.5829180 2.7297620 2.0898636 2.3651833 1.3721705 1.3051212 2.5939250 2.0473857 1.5668838 2.5690231 2.8485156 2.9973025 3.1808861 2.7223223 2.7868683 2.5273949 2.4936107 2.7363523 2.3167138 2.4897354 2.6283281 3.4248624 3.7386263 2.4289356 3.0338501 0.0000000 1.0959303 2.8307875 2.7383377 2.8507006 2.2534562 2.7823507 1.4275368 3.3023300 3.2519511 3.7553658 2.3410473 2.6305352 
ARP_Mapoly0040s0004_PTQ40315.1_hypothetical_protein_MARPO_0040s0004__Marchantia_polymorpha_         2.1755283 3.7186784 3.6979844 4.0615161 2.0649075 3.6592061 3.6174346 4.0932920 3.0031957 3.1127417 3.6753085 2.8907047 3.1416111 3.9264560 3.1776330 2.9938222 3.1518835 3.6538374 3.6105040 1.6318387 1.5928419 2.4746911 2.2416933 2.8459089 1.8460128 1.8160171 2.6340643 2.8112589 1.7315351 2.8315384 2.6653191 3.1124023 3.0114633 3.3098589 2.7344696 2.5765102 2.7602128 2.6356684 2.3531626 2.9832629 2.9216302 3.3989612 3.3796124 2.4002825 3.1866175 1.0959303 0.0000000 2.9972279 3.3040232 3.1347609 2.8946758 3.1094897 1.8710971 3.3305801 3.4776312 3.5921924 2.0669773 2.6467662 
Azfi_s0004.g008455                                                                                  1.1860507 3.8484335 3.9535202 4.1082261 1.8384672 2.8796872 3.4046464 2.4752843 2.2576198 2.2580418 2.1243715 2.2372636 2.4372809 3.4906710 2.4529667 2.6585534 2.6436973 2.7333849 2.7819359 1.1219214 0.8954185 2.2471497 1.5864112 1.9073987 1.1839983 1.1827008 2.0471388 1.5586611 0.6655903 1.2447940 1.4573329 1.2063974 0.7480647 1.1392027 1.4010934 1.2266628 1.5920284 1.4229446 1.2252536 1.3570769 1.8336041 1.8426017 2.3733304 1.7083971 2.0549643 2.8307875 2.9972279 0.0000000 2.0657800 1.2319007 1.6325389 1.8036934 1.1957703 2.3126226 2.5538157 2.9765559 2.1172752 1.4830003 
Azfi_s0014.g013584                                                                                  0.9373359 3.2053669 3.2421559 3.3284777 1.6854435 2.6448676 2.5262634 2.8016661 2.2726231 2.0576715 2.0708169 2.3088071 2.6661368 2.4574753 2.0744342 2.4907921 2.4777199 2.3418998 2.2352702 1.1445126 1.0187378 2.1927247 1.9504745 2.1439315 1.2074775 1.1761579 2.0687778 1.7288041 1.0810805 1.9748439 1.8832481 1.8291743 1.9125332 1.7967775 1.8292912 2.0545518 2.0944408 2.2589303 1.9536737 1.1535566 1.4573326 1.6838408 1.5116928 1.2439959 1.6406771 2.7383377 3.3040232 2.0657800 0.0000000 1.9420849 1.4532107 1.6934084 1.2994737 1.5159991 3.1473300 2.9918483 1.6325779 2.0891225 
Azfi_s0021.g015882                                                                                  1.4103222 3.6044974 4.0129363 4.2176363 1.7905254 2.4958009 3.0285689 2.5487517 2.1732826 2.3559014 2.2250017 2.2179252 2.8296093 3.2322693 2.5079112 2.8581063 2.8593841 2.8415654 2.6473436 1.1151772 0.8962333 2.1754006 1.7434746 1.9943678 1.2151591 1.1988502 2.1472292 1.7520252 0.7485142 1.1463127 1.6807782 1.3294194 1.1291664 1.1275116 1.4506921 1.3752569 1.4130228 1.5363957 1.4628203 1.6179558 2.0330087 2.3637496 2.2223050 1.6060470 1.8445295 2.8507006 3.1347609 1.2319007 1.9420849 0.0000000 1.4296325 1.6982143 1.1751307 2.2371816 2.9728407 2.9949760 2.1772258 1.6385280 
Azfi_s0035.g025508                                                                                  0.7611617 3.0101986 3.4878102 3.2507060 1.7478932 2.4370112 1.8525640 2.1882572 1.8145137 1.9801493 2.0665792 1.9001727 2.2839182 2.4045307 1.9838075 2.3136066 2.5582454 2.1655662 2.0569420 0.9437687 0.9962354 1.5436975 1.5304740 1.5813359 1.0124033 1.0411916 1.4730777 1.4703408 0.9225333 1.4816263 1.4038867 1.5801939 1.4177123 1.5758859 1.5599857 1.4809770 1.5609164 1.5673256 1.5848793 1.4699021 1.2619983 1.8414091 1.7457302 1.3730230 1.7923244 2.2534562 2.8946758 1.6325389 1.4532107 1.4296325 0.0000000 1.2429462 1.0328175 1.7259690 2.4236436 2.4976408 1.8900023 1.4445260 
Azfi_s0041.g026722                                                                                  1.1030144 3.4320980 3.7503115 3.9886874 1.7799526 2.5605418 2.5393204 3.3001020 2.4702502 2.3907004 2.6794924 2.8438344 2.9212391 3.1594167 2.4862696 2.8654435 2.7748007 2.7679304 2.8655505 1.1594982 0.9157209 1.8998943 1.6838409 2.0388101 1.0950879 0.9976106 1.7791836 1.8315091 0.9773739 1.9718036 1.6621002 1.9290482 1.7840957 1.8884798 1.8146121 1.6320519 2.2293560 1.8584399 1.7778378 1.2943245 1.2868800 1.8104904 1.7546164 1.3056364 1.5517708 2.7823507 3.1094897 1.8036934 1.6934084 1.6982143 1.2429462 0.0000000 1.0888407 1.6432860 2.8744198 2.8120503 2.0693064 1.7852037 
Azfi_s0076.g037908                                                                                  1.0507018 2.6993652 2.6823931 2.5890509 1.5237676 1.6380006 1.5552887 1.4718510 1.4241124 1.6085956 1.4154514 1.4483172 1.5239701 1.9218892 1.5860581 1.9377169 1.8595445 1.5497983 1.0789644 0.6910890 0.6728463 0.3603787 0.2705793 0.3939809 0.1341750 0.0797145 0.3868104 0.4543317 0.7897848 1.0656265 0.9952826 1.2083080 1.3158034 1.2660463 1.2468333 1.2295654 1.1755430 1.1859123 1.0710823 1.0269912 1.2289824 1.3819707 1.2145579 1.3620555 1.3946088 1.4275368 1.8710971 1.1957703 1.2994737 1.1751307 1.0328175 1.0888407 0.0000000 1.3440822 1.5622575 1.8324523 1.6186611 1.1642183 
Azfi_s0129.g048859                                                                                  1.1606341 3.7762169 4.0754276 3.8589821 1.9993722 3.4357764 3.0340260 3.4007145 3.0704076 2.4881625 2.8334649 2.4512169 3.1954663 3.4273951 3.2357187 3.2980663 2.7638188 3.2355056 2.9345864 1.1929087 0.9864514 2.1156229 1.7504348 1.9594203 1.2947642 1.2301881 2.1171809 1.8546601 1.0708930 1.9542338 1.8251292 2.1311312 2.2174590 2.2695657 2.2889450 2.0689487 2.2313571 2.4197758 2.2323852 1.2884408 1.6725344 1.6431887 1.6953378 1.2058441 1.6432647 3.3023300 3.3305801 2.3126226 1.5159991 2.2371816 1.7259690 1.6432860 1.3440822 0.0000000 3.0564830 3.0328352 2.1046547 2.1386320 
R1R2R3_MN199004_QIN53280.1_R1R2R3-MYB_protein__Selaginella_moellendorffii_                          2.1161679 3.3382131 3.3728018 3.5668405 1.5125388 2.2843333 2.0072556 2.2099292 1.9683109 1.9267419 2.0487340 2.1843756 2.0601658 2.5477950 2.3713207 2.2689068 2.3711913 2.4680433 3.2815009 1.2627221 1.2737429 2.8809725 2.5656329 2.4359947 1.5925500 1.4410101 2.8766077 2.5809726 1.5954891 2.5385155 3.1263254 2.8737639 2.8253696 2.6649148 2.5890120 2.5157682 3.0772427 2.9216952 2.7312352 2.2813754 2.6119059 2.9002843 3.2799554 2.5051517 2.8775857 3.2519511 3.4776312 2.5538157 3.1473300 2.9728407 2.4236436 2.8744198 1.5622575 3.0564830 0.0000000 0.8318095 0.9359032 2.8032341 
R1R2R3_Mapoly0036s0107_PTQ41127.1_hypothetical_protein_MARPO_0036s0107__Marchantia_polymorpha_      2.1982225 3.0367550 3.1719856 3.1626141 1.5632523 2.4172972 2.4261575 2.8386328 2.1543777 2.0229812 2.4413397 2.3862655 2.5010189 2.8349520 2.5526001 2.6332322 2.4338158 2.7217857 3.3763842 1.2783942 1.2905053 2.9154136 2.8213899 2.5067479 1.9693932 1.8676617 2.7092969 2.5799017 1.5401518 2.9440196 3.0949443 3.1548658 3.3844970 2.5650350 3.1285250 3.0919064 3.4236898 3.4836817 2.7940794 2.4067011 2.8289578 2.9638677 3.2823053 2.5819949 3.0435817 3.7553658 3.5921924 2.9765559 2.9918483 2.9949760 2.4976408 2.8120503 1.8324523 3.0328352 0.8318095 0.0000000 1.0540131 3.4978470 
R1R2R3_Mapoly0150s0001_PTQ28976.1_hypothetical_protein_MARPO_0150s0001__Marchantia_polymorpha_      1.7000586 2.3169907 2.2914252 2.1118541 1.1789225 1.3624176 1.2339516 1.4603234 1.4215742 1.4956001 1.4224695 1.4661677 1.4296603 1.9570831 1.6166015 1.7444626 1.8012676 1.6409959 2.3317408 1.4093220 1.4006365 1.6702932 1.6066062 1.6336056 1.5581989 1.3491348 1.9105865 1.7234069 1.3943583 1.9430713 2.0214552 2.1930484 2.0760284 1.8216492 2.4366006 2.0605836 2.3097202 2.1546330 1.9302840 1.5688040 1.6743569 1.7795952 2.3064615 1.6992844 1.8603917 2.3410473 2.0669773 2.1172752 1.6325779 2.1772258 1.8900023 2.0693064 1.6186611 2.1046547 0.9359032 1.0540131 0.0000000 2.1674441 
sp_Q8W1W6_MYB33_ARATH_Transcription_factor_MYB33_OS_Arabidopsis_thaliana_OX_3702_GN_MYB33_PE_2_SV_1 1.1789707 3.4550559 3.7506962 3.8846115 1.6931213 3.1014518 2.9123324 2.4534854 2.5956681 2.2117888 2.6530587 2.0841306 2.6137267 3.1301007 2.9546311 2.9206866 3.0061055 2.9254755 2.7837773 1.1367337 0.9431792 2.0476655 1.8661009 1.9826389 1.1213873 1.0904223 2.0885537 1.6621181 0.6230982 1.1135814 1.5647516 1.6095215 1.6123699 1.3633283 1.1227051 0.9806530 1.4204348 1.0254396 1.1615585 1.5499105 1.9279558 2.2996710 1.9644955 1.7107294 2.1350331 2.6305352 2.6467662 1.4830003 2.0891225 1.6385280 1.4445260 1.7852037 1.1642183 2.1386320 2.8032341 3.4978470 2.1674441 0.0000000 
