72
CDC5_XM_024686040.1_XP_024541808.1_cell_division_cycle_5-like_protein                                            0.0000000 0.0393165 0.1102179 4.2510300 5.4858096 5.5181163 6.4891726 5.5686732 5.7383314 5.6880361 5.8027131 6.1520092 5.3549337 5.2829211 4.6755505 4.8015794 4.8873959 5.5225316 5.4642200 5.8470602 6.5934902 6.1628289 6.6828639 6.4349787 6.8098076 5.9251223 6.5099685 5.3454472 6.0311617 5.2296314 6.2211839 6.1286395 5.4071606 5.1059897 5.9467209 6.0383395 5.9908001 5.6130555 5.0678458 5.2516869 5.8055854 5.6039791 6.1654517 6.2498870 6.1207780 6.9178560 6.0507018 5.6959532 5.0125245 5.2782047 5.0208297 4.5707484 5.3893627 6.0417508 5.4274168 6.6287575 4.9109879 5.6293491 4.5510233 4.5396696 5.1093054 5.4834147 5.9418376 6.3971378 5.3331623 5.4038391 5.0849933 6.6754967 4.8312256 5.8259085 6.5176376 6.0342786 
CDC5_XM_002981114.2_XP_002981160.1_cell_division_cycle_5-like_protein__Selaginella_moellendorffii_               0.0393165 0.0000000 0.0959020 4.3658605 5.3622709 5.7708125 6.5601762 5.3727270 5.9664491 6.1674246 5.7438317 5.9480896 5.4348781 5.4085883 4.7455228 4.5146020 5.0962347 5.5082369 5.0519103 5.4089445 6.4253660 6.0433027 6.2962002 6.0399033 6.3507723 5.8533867 6.4916460 5.1786209 6.0973242 4.8040715 6.2564607 5.5942621 5.7981509 5.0749024 5.8444430 6.1478127 5.9622420 5.5306705 5.2815795 5.4254792 6.0006303 6.0588161 6.3798561 6.2431257 6.3081671 7.1687200 6.0299686 5.3445885 5.2089356 5.4177370 5.0580443 4.2493160 5.1994339 5.9628753 5.4597948 6.8485937 4.7296191 5.5754943 4.7802608 4.2339409 5.3536526 5.4649203 6.2586641 6.1705344 5.6364533 5.2814626 4.9118288 6.8545080 4.8824651 6.0876963 6.6539169 6.2995833 
CDC5_Mapoly0014s0195_PTQ45693.1_hypothetical_protein_MARPO_0014s0195__Marchantia_polymorpha_                     0.1102179 0.0959020 0.0000000 3.8746496 5.0317968 5.8301431 6.1430142 5.1496324 5.8888306 5.4305326 5.4655872 5.8628815 5.1767878 5.0811916 4.4296933 4.7558744 4.8528999 5.2291480 5.0519103 5.4089445 5.8835609 5.6511119 6.1566226 6.0979704 6.4210624 5.5784993 6.2229682 5.1658924 5.7041843 5.2422618 5.7584555 5.3457313 5.6488551 5.0734466 5.8301106 5.7751069 5.5358204 5.1918791 4.8149648 4.9205557 5.3846574 6.0683807 5.2940332 5.7671926 5.8652148 6.3822596 5.2212761 5.6684453 5.0666644 5.0042066 4.2420406 4.4403609 5.0487179 5.7288013 5.0430424 5.9932080 4.2072174 5.5312679 4.3310896 4.2707760 5.1376241 5.0854899 5.7786435 6.0650920 5.3793910 5.1248926 4.7531181 5.5879996 4.7260432 6.1358266 5.9963684 6.2016378 
I_Mapoly0085s0092_PTQ33890.1_hypothetical_protein_MARPO_0085s0092__Marchantia_polymorpha_                        4.2510300 4.3658605 3.8746496 0.0000000 1.1622625 1.2713465 1.6425142 1.8302894 2.2414763 2.0571939 2.1218632 2.1079831 2.0690451 2.2382696 2.1086849 2.0852287 2.1007297 2.4807122 2.4211221 2.4924466 2.5820278 2.6047681 2.6780226 2.4791792 2.2333356 2.6242549 2.7621205 2.1483441 2.1856912 2.5776483 2.2444003 1.9080989 2.1689008 2.1328390 2.0219691 2.1592698 2.0500274 1.9570529 2.2690079 2.0253765 2.2836885 3.0314894 2.9489210 2.2832439 2.4353590 2.5016254 2.4883757 2.5317791 2.8733997 1.4061774 1.5597145 1.6262933 1.3831536 1.5294611 1.4495580 2.0002858 1.9620983 2.0029800 1.8149255 2.0150216 2.1030355 2.5638150 2.0709317 1.9969367 1.8228563 2.2827827 2.8781684 2.0354763 1.8247698 2.2415702 2.3653661 2.7435252 
II_Mapoly0001s0061_PTQ49997.1_hypothetical_protein_MARPO_0001s0061__Marchantia_polymorpha_                       5.4858096 5.3622709 5.0317968 1.1622625 0.0000000 0.6396089 1.8430904 1.6727570 1.8050091 1.9791206 2.1233480 2.1065444 2.0922302 2.0336963 2.0848058 2.4054272 2.1182769 2.6822241 2.1973077 2.2302544 3.6318803 3.2073269 2.9743742 2.7417523 2.7625211 3.1419795 3.3390793 2.2343877 2.7271908 2.7093413 2.9875399 2.5083764 2.4255299 2.3695757 2.5374199 2.6798859 2.5169698 2.5377364 2.4768208 2.5017005 2.5172248 2.9503034 2.8110208 2.8568559 2.7847686 2.5445983 2.4407209 3.2811388 2.1925442 1.3498421 1.2771996 1.8139903 1.2542223 1.1502645 0.9457599 2.5151116 1.6572165 1.8755245 2.0729362 2.4071732 2.3886260 3.1813930 2.7037586 2.9261594 2.6538007 2.5454764 2.4870169 2.6431064 2.5901862 2.9058246 2.2685949 3.4321833 
III_XM_002991980.2_XP_002992026.2_myb-related_protein_B__Selaginella_moellendorffii_                             5.5181163 5.7708125 5.8301431 1.2713465 0.6396089 0.0000000 1.6622729 1.8282754 2.2049462 1.9798808 2.1442522 2.2313295 2.1370997 2.4023098 2.3392950 2.4015895 2.4248853 3.2619686 2.3307421 2.5013151 2.8971425 3.0372497 3.1883937 2.8740044 2.7191326 2.9655437 3.5317676 2.1358483 3.1174592 3.0216174 2.7963041 2.9383123 2.6325074 2.8313896 2.6068790 3.0399762 2.7290364 2.6091373 2.7483967 2.8544554 2.7783050 3.2374598 3.1389916 3.2674307 3.1522797 2.9615742 2.9386082 2.9733463 3.0565553 1.3266756 1.3906823 1.7426892 1.3430625 1.1577837 1.1900264 1.9603937 1.8390695 1.6086917 2.2551161 2.3352723 2.4703565 2.8805310 2.5405680 2.7100876 2.8309033 2.9620042 2.2671497 2.9872623 2.5073871 3.2872375 2.4151283 2.9317781 
III_Mapoly0007s0271_PTQ47916.1_hypothetical_protein_MARPO_0007s0271__Marchantia_polymorpha_                      6.4891726 6.5601762 6.1430142 1.6425142 1.8430904 1.6622729 0.0000000 0.5064451 0.9863257 0.8026660 0.8125250 0.8298238 1.7488949 2.0656457 1.6731600 1.8237917 1.8008950 2.7148177 2.6143773 2.5549418 2.4312928 2.6088983 2.5332757 2.3135132 2.3241409 2.5474621 3.1141240 1.7609615 2.4535301 2.3310492 2.1653159 2.4608119 2.0617677 2.2597981 2.2445732 2.7573432 2.2321885 2.1592991 2.8908016 2.5343597 2.8082694 2.9977774 2.7888842 2.3019137 2.9129965 2.6576867 3.0047537 2.5969298 3.1376571 1.6905128 1.6716618 2.1654636 2.1755059 2.0515740 1.7909521 0.8356041 0.6546099 0.9665613 1.4379557 1.6184181 1.9841772 2.6343901 2.5774379 2.4559538 2.4321317 3.4873950 2.1345391 2.0747951 2.1666493 2.6526349 1.9136185 2.9827157 
III_XM_002971992.2_XP_002972038.2_transcription_factor_MYB1__Selaginella_moellendorffii_                         5.5686732 5.3727270 5.1496324 1.8302894 1.6727570 1.8282754 0.5064451 0.0000000 0.7372550 0.6869286 0.8868516 0.7981032 1.5009431 1.7014187 1.6576572 1.3961583 1.5823884 2.6283675 2.3333880 2.2731967 2.4418020 2.3369264 2.0994616 2.4935036 2.2519269 2.4912459 2.8944145 1.6645154 2.0882510 1.9456125 1.9075654 2.3479605 2.0395217 2.2383882 2.1308956 2.2610371 2.2328754 2.1278426 2.4647091 2.3937811 2.4960378 2.3492663 2.7101369 1.9852001 2.1886630 2.4246357 2.0396899 2.4064780 2.2969429 1.5717874 1.2915490 1.9635779 2.1306959 2.0375794 1.8047186 0.8870882 0.7203935 0.7786760 1.3909673 1.7165940 1.8266504 2.0527109 2.2903889 2.2979634 2.3501019 3.3289424 1.9392553 2.1421680 2.0097659 2.4759427 1.8416053 2.2912454 
IV_MN199005_QIN53281.1_R2R3-MYB_transcription_factor__Selaginella_moellendorffii_                                5.7383314 5.9664491 5.8888306 2.2414763 1.8050091 2.2049462 0.9863257 0.7372550 0.0000000 0.4618643 0.6403402 0.5452608 1.9823608 1.8490703 1.7213257 1.6810723 1.7901769 2.5214718 2.1236646 2.0763608 3.0700954 2.9595405 2.9062504 2.7889789 2.7787574 2.9739691 2.5855361 1.9311514 2.4067499 2.5172720 2.5148756 2.6374216 2.1512255 2.5422900 2.4553462 2.5208306 2.2295565 2.5973992 2.6847462 2.5270099 2.8122750 2.7900697 2.8488752 2.4615543 2.0596050 2.3891415 2.8626773 3.2172759 2.8970820 1.8463204 1.7820459 2.4789253 2.2305879 2.4138932 2.1496695 1.2292233 0.5592540 0.6816249 1.5774751 1.7269620 2.2476421 2.3070450 2.6825908 2.6963539 2.4910157 2.6299725 2.0989622 2.5591353 2.9108873 2.7875410 2.1706398 2.9602005 
IV_MN199007_QIN53283.1_R2R3-MYB_transcription_factor__Selaginella_moellendorffii_                                5.6880361 6.1674246 5.4305326 2.0571939 1.9791206 1.9798808 0.8026660 0.6869286 0.4618643 0.0000000 0.5673835 0.4456518 1.7585121 2.1756129 1.6786966 1.8289011 1.9492213 2.9080380 2.5896298 2.5194761 2.9048216 2.6795845 2.5372809 2.5400969 2.3890477 2.5105263 3.0109516 1.5997604 2.3081727 2.3095337 2.2218436 2.2626734 2.2251379 2.2216885 2.2782831 2.2917360 2.2571904 2.1250345 2.7298327 2.3597066 2.8449617 3.0467047 2.5421080 2.5947812 2.5096241 2.4176296 3.0400387 2.7036190 2.6238006 1.7152868 1.8089232 2.2484956 2.0535796 2.3892596 1.9765214 1.1232792 0.4793025 0.6164869 1.6660928 1.7681758 2.1858840 1.9018587 2.2162539 2.6952190 2.3533076 2.6131261 2.2762095 1.8502998 2.3034655 2.8409452 2.1779601 2.5741135 
IV_MN199006_QIN53282.1_R2R3-MYB_transcription_factor__Selaginella_moellendorffii_                                5.8027131 5.7438317 5.4655872 2.1218632 2.1233480 2.1442522 0.8125250 0.8868516 0.6403402 0.5673835 0.0000000 0.5659344 1.7824595 2.0701127 1.9488525 1.8543667 1.8879373 2.7392019 2.4575056 2.3842334 2.8714760 2.8465087 2.8198150 2.7538202 2.4081801 2.6420396 2.9294491 1.8324016 2.5827392 2.5269228 2.7340275 2.4269484 2.2686429 2.4526561 2.2532487 2.4381192 2.4974233 2.4273998 3.0809037 2.5757066 3.2857686 3.2038232 2.8313885 2.5391110 2.6761970 2.8838332 2.9485761 2.7721809 2.6834327 1.9645742 1.8756143 2.1895914 2.3969469 2.2616501 2.0987875 1.2546835 0.5406244 0.7602803 1.7802320 1.8667713 2.4587894 2.5135786 2.4644009 2.9637694 2.4990589 2.6737440 2.4471421 2.3889769 2.7087333 3.2933876 2.0179806 3.2729861 
IV_Mapoly0032s0153_PTQ41991.1_hypothetical_protein_MARPO_0032s0153__Marchantia_polymorpha_                       6.1520092 5.9480896 5.8628815 2.1079831 2.1065444 2.2313295 0.8298238 0.7981032 0.5452608 0.4456518 0.5659344 0.0000000 1.7583764 2.1245540 1.8563893 2.0610463 2.0584158 3.0253345 2.5527416 2.5185357 2.8627010 3.0033453 3.0562374 2.6945296 2.4878809 2.6557443 3.0542457 1.9207600 2.3991489 2.3172210 2.5037398 2.4561371 2.0854298 2.1142966 2.2605867 2.3928636 2.2851936 2.1620014 3.2781560 2.6400402 3.3793489 3.5791395 2.7615109 2.9475342 3.0994977 2.8846746 3.2775014 2.7905928 3.2348897 1.8831564 1.5967476 2.0731889 2.1022063 2.5538286 1.9318150 1.1693765 0.5030654 0.6179152 1.8400842 1.8702110 2.2601592 2.4129701 2.2587435 2.6655392 2.5982934 3.3387060 2.6186887 2.4337902 2.4669303 3.5843112 1.9837258 2.9090579 
V_Mapoly0008s0029_PTQ47242.1_hypothetical_protein_MARPO_0008s0029__Marchantia_polymorpha_                        5.3549337 5.4348781 5.1767878 2.0690451 2.0922302 2.1370997 1.7488949 1.5009431 1.9823608 1.7585121 1.7824595 1.7583764 0.0000000 0.4318874 0.3565359 0.6173187 0.3783251 2.6689532 2.3493415 2.2989280 2.8850317 2.6977218 2.6767387 2.6426170 2.5691924 2.8575678 3.1565517 2.7575706 3.4092230 3.2408149 3.2512930 3.3168868 2.9494058 2.9062544 2.7197672 3.4078919 3.2851021 3.1094065 3.7304008 2.8814563 3.6321744 3.3278247 3.4880576 2.8726783 3.2357119 3.4069252 3.1826732 2.8059641 3.5350705 2.6618103 2.3300139 2.5837250 3.1370174 2.0533995 2.7159797 1.9748600 1.3465225 1.7830218 0.4699803 0.6304814 0.6297171 2.6058904 3.3205584 3.3867159 3.4622184 3.8628633 3.3305742 3.4729841 3.0691877 3.3602501 0.7452208 2.9064497 
V_XM_002977602.2_XP_002977648.2_uncharacterized_protein_LOC9657152__Selaginella_moellendorffii_                  5.2829211 5.4085883 5.0811916 2.2382696 2.0336963 2.4023098 2.0656457 1.7014187 1.8490703 2.1756129 2.0701127 2.1245540 0.4318874 0.0000000 0.4249564 0.5942280 0.5496386 2.6594510 2.4425766 2.2679642 3.5174158 3.1947561 3.0152082 3.0177379 2.9867867 3.4026336 3.2074887 2.6492190 3.5137077 3.3588565 3.3458161 3.6872417 3.1658391 3.2574546 3.5142751 3.7515491 3.1744620 3.3635060 3.6051130 3.3077573 3.5824266 3.2720485 3.4403517 3.4177635 3.0582828 3.4276703 3.3955677 3.2884958 3.5817535 2.7959369 2.5481731 2.6666457 2.9716315 2.6189161 2.7090415 2.1797665 1.5840026 1.8517551 0.5264361 0.6932524 0.6504716 2.9746448 3.8298129 3.5242945 3.4453812 3.7621445 3.1307772 3.5199652 3.4830899 3.8730356 0.8526177 2.9791307 
V_MN199008_QIN53284.1_R2R3-MYB_transcription_factor__Selaginella_moellendorffii_                                 4.6755505 4.7455228 4.4296933 2.1086849 2.0848058 2.3392950 1.6731600 1.6576572 1.7213257 1.6786966 1.9488525 1.8563893 0.3565359 0.4249564 0.0000000 0.5390010 0.4885294 2.4017754 2.2241370 2.1792698 3.0488691 2.8615744 3.0270489 2.8020355 2.6762260 3.0011053 3.0356761 2.7327591 3.4020831 3.0512045 3.0829551 3.3140790 2.8654373 3.0506810 2.9032174 3.6117358 3.2043937 3.0382214 3.5124150 3.0500242 2.9952947 3.6227914 3.1051152 3.4116336 3.2856959 2.7080193 3.5815708 3.0088781 3.7319009 2.5305385 2.1715873 2.7426246 3.0859926 2.1904624 2.4453016 1.8115681 1.4804339 1.8295779 0.5120507 0.6038654 0.6068022 2.8307463 3.2985389 2.9709336 3.1751689 3.3204163 3.3961406 3.4313746 3.2549608 3.5530966 0.7684232 3.1429273 
V_MN199009_QIN53285.1_R2R3-MYB_transcription_factor__Selaginella_moellendorffii_                                 4.8015794 4.5146020 4.7558744 2.0852287 2.4054272 2.4015895 1.8237917 1.3961583 1.6810723 1.8289011 1.8543667 2.0610463 0.6173187 0.5942280 0.5390010 0.0000000 0.6439385 2.7062439 2.3922956 2.3134791 3.3105913 2.7929545 2.7165074 2.7174405 2.4896961 3.1336920 3.5779719 2.5074655 3.3130343 3.0474353 2.9308782 3.2126916 2.7700244 3.0244768 2.9498028 3.0780449 3.0335405 2.8370967 3.1047183 2.9564709 3.3246932 3.0332857 3.2416395 2.5928652 2.8391407 2.8873688 3.1724767 2.9390286 3.4170732 2.3423473 2.2643077 2.5418598 3.1751437 2.6833063 2.7568402 2.0250628 1.4720865 1.8285632 0.5686092 0.6725427 0.7090942 3.1214820 3.1794326 2.7260094 2.8931664 3.2572071 2.7730905 2.9117404 3.0874159 2.8682620 0.8567847 2.9632181 
V_MN199010_QIN53286.1_R2R3-MYB_transcription_factor__Selaginella_moellendorffii_                                 4.8873959 5.0962347 4.8528999 2.1007297 2.1182769 2.4248853 1.8008950 1.5823884 1.7901769 1.9492213 1.8879373 2.0584158 0.3783251 0.5496386 0.4885294 0.6439385 0.0000000 2.7020653 2.2528982 2.1658091 3.1374978 2.8377175 2.8982497 2.8031566 2.6775766 2.7743997 3.2118801 2.6379199 3.3340155 3.1743770 2.9652760 3.5171619 2.9520783 3.0927820 3.0587860 3.2730247 3.1533325 3.0512247 3.3695090 2.6854076 2.8447860 2.9839072 2.7422492 2.7799695 2.7831542 3.3295204 3.3707363 3.0189740 2.8870950 2.4452949 2.1191667 2.5176497 3.2568325 2.3546161 2.6915268 1.9768931 1.3733496 1.8707676 0.4938758 0.7441969 0.6850084 2.7191782 3.2277521 2.8977691 3.1537453 3.1815576 3.1096707 3.4884849 3.0876823 2.9373336 0.8737136 2.7930177 
VI_g8575.t1_length                                                                                               5.5225316 5.5082369 5.2291480 2.4807122 2.6822241 3.2619686 2.7148177 2.6283675 2.5214718 2.9080380 2.7392019 3.0253345 2.6689532 2.6594510 2.4017754 2.7062439 2.7020653 0.0000000 0.0370202 0.0540448 1.6457130 1.2715406 1.3471355 1.2441892 1.0827703 1.5032408 1.4012178 1.8415494 2.4242935 2.4475440 2.1960579 2.1497947 2.1452720 2.6063138 2.3467728 2.5786495 2.6908637 2.3769880 2.3177269 2.1726080 2.3080229 2.4109665 2.5089941 2.4963841 2.4274295 1.9929445 2.3500097 1.3310874 2.3433701 3.3350950 3.1141271 3.9695363 3.2520958 3.6305940 2.7849294 2.7867289 2.0748775 2.9943272 2.4432803 2.5851465 2.5415480 1.4118468 2.4353865 2.0707002 2.5960849 2.7024515 1.9456212 2.0273644 2.0963189 2.7340128 2.8142545 2.9917611 
VI_BBG43567_LC221833_MYB_transcription_factor                                                                    5.4642200 5.0519103 5.0519103 2.4211221 2.1973077 2.3307421 2.6143773 2.3333880 2.1236646 2.5896298 2.4575056 2.5527416 2.3493415 2.4425766 2.2241370 2.3922956 2.2528982 0.0370202 0.0000000 0.0619858 1.2129020 1.1178294 1.1207337 0.9860996 0.8306901 1.0488957 1.0643007 1.6060432 1.7726241 1.7685479 1.8376888 1.6102263 1.8105918 2.0118808 1.8828337 1.7775831 2.0163923 1.8669790 2.1504159 1.7881882 1.9646986 2.3240528 2.4805466 2.4673906 2.0376470 1.6222296 1.8687614 0.9855618 1.9012767 2.5685460 2.5197350 3.1959492 2.5334838 2.7420235 2.1567924 2.5802162 1.9253942 2.4065905 2.2196175 2.1047132 2.0771702 1.0328288 1.6585901 1.8029476 1.8676215 2.0754641 1.7758646 1.6719656 1.5651596 2.2513321 2.2326383 2.2070017 
BBG43566_LC221832_Chara_leptospora_mRNA_for_MYB_transcription_factor                                             5.8470602 5.4089445 5.4089445 2.4924466 2.2302544 2.5013151 2.5549418 2.2731967 2.0763608 2.5194761 2.3842334 2.5185357 2.2989280 2.2679642 2.1792698 2.3134791 2.1658091 0.0540448 0.0619858 0.0000000 1.1614568 1.0650591 1.1361765 0.9886153 0.8289745 1.0534736 1.0672637 1.6033652 1.7699536 1.7657362 1.7772899 1.5740888 1.7725214 2.0164392 1.8834537 1.8366570 2.0368167 1.8864778 2.0656063 1.7229956 1.8701195 2.2175822 2.3661566 2.3259865 1.9650472 1.7404047 1.8042020 0.9881032 1.8547830 2.7332057 2.6864082 3.1529595 2.6390193 2.8535932 2.1467357 2.4504910 2.0029408 2.5159644 2.1093863 2.1256091 2.1520660 1.0228249 1.6706887 1.7871836 1.7949964 2.0605538 1.8323336 1.6353536 1.5291210 2.1430242 2.2340399 2.1625856 
VI_Mapoly0019s0071.1                                                                                             6.5934902 6.4253660 5.8835609 2.5820278 3.6318803 2.8971425 2.4312928 2.4418020 3.0700954 2.9048216 2.8714760 2.8627010 2.8850317 3.5174158 3.0488691 3.3105913 3.1374978 1.6457130 1.2129020 1.1614568 0.0000000 0.1666293 0.2619409 0.1982084 0.1517261 0.2417718 0.6342456 1.3166198 1.5656863 1.6501405 1.3945066 1.6749921 1.7007013 1.7433282 1.5369958 1.7623711 1.6670094 1.4399054 2.4933522 2.1262138 2.5248256 2.8184456 2.7502860 2.1813967 2.1816406 1.9982314 2.1852522 0.2287209 2.3977542 3.3250292 3.1143115 3.0206906 2.4320635 2.9234859 3.2800308 2.6032197 2.0182520 2.6605699 2.5885789 2.7098689 3.4827243 0.6980134 1.6128588 1.7801084 1.6949542 2.8711461 1.7596680 1.5609217 1.5775912 2.6616999 3.2490076 2.9892741 
VI_XM_024688730.1__XP_024544498.1                                                                                6.1628289 6.0433027 5.6511119 2.6047681 3.2073269 3.0372497 2.6088983 2.3369264 2.9595405 2.6795845 2.8465087 3.0033453 2.6977218 3.1947561 2.8615744 2.7929545 2.8377175 1.2715406 1.1178294 1.0650591 0.1666293 0.0000000 0.2381377 0.2099433 0.1560655 0.2463793 0.4753087 1.3023456 1.6526819 1.5828812 1.3696268 1.5662042 1.6970623 1.8172303 1.5616034 1.7182485 1.5716709 1.4458258 2.2648609 1.8484545 2.1497737 2.3223693 2.4383530 2.1938752 1.9491667 1.7542166 2.0095106 0.2547350 2.2417853 2.8254444 2.6746104 2.8995412 2.5431007 2.5108718 3.0408628 2.5350500 1.9368207 2.6721087 2.5490995 2.5849647 3.0412356 0.5529073 1.6137124 1.8378875 1.6248567 2.5793996 1.6247095 1.5804265 1.5691854 2.4621270 3.1911393 2.9929906 
VI_XM_024688389.1_XP_024524157.1_transcription_repressor_MYB4__Selaginella_moellendorffii_                       6.6828639 6.2962002 6.1566226 2.6780226 2.9743742 3.1883937 2.5332757 2.0994616 2.9062504 2.5372809 2.8198150 3.0562374 2.6767387 3.0152082 3.0270489 2.7165074 2.8982497 1.3471355 1.1207337 1.1361765 0.2619409 0.2381377 0.0000000 0.1921198 0.1736287 0.2697574 0.4838199 1.3371546 1.6802244 1.5447618 1.6513294 1.7018743 1.7515415 1.8324831 1.6764988 1.9288578 1.6745947 1.5543815 2.2484513 1.8828073 2.3762715 2.2466870 2.5386833 1.9590881 2.0727669 1.7024789 2.0940136 0.2735665 2.1113647 3.3497970 3.0503661 3.0888704 2.6307462 2.9494983 3.0562287 2.6143299 1.8825966 2.3930063 2.3844434 2.6635864 3.0643450 0.5489001 1.7254492 1.9781332 1.7927442 2.5700190 1.4924732 1.5634820 1.6889292 2.4838123 3.3270925 3.1932395 
VI_Sacu_v1.1_s1503.g028048_Myb_transcription_factor__0.077_                                                      6.4349787 6.0399033 6.0979704 2.4791792 2.7417523 2.8740044 2.3135132 2.4935036 2.7889789 2.5400969 2.7538202 2.6945296 2.6426170 3.0177379 2.8020355 2.7174405 2.8031566 1.2441892 0.9860996 0.9886153 0.1982084 0.2099433 0.1921198 0.0000000 0.0000010 0.1856710 0.4660102 1.1960588 1.2814889 1.3154285 1.2933788 1.6891395 1.4149702 1.4521190 1.5672887 1.7185783 1.5057630 1.2528967 1.9793632 1.8355988 2.3385777 2.1336473 2.4514930 2.1458776 1.7236491 1.6112705 2.0136709 0.1051733 2.0215762 2.9918599 3.4278911 3.4646227 2.4412403 2.5662749 3.2736165 2.7633761 1.9692567 2.2907008 2.3906923 2.3658190 2.7198023 0.4874127 1.4241145 1.5960376 1.5725639 2.5680331 1.5132382 1.4804122 1.6220669 2.4040082 3.4069318 3.1617150 
VI_Sacu_v1.1_s0147.g023157_Myb_transcription_factor__0.077_                                                      6.8098076 6.3507723 6.4210624 2.2333356 2.7625211 2.7191326 2.3241409 2.2519269 2.7787574 2.3890477 2.4081801 2.4878809 2.5691924 2.9867867 2.6762260 2.4896961 2.6775766 1.0827703 0.8306901 0.8289745 0.1517261 0.1560655 0.1736287 0.0000010 0.0000000 0.1138587 0.4268645 1.2321043 1.2662464 1.3669995 1.2884847 1.6533468 1.3545429 1.4692051 1.5232356 1.5976434 1.5375701 1.1713855 1.9750390 1.7303030 2.3340546 2.0642265 2.2912085 1.9867584 1.7204269 1.6642047 1.8427653 0.0467232 2.0247917 2.8159522 3.2998852 3.2746596 2.3178446 2.3940121 3.0841826 2.6612690 1.9251189 2.0217203 2.3971626 2.2777996 2.5035239 0.4034318 1.3239811 1.4488050 1.5004405 2.4830742 1.3670090 1.4343973 1.5886490 2.2766492 3.1019069 3.0665169 
VI_MA_130648p0010_437_residues__                                                                                 5.9251223 5.8533867 5.5784993 2.6242549 3.1419795 2.9655437 2.5474621 2.4912459 2.9739691 2.5105263 2.6420396 2.6557443 2.8575678 3.4026336 3.0011053 3.1336920 2.7743997 1.5032408 1.0488957 1.0534736 0.2417718 0.2463793 0.2697574 0.1856710 0.1138587 0.0000000 0.6216866 1.2787274 1.5595011 1.6850654 1.6428240 1.7231449 1.6647710 1.7309399 1.6275110 1.7815861 1.7552357 1.4043523 2.2282389 1.9992536 2.3679635 2.4564273 2.5294279 2.0943975 2.0855151 1.8647053 2.0950732 0.2019200 1.9403582 3.1430934 3.0203144 3.2275179 2.5306821 2.7862204 3.1538223 2.6453839 1.7271771 2.4091285 2.6837053 2.9364525 3.2168124 0.5934610 1.5625578 1.7296573 1.7142273 2.1564895 1.4386501 1.7174942 1.6970299 2.5624304 3.4283798 2.8119211 
VI_AmTr_v1.0_scaffold00111.43_locus_evm_27.TU.AmTr_v1.0_scaffold00111.43                                         6.5099685 6.4916460 6.2229682 2.7621205 3.3390793 3.5317676 3.1141240 2.8944145 2.5855361 3.0109516 2.9294491 3.0542457 3.1565517 3.2074887 3.0356761 3.5779719 3.2118801 1.4012178 1.0643007 1.0672637 0.6342456 0.4753087 0.4838199 0.4660102 0.4268645 0.6216866 0.0000000 1.2736218 1.5885387 1.6486984 1.6024159 1.4412439 1.5627184 1.6220304 1.4386984 1.7530913 1.5793909 1.4615368 2.2652904 1.9848376 2.4124419 2.4278142 2.6921101 2.4941242 2.0372264 2.1736941 2.1294566 0.5040741 2.2591616 3.5374265 3.1813118 3.5393229 2.6199689 2.7582932 3.0650275 3.1157244 1.9469197 2.5663271 2.9481980 2.7458010 3.6860374 0.4887245 1.6566173 1.8177809 1.5591203 2.7463536 1.7737298 1.5130156 1.6605946 2.5557613 3.6243533 2.8380289 
VII_HAOX-0009745                                                                                                 5.3454472 5.1786209 5.1658924 2.1483441 2.2343877 2.1358483 1.7609615 1.6645154 1.9311514 1.5997604 1.8324016 1.9207600 2.7575706 2.6492190 2.7327591 2.5074655 2.6379199 1.8415494 1.6060432 1.6033652 1.3166198 1.3023456 1.3371546 1.1960588 1.2321043 1.2787274 1.2736218 0.0000000 0.4084427 0.4057154 0.6180917 0.5801165 0.7456422 0.4124315 0.3895602 0.4964578 0.3820785 0.3700074 0.9189750 1.0715149 1.1455132 1.0687351 1.3560357 1.1097411 1.1594249 1.5506853 1.2507152 1.2514579 1.0257870 1.9113697 1.8747792 2.7887127 2.0283347 2.0589412 2.0864927 2.0463592 2.0412803 1.7422589 3.0929539 2.5526449 2.5436124 1.2280646 0.4060714 0.7340527 0.4586011 1.3537965 1.1804944 0.5642071 0.6346505 1.1488020 2.7880059 1.7562441 
VII_Mp3g05910.1                                                                                                  6.0311617 6.0973242 5.7041843 2.1856912 2.7271908 3.1174592 2.4535301 2.0882510 2.4067499 2.3081727 2.5827392 2.3991489 3.4092230 3.5137077 3.4020831 3.3130343 3.3340155 2.4242935 1.7726241 1.7699536 1.5656863 1.6526819 1.6802244 1.2814889 1.2662464 1.5595011 1.5885387 0.4084427 0.0000000 0.3973817 0.7112104 0.6689900 0.6607415 0.2622980 0.3365805 0.3650284 0.3796050 0.3265833 1.1169531 1.3828309 1.5448730 1.7711499 1.9508992 1.5595586 1.4523043 1.8170194 1.5120524 1.4628365 1.2935570 2.6279721 2.6997254 3.1350221 2.4505730 3.0485868 2.4903993 2.8987825 1.8278441 2.3579913 2.8534707 2.6486817 3.2578634 1.4897787 0.4362370 0.7167135 0.4652022 1.5683186 1.1606822 0.6520598 0.8144057 1.5694201 3.3229749 2.1085904 
VII_ENA_MN199011_MN199011.1_Selaginella_moellendorffii                                                           5.2296314 4.8040715 5.2422618 2.5776483 2.7093413 3.0216174 2.3310492 1.9456125 2.5172720 2.3095337 2.5269228 2.3172210 3.2408149 3.3588565 3.0512045 3.0474353 3.1743770 2.4475440 1.7685479 1.7657362 1.6501405 1.5828812 1.5447618 1.3154285 1.3669995 1.6850654 1.6486984 0.4057154 0.3973817 0.0000000 0.7398535 0.7290997 0.6766856 0.4035457 0.4446211 0.4763831 0.4286846 0.4527198 1.2957616 1.3919868 1.6337099 1.7310909 1.6774024 1.3731583 1.4445551 1.8823977 1.4514050 1.4792981 1.2376936 2.6047776 2.5642857 3.5195367 2.6085752 2.5154029 2.8261235 2.6179609 1.9344247 2.1344928 3.1835026 2.6651130 3.3067913 1.4284063 0.4849092 0.7590409 0.6007401 1.6461613 1.2341610 0.7962170 0.7798717 1.7053041 3.3686048 2.5236799 
VII_Sacu_v1.1_s0002.g001222_Myb_transcription_factor__0.077_                                                     6.2211839 6.2564607 5.7584555 2.2444003 2.9875399 2.7963041 2.1653159 1.9075654 2.5148756 2.2218436 2.7340275 2.5037398 3.2512930 3.3458161 3.0829551 2.9308782 2.9652760 2.1960579 1.8376888 1.7772899 1.3945066 1.3696268 1.6513294 1.2933788 1.2884847 1.6428240 1.6024159 0.6180917 0.7112104 0.7398535 0.0000000 0.6326222 0.4547644 0.8445445 0.7663483 0.7082291 0.7521378 0.6174158 1.0615511 1.3926314 1.6059118 1.4587929 1.7351241 1.4497263 1.3103175 1.9697461 1.5411006 1.4554160 1.3975786 2.4173126 2.5584038 3.2438888 2.5931941 2.5376476 2.8699776 2.5297675 1.9485937 2.2499312 2.7082403 2.7967470 3.3704229 1.3866869 0.7708630 0.8893657 0.8736448 1.7668628 1.1373470 0.5444650 0.4623851 1.4321022 3.0064971 2.0440191 
VII_Sacu_v1.1_s0041.g012546_Myb_transcription_factor__0.077_                                                     6.1286395 5.5942621 5.3457313 1.9080989 2.5083764 2.9383123 2.4608119 2.3479605 2.6374216 2.2626734 2.4269484 2.4561371 3.3168868 3.6872417 3.3140790 3.2126916 3.5171619 2.1497947 1.6102263 1.5740888 1.6749921 1.5662042 1.7018743 1.6891395 1.6533468 1.7231449 1.4412439 0.5801165 0.6689900 0.7290997 0.6326222 0.0000000 0.6359848 0.6477126 0.6516347 0.7189778 0.6605889 0.6633070 1.1319776 1.4113326 1.8116764 1.7020984 1.8047383 1.5318638 1.4110869 1.6732630 1.3601019 1.5057351 1.3431342 2.7822762 2.5972388 2.4042618 2.3825046 2.2934221 2.2163587 2.9841149 2.0471101 2.1660826 2.8599208 2.8354539 3.7012136 1.2059651 0.7131379 1.0096978 0.6947465 1.8160082 1.5092597 0.2371148 0.5673050 1.6812930 3.8713820 2.1357079 
VII_Sacu_v1.1_s0272.g027033_Myb_transcription_factor__0.077_                                                     5.4071606 5.7981509 5.6488551 2.1689008 2.4255299 2.6325074 2.0617677 2.0395217 2.1512255 2.2251379 2.2686429 2.0854298 2.9494058 3.1658391 2.8654373 2.7700244 2.9520783 2.1452720 1.8105918 1.7725214 1.7007013 1.6970623 1.7515415 1.4149702 1.3545429 1.6647710 1.5627184 0.7456422 0.6607415 0.6766856 0.4547644 0.6359848 0.0000000 0.7393842 0.6804440 0.7299962 0.7146413 0.5141421 1.0923150 1.2563449 1.5481582 1.5519669 1.8387228 1.4096428 1.4877259 1.6847247 1.4176078 1.4658635 1.3338415 2.3987674 2.2522519 2.5136431 2.1711399 2.3089463 2.4977002 2.3948016 1.5053267 2.1685602 2.5316667 2.7396832 2.8469768 1.5127588 0.6646258 0.9073849 0.7981356 1.7541703 1.4800267 0.5764996 0.3500539 1.5956224 2.6980205 1.9739694 
VII_MA_96853p0010_582_residues__                                                                                 5.1059897 5.0749024 5.0734466 2.1328390 2.3695757 2.8313896 2.2597981 2.2383882 2.5422900 2.2216885 2.4526561 2.1142966 2.9062544 3.2574546 3.0506810 3.0244768 3.0927820 2.6063138 2.0118808 2.0164392 1.7433282 1.8172303 1.8324831 1.4521190 1.4692051 1.7309399 1.6220304 0.4124315 0.2622980 0.4035457 0.8445445 0.6477126 0.7393842 0.0000000 0.2244872 0.4583870 0.2651450 0.2469336 1.1921592 1.5232941 1.7929183 1.8189799 1.8568885 1.6213616 1.5762343 1.8557655 1.3893751 1.5296906 1.5226928 2.6449698 2.7316997 2.9960376 2.6446984 2.7866974 2.7350196 2.8267934 1.9362248 2.1530715 2.3819312 2.4138091 2.9229447 1.5479600 0.3635480 0.7221757 0.4690809 1.7206392 1.4369212 0.6322569 0.7530480 1.6769448 2.9502527 2.3796449 
VII_MA_10208000p0010_602_residues__                                                                              5.9467209 5.8444430 5.8301106 2.0219691 2.5374199 2.6068790 2.2445732 2.1308956 2.4553462 2.2782831 2.2532487 2.2605867 2.7197672 3.5142751 2.9032174 2.9498028 3.0587860 2.3467728 1.8828337 1.8834537 1.5369958 1.5616034 1.6764988 1.5672887 1.5232356 1.6275110 1.4386984 0.3895602 0.3365805 0.4446211 0.7663483 0.6516347 0.6804440 0.2244872 0.0000000 0.4126792 0.2293046 0.2946937 1.0541911 1.2965063 1.6212257 1.5922072 1.6103591 1.2665822 1.4526659 1.8015745 1.4542610 1.6924923 1.2211615 2.4821063 2.4571910 2.8280616 2.5513976 2.3691074 2.4514989 2.4104532 1.8924785 2.1650853 2.5216211 2.5771206 2.7689471 1.4703992 0.3468698 0.6860527 0.3864129 1.6123181 1.2786176 0.6448469 0.6585626 1.5345660 3.0324214 2.1687522 
VII_MA_20462p0010_470_residues__                                                                                 6.0383395 6.1478127 5.7751069 2.1592698 2.6798859 3.0399762 2.7573432 2.2610371 2.5208306 2.2917360 2.4381192 2.3928636 3.4078919 3.7515491 3.6117358 3.0780449 3.2730247 2.5786495 1.7775831 1.8366570 1.7623711 1.7182485 1.9288578 1.7185783 1.5976434 1.7815861 1.7530913 0.4964578 0.3650284 0.4763831 0.7082291 0.7189778 0.7299962 0.4583870 0.4126792 0.0000000 0.4020616 0.4321363 1.0824944 1.3495534 1.8421499 1.9003612 1.6899567 1.4442974 1.4519199 1.7856145 1.6533103 1.8312667 1.2665166 2.6361162 2.7789550 2.7621042 2.4724584 2.7493573 2.5312412 2.5877542 1.9100231 2.3798114 3.1220269 2.7999547 3.5238599 1.5701398 0.5021728 0.8572258 0.5581876 1.5584653 1.1546763 0.7167534 0.7229939 1.7072460 3.8165694 2.5765684 
VII_AmTr_v1.0_scaffold00038.91                                                                                   5.9908001 5.9622420 5.5358204 2.0500274 2.5169698 2.7290364 2.2321885 2.2328754 2.2295565 2.2571904 2.4974233 2.2851936 3.2851021 3.1744620 3.2043937 3.0335405 3.1533325 2.6908637 2.0163923 2.0368167 1.6670094 1.5716709 1.6745947 1.5057630 1.5375701 1.7552357 1.5793909 0.3820785 0.3796050 0.4286846 0.7521378 0.6605889 0.7146413 0.2651450 0.2293046 0.4020616 0.0000000 0.3256110 1.1639280 1.3241439 1.7091053 1.7161838 1.6415534 1.4026939 1.6160163 1.7017804 1.5693599 1.6697850 1.4878192 2.3002285 2.5385343 2.7674454 2.2946944 2.6434772 2.6770185 2.5411088 1.8282881 2.2773702 2.7214485 2.5436967 3.0917550 1.3495850 0.3721971 0.7254728 0.3931037 1.6795375 1.3496932 0.6241188 0.7699847 1.5637666 3.3125531 2.5428715 
VII_AmTr_v1.0_scaffold00037.85                                                                                   5.6130555 5.5306705 5.1918791 1.9570529 2.5377364 2.6091373 2.1592991 2.1278426 2.5973992 2.1250345 2.4273998 2.1620014 3.1094065 3.3635060 3.0382214 2.8370967 3.0512247 2.3769880 1.8669790 1.8864778 1.4399054 1.4458258 1.5543815 1.2528967 1.1713855 1.4043523 1.4615368 0.3700074 0.3265833 0.4527198 0.6174158 0.6633070 0.5141421 0.2469336 0.2946937 0.4321363 0.3256110 0.0000000 1.1697302 1.2715802 1.6226257 1.5690276 1.4407620 1.2266222 1.4260034 1.7620818 1.5336104 1.3000532 1.3735421 2.4351324 2.3163388 2.5420594 2.4289253 2.5158647 2.4023472 2.6003499 1.6079665 2.0200634 2.5710122 2.7605200 3.0575035 1.3823540 0.3127232 0.6299657 0.4720469 1.7087267 1.1453564 0.5525685 0.7110743 1.4187596 2.7836565 2.3457057 
VIII_MN199016_QIN53292.1_R2R3-MYB_transcription_factor__Selaginella_moellendorffii_                              5.0678458 5.2815795 4.8149648 2.2690079 2.4768208 2.7483967 2.8908016 2.4647091 2.6847462 2.7298327 3.0809037 3.2781560 3.7304008 3.6051130 3.5124150 3.1047183 3.3695090 2.3177269 2.1504159 2.0656063 2.4933522 2.2648609 2.2484513 1.9793632 1.9750390 2.2282389 2.2652904 0.9189750 1.1169531 1.2957616 1.0615511 1.1319776 1.0923150 1.1921592 1.0541911 1.0824944 1.1639280 1.1697302 0.0000000 0.6085229 0.7755614 0.7239630 1.1007169 0.9014038 0.7331331 1.6896832 0.8083919 2.0852445 0.7572568 2.3141161 2.4476725 3.4652049 2.4948258 2.9522185 2.5814048 3.0701098 2.2480413 2.8567098 3.1545132 4.2932303 3.7675030 1.9372131 1.1055790 1.3897015 1.0561142 0.6863437 0.8629707 1.0818638 1.2350365 0.6373280 3.9680034 1.2885512 
VIII_XM_024668296.1_XP_024524064.1_transcription_factor_MYB26__Selaginella_moellendorffii_                       5.2516869 5.4254792 4.9205557 2.0253765 2.5017005 2.8544554 2.5343597 2.3937811 2.5270099 2.3597066 2.5757066 2.6400402 2.8814563 3.3077573 3.0500242 2.9564709 2.6854076 2.1726080 1.7881882 1.7229956 2.1262138 1.8484545 1.8828073 1.8355988 1.7303030 1.9992536 1.9848376 1.0715149 1.3828309 1.3919868 1.3926314 1.4113326 1.2563449 1.5232941 1.2965063 1.3495534 1.3241439 1.2715802 0.6085229 0.0000000 0.8494458 0.8578140 1.1755805 0.9933264 0.7491039 1.1667636 0.6750617 1.9747886 0.8195214 2.5457199 2.5964913 3.1666881 2.3980185 2.9080580 2.6473902 3.1454916 1.8637138 2.3608780 2.7102209 2.9120444 3.5559535 1.4975593 1.3435688 1.5085354 1.3279562 0.9966649 1.1515687 1.2782300 1.4698739 0.7483051 3.2930331 0.9250049 
VIII_Mapoly0073s0038_PTQ35164.1_hypothetical_protein_MARPO_0073s0038__Marchantia_polymorpha_                     5.8055854 6.0006303 5.3846574 2.2836885 2.5172248 2.7783050 2.8082694 2.4960378 2.8122750 2.8449617 3.2857686 3.3793489 3.6321744 3.5824266 2.9952947 3.3246932 2.8447860 2.3080229 1.9646986 1.8701195 2.5248256 2.1497737 2.3762715 2.3385777 2.3340546 2.3679635 2.4124419 1.1455132 1.5448730 1.6337099 1.6059118 1.8116764 1.5481582 1.7929183 1.6212257 1.8421499 1.7091053 1.6226257 0.7755614 0.8494458 0.0000000 0.6089868 1.0206868 0.8808632 0.9788438 1.7281131 1.1154259 2.2136394 1.0143045 2.7696745 2.3190782 3.5117657 2.9682529 3.4582549 3.0152269 2.7674856 1.9746085 2.6696531 3.1331409 3.7860968 3.4849407 2.1769742 1.5021877 1.6262208 1.7143809 1.0469420 1.1789555 1.6175938 1.7559245 0.6271515 3.7583446 1.6492764 
VIII_Mapoly0006s0226_PTQ48220.1_hypothetical_protein_MARPO_0006s0226__Marchantia_polymorpha_                     5.6039791 6.0588161 6.0683807 3.0314894 2.9503034 3.2374598 2.9977774 2.3492663 2.7900697 3.0467047 3.2038232 3.5791395 3.3278247 3.2720485 3.6227914 3.0332857 2.9839072 2.4109665 2.3240528 2.2175822 2.8184456 2.3223693 2.2466870 2.1336473 2.0642265 2.4564273 2.4278142 1.0687351 1.7711499 1.7310909 1.4587929 1.7020984 1.5519669 1.8189799 1.5922072 1.9003612 1.7161838 1.5690276 0.7239630 0.8578140 0.6089868 0.0000000 0.8453311 0.5426937 0.9193724 1.9846428 1.1687171 2.1074069 0.8254574 2.9218449 2.7055574 3.5713982 2.8198495 3.0128529 3.3729001 3.0567695 2.3319757 3.0063112 3.3060691 3.7389134 3.3587519 2.4051963 1.3614379 1.7783789 1.5710188 1.0293121 0.9451554 1.5952052 1.8066652 0.3704971 3.8642541 1.9078259 
VIII_XM_024680104.1_XP_024535872.1_transcription_factor_MYB8-like__Selaginella_moellendorffii_                   6.1654517 6.3798561 5.2940332 2.9489210 2.8110208 3.1389916 2.7888842 2.7101369 2.8488752 2.5421080 2.8313885 2.7615109 3.4880576 3.4403517 3.1051152 3.2416395 2.7422492 2.5089941 2.4805466 2.3661566 2.7502860 2.4383530 2.5386833 2.4514930 2.2912085 2.5294279 2.6921101 1.3560357 1.9508992 1.6774024 1.7351241 1.8047383 1.8387228 1.8568885 1.6103591 1.6899567 1.6415534 1.4407620 1.1007169 1.1755805 1.0206868 0.8453311 0.0000000 0.5944733 1.1769359 1.5478901 1.5804250 2.5348865 1.0372176 3.6181638 3.1222324 3.3957822 3.0392143 3.6820779 3.0514197 2.8105611 2.4107511 2.8558026 2.9087241 3.4921069 3.2926746 2.4225900 1.4805445 1.8253023 1.8573385 1.4148834 1.2439364 1.6521778 1.7919810 0.9564654 3.3015832 2.6367832 
VIII_MN199020_QIN53296.1_R2R3-MYB_transcription_factor__Selaginella_moellendorffii_                              6.2498870 6.2431257 5.7671926 2.2832439 2.8568559 3.2674307 2.3019137 1.9852001 2.4615543 2.5947812 2.5391110 2.9475342 2.8726783 3.4177635 3.4116336 2.5928652 2.7799695 2.4963841 2.4673906 2.3259865 2.1813967 2.1938752 1.9590881 2.1458776 1.9867584 2.0943975 2.4941242 1.1097411 1.5595586 1.3731583 1.4497263 1.5318638 1.4096428 1.6213616 1.2665822 1.4442974 1.4026939 1.2266222 0.9014038 0.9933264 0.8808632 0.5426937 0.5944733 0.0000000 0.9844685 1.8893161 1.1225923 2.1349197 0.7755467 3.5285991 3.1732584 3.2387359 2.9429820 2.8304975 2.9666120 2.8001239 2.1561709 2.6457150 2.7653980 3.4500618 2.7171202 2.1923292 1.2410070 1.4949868 1.4315359 1.0646456 0.9095655 1.5137916 1.5147362 0.5291276 3.1212535 2.1765039 
Azfi_s0014.g013584                                                                                               6.1207780 6.3081671 5.8652148 2.4353590 2.7847686 3.1522797 2.9129965 2.1886630 2.0596050 2.5096241 2.6761970 3.0994977 3.2357119 3.0582828 3.2856959 2.8391407 2.7831542 2.4274295 2.0376470 1.9650472 2.1816406 1.9491667 2.0727669 1.7236491 1.7204269 2.0855151 2.0372264 1.1594249 1.4523043 1.4445551 1.3103175 1.4110869 1.4877259 1.5762343 1.4526659 1.4519199 1.6160163 1.4260034 0.7331331 0.7491039 0.9788438 0.9193724 1.1769359 0.9844685 0.0000000 1.5435830 1.2149303 1.9733326 0.7982829 2.9117965 2.8250244 3.5305374 3.2372249 2.9072941 2.9044221 3.1963981 1.9348862 2.3779296 2.7602187 2.8005721 2.9884096 1.7116205 1.5594965 1.5443642 1.5176070 1.0509868 0.9990977 1.2870052 1.5048422 0.9351517 3.2675786 1.4837850 
Azfi_s0035.g025508                                                                                               6.9178560 7.1687200 6.3822596 2.5016254 2.5445983 2.9615742 2.6576867 2.4246357 2.3891415 2.4176296 2.8838332 2.8846746 3.4069252 3.4276703 2.7080193 2.8873688 3.3295204 1.9929445 1.6222296 1.7404047 1.9982314 1.7542166 1.7024789 1.6112705 1.6642047 1.8647053 2.1736941 1.5506853 1.8170194 1.8823977 1.9697461 1.6732630 1.6847247 1.8557655 1.8015745 1.7856145 1.7017804 1.7620818 1.6896832 1.1667636 1.7281131 1.9846428 1.5478901 1.8893161 1.5435830 0.0000000 1.4341136 1.6237907 1.6317974 3.8543004 3.5981484 3.9974620 3.0807848 2.8812552 2.7325098 3.1675184 2.3766855 2.4575936 2.5918497 2.5703523 3.3253713 1.5729581 1.8087018 2.0399573 1.7741142 2.1257440 1.5128760 1.5401599 1.8609022 1.7738111 3.3601282 1.9001959 
Azfi_s0041.g026722                                                                                               6.0507018 6.0299686 5.2212761 2.4883757 2.4407209 2.9386082 3.0047537 2.0396899 2.8626773 3.0400387 2.9485761 3.2775014 3.1826732 3.3955677 3.5815708 3.1724767 3.3707363 2.3500097 1.8687614 1.8042020 2.1852522 2.0095106 2.0940136 2.0136709 1.8427653 2.0950732 2.1294566 1.2507152 1.5120524 1.4514050 1.5411006 1.3601019 1.4176078 1.3893751 1.4542610 1.6533103 1.5693599 1.5336104 0.8083919 0.6750617 1.1154259 1.1687171 1.5804250 1.1225923 1.2149303 1.4341136 0.0000000 1.8265108 1.0224116 2.9524867 2.4146523 3.3860810 2.6688839 2.8762706 2.6585580 2.7840683 2.3922683 2.4995155 2.8997179 3.6690429 2.9714310 1.5017812 1.6363994 1.3237315 1.5192450 1.0642482 1.1432338 1.4701621 1.5708040 1.1126605 3.2324597 1.1140480 
