29
g8575.t1_length                                                                         0.0000000 0.0367018 0.0535553 3.0037367 3.4580833 8.9999988 3.3436063 1.6274856 1.5639135 3.7655497 2.7273187 4.0902076 4.1673283 4.2859218 2.9743446 4.3094941 1.7780999 4.9251534 2.0758374 3.8831953 4.3028326 5.0935322 3.6982387 4.4212216 4.5068286 4.2713791 4.2636766 5.0420769 3.8240345 
BBG43567_LC221833_MYB_transcription_factor                                              0.0367018 0.0000000 0.0623853 1.5971149 1.7175440 8.9999987 1.4301623 1.5932994 1.5160832 1.5132491 1.3555684 1.7128695 2.2902200 1.8785413 1.9439764 2.1428321 1.6099670 1.9884708 1.9353692 1.9379334 2.0954803 2.0392108 1.6981534 2.0923241 1.8864657 1.9719484 1.5783259 2.0825561 1.9205982 
BBG43566_LC221832_Chara_leptospora_mRNA_for_MYB_transcription_factor                    0.0535553 0.0623853 0.0000000 1.0535567 0.9854393 8.9999989 1.0461790 1.0608195 0.9582165 1.0099380 0.9314292 1.2337985 1.7559090 1.2878797 1.4626444 1.5096151 1.0677730 1.4639700 1.4490997 1.3915284 1.5733701 1.4774461 1.2550175 1.5411577 1.3974949 1.3308430 1.4109152 1.5047858 1.5724123 
Mapoly0019s0071.1                                                                       3.0037367 1.5971149 1.0535567 0.0000000 0.8502666 8.9999982 1.0622301 0.4065751 0.3704400 1.0090297 1.3657193 3.5367195 3.3378040 3.5321319 2.5354715 2.8462939 0.3686263 3.6429756 1.6414402 3.0612132 2.8046106 3.7968464 2.9312901 3.5401482 2.9888425 3.5151237 2.9382782 3.8832463 3.0312393 
XM_024688730.1__XP_024544498.1                                                          3.4580833 1.7175440 0.9854393 0.8502666 0.0000000 8.9999982 1.1908714 0.3626635 0.3114532 1.0991701 1.1450279 3.5127883 3.2451692 3.5715362 2.5687324 3.2637995 0.3488727 2.9587837 1.7939728 2.7919204 2.8221357 4.1469074 3.2258570 2.9551052 3.3467616 3.2923283 2.6355811 3.5720053 3.0860193 
XM_024688710__XP_024544478.1_pentatricopeptide_repeat-containing_protein_At1g11290      8.9999988 8.9999987 8.9999989 8.9999982 8.9999982 0.0000000 8.9999982 8.9999981 8.5902817 8.5902060 8.9999989 8.9999981 8.3535651 8.0379641 8.5559263 7.1208214 8.9999988 8.9999981 8.0264990 7.0272318 8.9999985 8.9999980 7.5551330 7.7127996 7.4839850 6.5840080 6.3327790 8.9999985 7.2995047 
XM_024688389.1_XP_024524157.1_transcription_repressor_MYB4__Selaginella_moellendorffii_ 3.3436063 1.4301623 1.0461790 1.0622301 1.1908714 8.9999982 0.0000000 0.4577581 0.3920299 1.5344627 1.5746923 3.4712518 3.9565609 3.7025644 2.5821448 3.6188570 0.4121464 3.7047400 1.5613269 3.3654475 3.3603490 4.1229818 3.5918792 3.9375340 3.3735143 3.8248629 3.1077083 4.1037721 3.6757993 
Sacu_v1.1_s1503.g028048_Myb_transcription_factor__0.077_                                1.6274856 1.5932994 1.0608195 0.4065751 0.3626635 8.9999981 0.4577581 0.0000000 0.0000010 0.3193204 0.6354201 1.6779908 1.7927968 1.6983408 1.4002037 1.6915880 0.1283392 2.0112744 1.5837209 1.3025841 1.3818404 1.6481942 1.7338082 1.7134317 1.4084648 1.4655196 1.1456937 1.4559028 1.2640611 
Sacu_v1.1_s0147.g023157_Myb_transcription_factor__0.077_                                1.5639135 1.5160832 0.9582165 0.3704400 0.3114532 8.5902817 0.3920299 0.0000010 0.0000000 0.2497461 0.6437979 1.5917402 1.8510639 1.5959203 1.4210817 1.6764079 0.0674971 1.8263383 1.6650234 1.3570599 1.2932359 1.5911381 1.5910484 1.6777685 1.4244455 1.3758202 1.1460194 1.3772994 1.2620668 
MA_130648p0010_437_residues__                                                           3.7655497 1.5132491 1.0099380 1.0090297 1.0991701 8.5902060 1.5344627 0.3193204 0.2497461 0.0000000 1.3388195 3.9939509 3.6296106 3.2400690 2.3386728 3.3334106 0.3193480 3.3553610 1.4987253 3.0974280 3.2739643 4.1319433 3.4187394 3.5198037 3.3994360 3.6305230 2.9678588 3.9126614 3.1062459 
AmTr_v1.0_scaffold00111.43_locus_evm_27.TU.AmTr_v1.0_scaffold00111.43                   2.7273187 1.3555684 0.9314292 1.3657193 1.1450279 8.9999989 1.5746923 0.6354201 0.6437979 1.3388195 0.0000000 3.1629825 3.0077970 3.3837535 2.2536268 3.3040571 0.6371323 2.6855168 1.4527272 2.6769114 2.4122730 3.1885056 3.0247449 3.0992624 2.8600417 2.7513897 2.4731917 2.9897087 2.8493421 
Azfi_s0004.g008455                                                                      4.0902076 1.7128695 1.2337985 3.5367195 3.5127883 8.9999981 3.4712518 1.6779908 1.5917402 3.9939509 3.1629825 0.0000000 3.0043962 1.7708991 2.3568912 2.7870273 1.6241989 3.5842814 1.0273830 1.9220893 2.5267528 2.0207862 1.2487415 2.0171969 2.3945655 2.3369372 2.3276458 2.5594791 2.3459171 
Azfi_s0014.g013584                                                                      4.1673283 2.2902200 1.7559090 3.3378040 3.2451692 8.3535651 3.9565609 1.7927968 1.8510639 3.6296106 3.0077970 3.0043962 0.0000000 3.1251024 2.0559503 2.5890459 1.8554854 2.2199111 1.6384766 3.3724704 3.1284743 3.1479794 3.1546362 3.1458651 3.1750345 3.1062523 2.7681950 3.5272650 2.9630944 
Azfi_s0021.g015882                                                                      4.2859218 1.8785413 1.2878797 3.5321319 3.5715362 8.0379641 3.7025644 1.6983408 1.5959203 3.2400690 3.3837535 1.7708991 3.1251024 0.0000000 1.9888035 2.6535084 1.6056894 3.1212710 1.0332737 1.7426362 2.8012643 2.2757096 1.8837102 1.5276974 2.1955171 2.1680356 1.8519484 2.5702067 2.2744563 
Azfi_s0035.g025508                                                                      2.9743446 1.9439764 1.4626444 2.5354715 2.5687324 8.5559263 2.5821448 1.4002037 1.4210817 2.3386728 2.2536268 2.3568912 2.0559503 1.9888035 0.0000000 2.0691990 1.3830125 2.0075884 1.7617004 2.2213213 2.0812155 2.6229457 2.1451245 2.1035733 2.2332777 2.3837073 2.0651028 2.2398350 2.5965433 
Azfi_s0041.g026722                                                                      4.3094941 2.1428321 1.5096151 2.8462939 3.2637995 7.1208214 3.6188570 1.6915880 1.6764079 3.3334106 3.3040571 2.7870273 2.5890459 2.6535084 2.0691990 0.0000000 1.6288100 2.3293623 1.5227253 2.9089642 3.0110856 2.8549888 2.6808233 2.6968273 2.8150611 2.7382852 2.5262773 3.3202342 2.5638635 
Azfi_s0076.g037908                                                                      1.7780999 1.6099670 1.0677730 0.3686263 0.3488727 8.9999988 0.4121464 0.1283392 0.0674971 0.3193480 0.6371323 1.6241989 1.8554854 1.6056894 1.3830125 1.6288100 0.0000000 2.0687281 1.5015278 1.3401846 1.5205864 1.7815288 1.7337186 1.9242833 1.3734488 1.4719320 1.3542252 1.6317178 1.3399020 
Azfi_s0129.g048859                                                                      4.9251534 1.9884708 1.4639700 3.6429756 2.9587837 8.9999981 3.7047400 2.0112744 1.8263383 3.3553610 2.6855168 3.5842814 2.2199111 3.1212710 2.0075884 2.3293623 2.0687281 0.0000000 1.3437795 2.9699955 3.3899199 3.3391385 3.0833218 3.0104989 3.1022871 2.9049451 2.7329664 3.3307778 3.1161900 
HAOX-0009745                                                                            2.0758374 1.9353692 1.4490997 1.6414402 1.7939728 8.0264990 1.5613269 1.5837209 1.6650234 1.4987253 1.4527272 1.0273830 1.6384766 1.0332737 1.7617004 1.5227253 1.5015278 1.3437795 0.0000000 0.6607094 0.8657902 1.0682573 0.9153595 1.1397168 0.7418330 0.6707708 0.6639030 0.7584374 0.7557479 
Mp3g05910.1                                                                             3.8831953 1.9379334 1.3915284 3.0612132 2.7919204 7.0272318 3.3654475 1.3025841 1.3570599 3.0974280 2.6769114 1.9220893 3.3724704 1.7426362 2.2213213 2.9089642 1.3401846 2.9699955 0.6607094 0.0000000 1.7943576 2.4682801 1.8719805 2.4715495 1.1963562 1.0111337 1.1416345 1.4588938 1.4686860 
ENA_MN199011_MN199011.1_Selaginella_moellendorffii                                      4.3028326 2.0954803 1.5733701 2.8046106 2.8221357 8.9999985 3.3603490 1.3818404 1.2932359 3.2739643 2.4122730 2.5267528 3.1284743 2.8012643 2.0812155 3.0110856 1.5205864 3.3899199 0.8657902 1.7943576 0.0000000 2.8396109 2.7054484 2.9190803 2.0045274 1.7997331 1.8635098 1.7704204 1.8518263 
Sacu_v1.1_s0002.g001222_Myb_transcription_factor__0.077_                                5.0935322 2.0392108 1.4774461 3.7968464 4.1469074 8.9999980 4.1229818 1.6481942 1.5911381 4.1319433 3.1885056 2.0207862 3.1479794 2.2757096 2.6229457 2.8549888 1.7815288 3.3391385 1.0682573 2.4682801 2.8396109 0.0000000 2.2871380 2.4086146 2.7205637 2.9028569 2.2820246 3.4758927 2.7749249 
Sacu_v1.1_s0041.g012546_Myb_transcription_factor__0.077_                                3.6982387 1.6981534 1.2550175 2.9312901 3.2258570 7.5551330 3.5918792 1.7338082 1.5910484 3.4187394 3.0247449 1.2487415 3.1546362 1.8837102 2.1451245 2.6808233 1.7337186 3.0833218 0.9153595 1.8719805 2.7054484 2.2871380 0.0000000 2.0204586 2.4116360 2.3667278 1.8457569 2.7287001 2.4287798 
Sacu_v1.1_s0272.g027033_Myb_transcription_factor__0.077_                                4.4212216 2.0923241 1.5411577 3.5401482 2.9551052 7.7127996 3.9375340 1.7134317 1.6777685 3.5198037 3.0992624 2.0171969 3.1458651 1.5276974 2.1035733 2.6968273 1.9242833 3.0104989 1.1397168 2.4715495 2.9190803 2.4086146 2.0204586 0.0000000 2.7226433 2.8670096 2.2075434 3.3867890 2.1840077 
MA_96853p0010_582_residues__                                                            4.5068286 1.8864657 1.3974949 2.9888425 3.3467616 7.4839850 3.3735143 1.4084648 1.4244455 3.3994360 2.8600417 2.3945655 3.1750345 2.1955171 2.2332777 2.8150611 1.3734488 3.1022871 0.7418330 1.1963562 2.0045274 2.7205637 2.4116360 2.7226433 0.0000000 0.9404834 1.5397806 1.4475962 1.2801282 
MA_10208000p0010_602_residues__                                                         4.2713791 1.9719484 1.3308430 3.5151237 3.2923283 6.5840080 3.8248629 1.4655196 1.3758202 3.6305230 2.7513897 2.3369372 3.1062523 2.1680356 2.3837073 2.7382852 1.4719320 2.9049451 0.6707708 1.0111337 1.7997331 2.9028569 2.3667278 2.8670096 0.9404834 0.0000000 1.5963997 1.0224933 1.3541412 
MA_20462p0010_470_residues__                                                            4.2636766 1.5783259 1.4109152 2.9382782 2.6355811 6.3327790 3.1077083 1.1456937 1.1460194 2.9678588 2.4731917 2.3276458 2.7681950 1.8519484 2.0651028 2.5262773 1.3542252 2.7329664 0.6639030 1.1416345 1.8635098 2.2820246 1.8457569 2.2075434 1.5397806 1.5963997 0.0000000 1.8488073 1.6092840 
AmTr_v1.0_scaffold00038.91                                                              5.0420769 2.0825561 1.5047858 3.8832463 3.5720053 8.9999985 4.1037721 1.4559028 1.3772994 3.9126614 2.9897087 2.5594791 3.5272650 2.5702067 2.2398350 3.3202342 1.6317178 3.3307778 0.7584374 1.4588938 1.7704204 3.4758927 2.7287001 3.3867890 1.4475962 1.0224933 1.8488073 0.0000000 1.6522248 
AmTr_v1.0_scaffold00037.85                                                              3.8240345 1.9205982 1.5724123 3.0312393 3.0860193 7.2995047 3.6757993 1.2640611 1.2620668 3.1062459 2.8493421 2.3459171 2.9630944 2.2744563 2.5965433 2.5638635 1.3399020 3.1161900 0.7557479 1.4686860 1.8518263 2.7749249 2.4287798 2.1840077 1.2801282 1.3541412 1.6092840 1.6522248 0.0000000 
