58
CDC5_XM_024677933.1_XP_024533701.1_transcription_factor_MYB61-like__Selaginella_moellendorffii_     0.0000000 5.7777417 5.7350727 5.6698485 2.6535878 3.4733129 3.6903476 3.0111893 2.9861813 3.2397905 2.9820267 3.1478201 3.4711110 2.4956313 2.9064754 4.1056418 3.3608271 3.3869181 3.1606910 2.5537552 1.7200802 2.4620505 2.7096239 2.8307918 2.8893039 2.8927942 2.5347206 2.3393501 2.2108750 2.0336867 2.2634675 2.5051800 2.1381663 2.8338198 2.0585760 2.4295622 2.4762516 1.8298927 1.8715667 1.8517871 1.5353599 2.0007605 2.2328267 2.1076984 2.0422735 4.1605535 4.5060037 2.1229342 1.9217197 2.2018494 1.6873780 1.6457569 2.7399416 2.2684463 2.7694353 3.6189134 3.9915616 2.1653211 
CDC5_XM_024686040.1_XP_024541808.1_cell_division_cycle_5-like_protein                               5.7777417 0.0000000 0.0294093 0.2295334 5.5842167 7.1907766 8.9999987 8.9999988 8.2066066 8.1582117 8.9999990 8.6966360 8.9999985 6.1964743 8.0985829 7.3711869 8.1136282 6.7107694 7.7183221 5.9755116 5.4662803 8.9999982 8.9999989 8.9999987 8.1844881 8.7008424 8.9999990 8.9999989 6.2157374 8.9999990 8.2447927 8.9999987 8.9999990 8.9900571 8.9999985 8.9999989 7.3453128 8.6235695 8.9999982 8.4157389 6.9303812 8.9999989 8.9999985 8.9999980 8.9999990 8.9999988 8.9999987 8.9999984 8.9999988 7.0517007 8.9999988 8.9999982 7.8329984 7.9179313 6.9505626 8.7796613 7.3917660 8.9999983 
CDC5_XM_002981114.2_XP_002981160.1_cell_division_cycle_5-like_protein__Selaginella_moellendorffii_  5.7350727 0.0294093 0.0000000 0.2250874 5.4252698 6.7681137 8.9999983 8.9999986 7.7418550 7.5151397 8.5425606 7.8408802 8.9353103 5.8529859 7.6431231 7.2692181 8.0273251 6.6879368 7.3251617 5.4918755 4.9738019 8.9999980 8.9999982 8.9999989 7.6209621 8.0330791 8.9999988 8.9999986 6.0636487 8.9999983 7.5608582 8.6433272 8.9999987 8.0721023 8.8868570 8.9999987 7.3824370 8.9999981 8.9992919 8.5772452 6.5884873 8.9221339 8.9999990 8.9999985 8.9999984 8.9999984 8.9999987 8.9999990 8.2774893 7.1448332 8.9999985 8.9999983 7.2714976 7.6350839 7.1629516 8.8521912 6.8475036 8.9361257 
CDC5_Mapoly0014s0195_PTQ45693.1_hypothetical_protein_MARPO_0014s0195__Marchantia_polymorpha_        5.6698485 0.2295334 0.2250874 0.0000000 4.3365618 6.5902087 8.9999984 8.5640696 7.5350816 7.1192330 8.1912578 7.7368864 8.9999982 6.4511900 8.3249290 7.0048385 8.2075704 5.9345758 7.9173584 5.4918755 4.9738019 8.9999987 8.9999982 8.6288594 7.9144572 8.3760815 7.8418697 8.9167386 5.9353647 8.4238492 7.1261830 8.9999987 8.9999988 8.9999984 7.8955889 8.4105582 6.5050343 8.9999982 6.9386634 8.3902740 6.2358188 8.6732254 8.9999988 8.9999981 8.9999989 8.9999989 8.9999985 8.9999985 7.9333787 7.2305684 8.6464763 8.9999988 6.9247885 7.8785040 8.1304456 8.9261409 6.7712138 8.9999982 
I_Mapoly0085s0092_PTQ33890.1_hypothetical_protein_MARPO_0085s0092__Marchantia_polymorpha_           2.6535878 5.5842167 5.4252698 4.3365618 0.0000000 1.8893979 1.9479987 1.8588992 2.2324725 2.1295109 2.1788603 2.0182473 2.3623697 2.0548917 2.6019688 2.1527086 2.4146474 2.1751520 3.4696919 2.6847978 2.5342972 2.9655026 2.8476976 2.8067501 2.7931925 2.3951049 3.1181241 3.0703905 2.1064763 2.4395061 2.9779610 3.0494890 2.2694752 2.3894089 2.4610864 2.3606390 2.2545903 2.8292754 2.0759476 2.5917601 2.8485909 2.8082032 3.0228288 3.4116864 2.5652682 3.6549400 3.7007503 2.6012594 2.6559384 2.2229804 3.3763575 3.1188238 2.7918635 3.6303281 1.9145264 2.1811418 1.5073791 2.6825129 
II_Mapoly0001s0061_PTQ49997.1_hypothetical_protein_MARPO_0001s0061__Marchantia_polymorpha_          3.4733129 7.1907766 6.7681137 6.5902087 1.8893979 0.0000000 2.0294498 3.7711847 3.9145139 4.6119391 4.4001755 4.2318109 4.2782678 3.5991457 4.5928031 4.1275116 4.9486248 4.0945949 5.2384509 3.0499723 2.3529984 5.2260561 4.9387236 5.4557681 4.1277524 4.0105044 5.9804579 5.1083121 2.7679965 5.2191185 5.3842117 5.6328173 4.8172813 4.8127905 4.4904213 4.9408163 4.2261916 5.6698714 3.6469775 5.2479654 4.6781962 5.3845590 6.3993055 5.6025951 5.4664997 8.0539636 7.2644724 4.7239121 5.4037669 5.0476096 4.4525107 4.4797911 3.9760405 4.8407816 2.8623495 3.3451518 3.2615000 5.3404423 
III_XM_002991980.2_XP_002992026.2_myb-related_protein_B__Selaginella_moellendorffii_                3.6903476 8.9999987 8.9999983 8.9999984 1.9479987 2.0294498 0.0000000 3.6357193 3.7719848 3.9445280 3.7087908 3.3119814 3.5804254 3.1248331 3.5310492 3.6563121 3.9311030 5.5918020 4.9777389 3.0821004 2.3722988 4.8801983 4.5972097 5.0131819 4.3953760 4.1577649 6.1484019 4.4416165 3.5516681 5.1138615 4.6393008 6.0446870 4.4656937 5.1460398 6.3839802 5.4785728 4.6005872 5.5926620 4.4830450 4.3683907 4.4780925 4.1657989 4.9564781 4.6273964 5.0838255 6.3585058 7.4690687 5.9341296 4.8805707 5.4424974 5.2437465 4.9541520 4.2790259 4.9417977 2.3551336 3.2065640 2.6943467 5.9880059 
III_Mapoly0007s0271_PTQ47916.1_hypothetical_protein_MARPO_0007s0271__Marchantia_polymorpha_         3.0111893 8.9999988 8.9999986 8.5640696 1.8588992 3.7711847 3.6357193 0.0000000 1.6812830 1.8619468 1.8379243 1.6208801 1.8316408 2.8675719 3.4405758 3.1637577 3.6656842 3.8693148 5.0002834 2.9150640 2.1746542 4.7231895 4.4575714 4.6775655 3.1493922 3.1025825 4.6646551 4.5950540 2.7153505 3.9021897 3.1573606 4.2735674 3.9830659 3.8533516 4.4211682 4.3548105 3.3477049 4.2657265 3.4746228 5.2367661 3.8604234 4.6600684 4.7556186 3.8057274 4.4065516 5.1405330 5.6753050 3.8195456 4.9234371 4.0816119 5.5713933 5.1365210 3.2239225 5.2649300 3.3010123 3.9704202 3.0785232 5.2730794 
III_XM_002971992.2_XP_002972038.2_transcription_factor_MYB1__Selaginella_moellendorffii_            2.9861813 8.2066066 7.7418550 7.5350816 2.2324725 3.9145139 3.7719848 1.6812830 0.0000000 2.1705619 1.7920587 1.9799567 1.9558897 2.9243071 4.2176275 3.1164391 3.1447105 3.3208488 5.0616485 2.6473825 2.1326947 4.7266020 4.2572711 3.9620077 3.1503229 2.7866945 4.5036335 4.7220711 2.3497010 3.5981170 4.3022703 3.7191395 4.0204119 3.7026912 4.5737481 4.4675434 3.4582920 3.8551487 3.1021899 4.6071270 4.2536340 4.9359273 5.2126145 4.6320305 4.5681373 5.8502106 6.0727220 4.1568014 3.8635152 4.1926979 5.1667045 5.0135592 2.9593988 4.9599809 2.8383338 3.5147034 3.3822656 5.1097659 
IV_MN199005_QIN53281.1_R2R3-MYB_transcription_factor__Selaginella_moellendorffii_                   3.2397905 8.1582117 7.5151397 7.1192330 2.1295109 4.6119391 3.9445280 1.8619468 2.1705619 0.0000000 1.0757258 1.3672648 1.3211881 3.5108420 3.6978155 2.8781937 3.6935106 3.6966473 4.8331397 2.6901236 2.1065102 4.8942060 4.4592277 5.1004837 3.2191774 3.3169386 4.7999197 4.0759620 2.7066533 3.9611079 4.2547068 4.8249134 4.4904954 3.9046879 3.8779699 3.7610690 3.3567738 4.9447969 4.2987171 4.4168588 4.0999689 5.0735593 4.6066393 5.0305682 3.5799916 6.3771401 6.8722076 4.2798522 3.6706007 3.9842995 4.9063855 4.5643833 3.6633085 4.9916407 3.1212602 3.8791590 2.9680334 4.9170611 
IV_MN199007_QIN53283.1_R2R3-MYB_transcription_factor__Selaginella_moellendorffii_                   2.9820267 8.9999990 8.5425606 8.1912578 2.1788603 4.4001755 3.7087908 1.8379243 1.7920587 1.0757258 0.0000000 0.8947644 1.0557245 2.9455872 3.9957457 3.3578901 3.3979094 3.6784441 5.0499755 3.0680352 2.1778908 5.7394375 3.7244616 5.5455434 3.3797962 3.2096702 4.6291352 5.0035525 2.4646323 3.6906734 3.7555819 4.6209453 4.4337820 4.1396970 3.9835527 3.8374706 3.9101763 4.4577292 3.9029849 5.2797072 4.0390326 4.7661471 4.9384360 5.2222059 4.3483546 6.2489432 6.9491077 4.0343482 3.8318715 4.3955772 4.7075301 5.0235165 3.6315278 4.7358881 3.5589320 4.5771750 3.6231455 5.0656399 
IV_MN199006_QIN53282.1_R2R3-MYB_transcription_factor__Selaginella_moellendorffii_                   3.1478201 8.6966360 7.8408802 7.7368864 2.0182473 4.2318109 3.3119814 1.6208801 1.9799567 1.3672648 0.8947644 0.0000000 1.1936074 3.1058105 3.5201814 3.4791405 3.8723616 3.2721729 5.3312949 2.8696318 2.0307199 4.9437521 4.3075021 5.3824115 3.4471850 3.0860305 4.5156276 4.3149771 2.2844217 3.8190787 3.6829187 4.5053942 3.7410091 3.5707473 4.2477999 3.9445406 3.7307060 4.1411091 3.9640211 5.6071921 4.1840702 5.1463595 5.0475961 4.6768926 4.5901516 5.9438563 5.8605922 4.1530951 4.6857169 4.2219911 6.0549209 4.9346594 3.3915999 4.4651927 2.8420449 4.0189374 3.0190552 5.5193634 
IV_Mapoly0032s0153_PTQ41991.1_hypothetical_protein_MARPO_0032s0153__Marchantia_polymorpha_          3.4711110 8.9999985 8.9353103 8.9999982 2.3623697 4.2782678 3.5804254 1.8316408 1.9558897 1.3211881 1.0557245 1.1936074 0.0000000 2.8804925 3.6982546 3.8347369 3.9801732 4.2244262 6.6538619 2.9304144 2.1321664 5.1000200 4.6346959 6.0393137 3.7588260 3.4794590 5.2552206 4.6881922 2.1473398 4.1420575 4.3317270 5.3007918 4.9945459 4.3985620 4.0409085 4.3836585 4.1906965 4.0934784 4.3774064 4.7014728 4.1379693 4.9663147 5.0697024 5.6265241 4.8164397 6.2114976 4.9788172 4.0434000 4.9928935 4.5854677 5.7481998 5.3100689 3.9378285 4.4075385 3.1905411 3.8734560 3.4209806 5.3194008 
V_Mapoly0008s0029_PTQ47242.1_hypothetical_protein_MARPO_0008s0029__Marchantia_polymorpha_           2.4956313 6.1964743 5.8529859 6.4511900 2.0548917 3.5991457 3.1248331 2.8675719 2.9243071 3.5108420 2.9455872 3.1058105 2.8804925 0.0000000 1.1910212 1.1502804 1.3503915 1.3994364 4.0790445 2.3374452 2.1507881 4.6842118 3.9657743 4.2895457 3.0792788 2.8614570 4.4455573 4.4247242 2.8115238 4.3692484 4.5133771 5.1555463 4.7619647 4.0479101 4.0060352 4.5435168 4.3214004 4.4424471 3.3305875 4.9459919 4.6933466 4.2952930 4.2633836 4.4112255 4.7291079 5.3831315 6.1189521 4.3422096 3.6887627 5.1298889 4.6100711 5.0949424 3.1381889 4.9257321 4.1777196 4.0725108 3.5196428 5.6635544 
V_XM_002977602.2_XP_002977648.2_uncharacterized_protein_LOC9657152__Selaginella_moellendorffii_     2.9064754 8.0985829 7.6431231 8.3249290 2.6019688 4.5928031 3.5310492 3.4405758 4.2176275 3.6978155 3.9957457 3.5201814 3.6982546 1.1910212 0.0000000 1.2599310 1.3344174 1.4484223 4.7502752 3.2726065 2.3489528 5.9491261 4.6430342 5.0684204 4.1332482 4.0676471 5.3843037 3.9405523 4.1139536 5.3290053 4.7492680 5.9724159 5.6442637 5.2187045 4.8850136 5.8537364 4.5326807 5.3114662 4.9273715 5.1308175 4.3598670 5.6848598 5.5385226 3.8366020 5.0234990 5.4769527 7.0542657 5.3863539 4.6501185 5.0265585 5.5293052 4.7784424 4.1864694 5.3367817 3.9497629 4.2374681 3.5352106 5.6636132 
V_MN199008_QIN53284.1_R2R3-MYB_transcription_factor__Selaginella_moellendorffii_                    4.1056418 7.3711869 7.2692181 7.0048385 2.1527086 4.1275116 3.6563121 3.1637577 3.1164391 2.8781937 3.3578901 3.4791405 3.8347369 1.1502804 1.2599310 0.0000000 1.4332656 1.4581624 4.4829529 2.6734737 2.0881794 5.8919127 5.1874275 5.0582874 4.0540108 3.9669112 5.3079806 5.0743632 3.8768191 5.6825504 4.9317051 4.8977290 4.5320106 4.9098524 4.4589606 4.7582243 3.9196286 6.1023796 4.1491873 5.3123411 3.8598372 5.3887007 5.3204787 4.2264134 5.2553693 6.1435774 6.2534116 5.6295407 4.6697238 4.9321946 5.4101184 5.3892449 4.5013163 5.2553124 3.3679266 4.1815224 3.3085756 6.2360701 
V_MN199009_QIN53285.1_R2R3-MYB_transcription_factor__Selaginella_moellendorffii_                    3.3608271 8.1136282 8.0273251 8.2075704 2.4146474 4.9486248 3.9311030 3.6656842 3.1447105 3.6935106 3.3979094 3.8723616 3.9801732 1.3503915 1.3344174 1.4332656 0.0000000 1.8912649 5.1818727 2.5870258 1.9601275 5.7427437 4.8927309 5.0698119 3.7404611 3.4240752 5.1985369 4.9683148 3.7112964 5.2320432 5.3490744 5.2684384 4.9815040 4.9592502 4.6526867 5.3561758 4.9442456 5.3540686 4.3652053 4.6930433 4.1786903 4.9713309 4.8823005 5.2280136 5.4480875 5.9521935 7.4344551 4.6905057 4.6767631 5.4088789 5.2904749 4.5639765 3.6652658 5.9343511 3.5949303 4.1562999 3.5262691 5.5966633 
V_MN199010_QIN53286.1_R2R3-MYB_transcription_factor__Selaginella_moellendorffii_                    3.3869181 6.7107694 6.6879368 5.9345758 2.1751520 4.0945949 5.5918020 3.8693148 3.3208488 3.6966473 3.6784441 3.2721729 4.2244262 1.3994364 1.4484223 1.4581624 1.8912649 0.0000000 4.8497327 2.7447044 2.0866805 6.4972831 5.2191638 5.5552729 3.7101674 3.5882372 5.2616954 4.7390750 3.6861326 5.2548782 5.0700006 6.0836442 6.0730493 4.6221384 5.0167939 5.2359355 5.1907352 6.0104353 4.6609547 5.2875428 4.4080499 4.7263305 6.2326946 4.8522534 5.0173514 5.6321899 8.2454231 5.4068812 3.7288962 4.4482808 5.0338248 4.8206183 3.9939902 5.4709967 3.9185019 4.8814427 4.0078882 6.0924132 
VI_g8575.t1_length                                                                                  3.1606910 7.7183221 7.3251617 7.9173584 3.4696919 5.2384509 4.9777389 5.0002834 5.0616485 4.8331397 5.0499755 5.3312949 6.6538619 4.0790445 4.7502752 4.4829529 5.1818727 4.8497327 0.0000000 0.0411870 0.0552270 3.2952605 2.1712326 2.9167407 1.9287136 1.6886977 3.0649669 2.4372939 2.9799129 3.7020961 3.8977363 3.5999371 4.0139466 4.5386284 4.3463811 4.5258967 3.1558869 5.3008541 3.4514121 4.1432563 4.0373244 4.6650914 5.6591967 4.6413773 5.8569350 7.5752334 6.7731199 4.3998560 3.9346957 3.9613020 3.9425373 4.5920497 2.1169116 4.8504163 4.9319868 7.4339174 5.5499480 5.1106509 
VI_BBG43567_LC221833_MYB_transcription_factor                                                       2.5537552 5.9755116 5.4918755 5.4918755 2.6847978 3.0499723 3.0821004 2.9150640 2.6473825 2.6901236 3.0680352 2.8696318 2.9304144 2.3374452 3.2726065 2.6734737 2.5870258 2.7447044 0.0411870 0.0000000 0.0630817 1.1919108 1.2954882 1.1097178 1.3083220 1.1698180 0.9933328 1.3069437 2.1081889 1.7599814 2.2044781 2.3181751 2.1185119 2.1670681 1.9309798 2.0714954 1.7389270 2.4626252 1.9697095 2.6205404 2.0602297 2.5338569 2.9640055 2.9185976 3.0291962 4.3358739 4.0604789 2.0379047 2.5495129 1.7300822 1.9112518 2.2923731 1.4844434 2.4718814 2.5890107 3.2518553 3.4678819 1.9898995 
BBG43566_LC221832_Chara_leptospora_mRNA_for_MYB_transcription_factor                                1.7200802 5.4662803 4.9738019 4.9738019 2.5342972 2.3529984 2.3722988 2.1746542 2.1326947 2.1065102 2.1778908 2.0307199 2.1321664 2.1507881 2.3489528 2.0881794 1.9601275 2.0866805 0.0552270 0.0630817 0.0000000 0.9384467 0.8613629 0.9041394 0.9002738 0.7548810 0.9074536 0.9481453 1.5808679 1.5454023 1.5386982 1.6665276 1.3993758 1.4738919 1.6546114 1.6661311 1.4794963 1.7267800 1.4819671 1.9151595 1.5853715 1.7781451 2.0025113 2.1482917 2.0928510 3.0290484 3.1656454 1.4330612 1.8636697 1.2782511 1.5278261 1.6713478 0.8971722 1.6974033 2.5753431 2.4788468 2.8066316 1.5915035 
VI_Mapoly0019s0071.1                                                                                2.4620505 8.9999982 8.9999980 8.9999987 2.9655026 5.2260561 4.8801983 4.7231895 4.7266020 4.8942060 5.7394375 4.9437521 5.1000200 4.6842118 5.9491261 5.8919127 5.7427437 6.4972831 3.2952605 1.1919108 0.9384467 0.0000000 0.5901608 1.0585125 0.4333308 0.3642193 0.9807793 1.2711766 1.6899429 3.0731649 3.5360984 3.3220504 2.7445269 3.7453703 3.5803603 3.3926661 2.1869743 3.1168628 2.7579491 4.2718745 3.1612960 5.0587443 4.3874458 4.3552409 4.6056006 5.5644216 6.2048944 2.9498318 3.7451493 3.4330831 3.7212428 3.4915834 0.3991505 5.0115482 4.3934672 5.9482191 3.9769524 4.0972414 
VI_XM_024688730.1__XP_024544498.1                                                                   2.7096239 8.9999989 8.9999982 8.9999982 2.8476976 4.9387236 4.5972097 4.4575714 4.2572711 4.4592277 3.7244616 4.3075021 4.6346959 3.9657743 4.6430342 5.1874275 4.8927309 5.2191638 2.1712326 1.2954882 0.8613629 0.5901608 0.0000000 0.7845867 0.4169112 0.3304487 0.8617201 0.9457965 2.2520779 2.8535120 2.4157590 2.7796779 2.6359418 3.6215118 3.1049816 3.1027209 2.3810830 2.8398840 2.4272651 3.7042031 2.5289694 3.8475097 3.4171932 3.7595344 3.9874742 4.9263515 5.9510208 3.2157965 2.8400293 3.4261459 2.9255125 3.2029355 0.4633036 3.8555417 3.2342519 5.1288839 4.2491610 3.2626443 
VI_XM_024688389.1_XP_024524157.1_transcription_repressor_MYB4__Selaginella_moellendorffii_          2.8307918 8.9999987 8.9999989 8.6288594 2.8067501 5.4557681 5.0131819 4.6775655 3.9620077 5.1004837 5.5455434 5.3824115 6.0393137 4.2895457 5.0684204 5.0582874 5.0698119 5.5552729 2.9167407 1.1097178 0.9041394 1.0585125 0.7845867 0.0000000 0.4927651 0.4295562 1.1049745 1.3047111 2.0293283 3.5489723 3.0321855 3.9887193 3.2404978 4.0688803 3.8277131 3.9646655 2.5179323 3.5610409 2.8538908 3.5630161 3.2252192 4.2968641 4.6772293 3.8833196 4.2421613 4.8677025 6.7777222 3.5619276 3.2157146 3.3104313 3.4883104 3.3491954 0.5520198 4.2531074 4.4753220 5.6230115 4.5320590 4.0895380 
VI_Sacu_v1.1_s1503.g028048_Myb_transcription_factor__0.077_                                         2.8893039 8.1844881 7.6209621 7.9144572 2.7931925 4.1277524 4.3953760 3.1493922 3.1503229 3.2191774 3.3797962 3.4471850 3.7588260 3.0792788 4.1332482 4.0540108 3.7404611 3.7101674 1.9287136 1.3083220 0.9002738 0.4333308 0.4169112 0.4927651 0.0000000 0.0000010 0.4150959 0.6681731 2.0780063 1.7791308 1.9116252 1.9236049 2.0154180 2.4620174 1.7156208 1.9101672 1.8064553 1.5584115 1.4327500 2.8693155 1.9908612 3.1555566 2.7707252 3.2646708 3.0146138 3.7118777 3.7355424 2.2405125 2.6196863 1.9117384 1.8194406 2.3345351 0.1947313 2.9048074 2.4912340 4.3820596 3.9512346 1.9571075 
VI_Sacu_v1.1_s0147.g023157_Myb_transcription_factor__0.077_                                         2.8927942 8.7008424 8.0330791 8.3760815 2.3951049 4.0105044 4.1577649 3.1025825 2.7866945 3.3169386 3.2096702 3.0860305 3.4794590 2.8614570 4.0676471 3.9669112 3.4240752 3.5882372 1.6886977 1.1698180 0.7548810 0.3642193 0.3304487 0.4295562 0.0000010 0.0000000 0.2864710 0.6439083 2.1888297 1.6381677 1.9950663 1.9737497 1.8428226 2.3986469 1.6733533 1.8435657 1.5386448 1.4828069 1.3177639 2.8076380 1.8313467 3.1867943 2.5996351 3.0135110 2.7639874 3.5157268 3.6582532 2.2007985 2.5579903 1.8025947 1.8397426 2.1157137 0.1047080 2.8092126 2.1317469 3.8817973 3.5488390 1.7973303 
VI_MA_130648p0010_437_residues__                                                                    2.5347206 8.9999990 8.9999988 7.8418697 3.1181241 5.9804579 6.1484019 4.6646551 4.5036335 4.7999197 4.6291352 4.5156276 5.2552206 4.4455573 5.3843037 5.3079806 5.1985369 5.2616954 3.0649669 0.9933328 0.9074536 0.9807793 0.8617201 1.1049745 0.4150959 0.2864710 0.0000000 1.0929591 1.8353710 3.0025667 2.7390359 3.6763139 2.8537603 3.6476789 3.6686758 3.1146953 2.4863459 3.0007793 2.1700830 3.8136960 3.0643522 5.0569598 4.9039242 4.6883058 4.6027967 5.3770575 6.7612000 3.6775252 3.3503968 3.3839993 3.1862355 3.3896452 0.4185847 4.0289282 5.2560948 6.1521174 5.0575213 3.5496378 
VI_AmTr_v1.0_scaffold00111.43_locus_evm_27.TU.AmTr_v1.0_scaffold00111.43                            2.3393501 8.9999989 8.9999986 8.9167386 3.0703905 5.1083121 4.4416165 4.5950540 4.7220711 4.0759620 5.0035525 4.3149771 4.6881922 4.4247242 3.9405523 5.0743632 4.9683148 4.7390750 2.4372939 1.3069437 0.9481453 1.2711766 0.9457965 1.3047111 0.6681731 0.6439083 1.0929591 0.0000000 2.1351282 2.6512035 2.4862998 3.3470521 2.4798610 3.1722546 2.6383380 2.9223240 2.7685513 2.8297832 2.3746739 3.6827971 3.1965714 4.0537617 3.8150280 3.5007360 3.9449761 4.9145247 5.8199310 3.2513573 3.5438518 3.1434335 3.2487673 3.0463886 0.7876952 3.3319868 3.5818740 4.9507746 3.2422565 3.2976373 
VII_HAOX-0009745                                                                                    2.2108750 6.2157374 6.0636487 5.9353647 2.1064763 2.7679965 3.5516681 2.7153505 2.3497010 2.7066533 2.4646323 2.2844217 2.1473398 2.8115238 4.1139536 3.8768191 3.7112964 3.6861326 2.9799129 2.1081889 1.5808679 1.6899429 2.2520779 2.0293283 2.0780063 2.1888297 1.8353710 2.1351282 0.0000000 0.8729896 1.0820994 1.5090790 1.3848025 1.3480323 0.8650402 0.8353213 1.0354360 0.8620191 0.8984666 1.6226154 1.8244455 2.0801515 2.0154067 2.2525590 1.9482532 3.1629774 3.2890785 1.2775025 2.4534135 1.3863751 2.1608144 2.2477928 2.1501071 1.8712025 1.8948989 2.7794792 3.7415568 0.9391152 
VII_Mp3g05910.1                                                                                     2.0336867 8.9999990 8.9999983 8.4238492 2.4395061 5.2191185 5.1138615 3.9021897 3.5981170 3.9611079 3.6906734 3.8190787 4.1420575 4.3692484 5.3290053 5.6825504 5.2320432 5.2548782 3.7020961 1.7599814 1.5454023 3.0731649 2.8535120 3.5489723 1.7791308 1.6381677 3.0025667 2.6512035 0.8729896 0.0000000 1.2049865 1.9219690 1.6973336 2.2458993 1.0313279 1.0714808 1.0201225 1.1646952 1.1929356 2.5037133 2.5805066 3.6084451 3.1484751 3.1049061 3.5484358 3.8426490 4.9632882 1.7866605 2.9289774 1.6070810 3.2152993 2.7321510 1.9548411 2.8281790 4.7066531 4.7235945 4.3489441 1.5586313 
VII_ENA_MN199011_MN199011.1_Selaginella_moellendorffii                                              2.2634675 8.2447927 7.5608582 7.1261830 2.9779610 5.3842117 4.6393008 3.1573606 4.3022703 4.2547068 3.7555819 3.6829187 4.3317270 4.5133771 4.7492680 4.9317051 5.3490744 5.0700006 3.8977363 2.2044781 1.5386982 3.5360984 2.4157590 3.0321855 1.9116252 1.9950663 2.7390359 2.4862998 1.0820994 1.2049865 0.0000000 2.0261331 2.0434227 2.4908660 1.6487202 1.5188907 1.4608140 1.5215904 1.4002027 2.4697920 2.3724350 3.8110587 2.9771903 2.8173902 3.4364032 4.5226338 4.9274661 1.9076362 2.8041787 2.0944678 2.3032415 2.4574208 2.1697295 2.7277693 3.4189487 4.9211352 4.6438766 1.8979212 
VII_Sacu_v1.1_s0002.g001222_Myb_transcription_factor__0.077_                                        2.5051800 8.9999987 8.6433272 8.9999987 3.0494890 5.6328173 6.0446870 4.2735674 3.7191395 4.8249134 4.6209453 4.5053942 5.3007918 5.1555463 5.9724159 4.8977290 5.2684384 6.0836442 3.5999371 2.3181751 1.6665276 3.3220504 2.7796779 3.9887193 1.9236049 1.9737497 3.6763139 3.3470521 1.5090790 1.9219690 2.0261331 0.0000000 1.7018989 2.2892362 2.2519311 2.1060391 1.7836175 2.3353108 1.6206698 2.7905767 2.9034044 3.9606945 3.9844174 3.5757430 3.7492753 6.3013708 4.8923489 1.8393105 2.7155859 1.9022675 3.0763512 2.8346375 2.1713230 2.9401250 4.6627884 5.6958567 5.3760403 2.1480688 
VII_Sacu_v1.1_s0041.g012546_Myb_transcription_factor__0.077_                                        2.1381663 8.9999990 8.9999987 8.9999988 2.2694752 4.8172813 4.4656937 3.9830659 4.0204119 4.4904954 4.4337820 3.7410091 4.9945459 4.7619647 5.6442637 4.5320106 4.9815040 6.0730493 4.0139466 2.1185119 1.3993758 2.7445269 2.6359418 3.2404978 2.0154180 1.8428226 2.8537603 2.4798610 1.3848025 1.6973336 2.0434227 1.7018989 0.0000000 2.1046657 1.9818072 1.8201669 1.4779420 2.0892839 1.6271571 2.7225370 2.5109954 4.0183781 3.0675539 3.4629342 2.9871923 6.0808507 6.6997270 1.0886828 2.7132749 1.4868262 3.3971449 3.0276483 2.0984677 3.0300203 4.5047328 5.6414995 4.0638648 2.2557190 
VII_Sacu_v1.1_s0272.g027033_Myb_transcription_factor__0.077_                                        2.8338198 8.9900571 8.0721023 8.9999984 2.3894089 4.8127905 5.1460398 3.8533516 3.7026912 3.9046879 4.1396970 3.5707473 4.3985620 4.0479101 5.2187045 4.9098524 4.9592502 4.6221384 4.5386284 2.1670681 1.4738919 3.7453703 3.6215118 4.0688803 2.4620174 2.3986469 3.6476789 3.1722546 1.3480323 2.2458993 2.4908660 2.2892362 2.1046657 0.0000000 2.7948562 2.6187884 2.2949176 2.7770394 2.0803130 2.8439679 2.5190808 3.8243928 3.6436459 3.9821662 2.9495604 4.6617252 5.0962093 2.1238487 3.2326538 1.5429914 3.6452755 3.0563912 2.8565633 3.5608056 3.8580283 5.4404210 5.6057680 3.0710376 
VII_MA_96853p0010_582_residues__                                                                    2.0585760 8.9999985 8.8868570 7.8955889 2.4610864 4.4904213 6.3839802 4.4211682 4.5737481 3.8779699 3.9835527 4.2477999 4.0409085 4.0060352 4.8850136 4.4589606 4.6526867 5.0167939 4.3463811 1.9309798 1.6546114 3.5803603 3.1049816 3.8277131 1.7156208 1.6733533 3.6686758 2.6383380 0.8650402 1.0313279 1.6487202 2.2519311 1.9818072 2.7948562 0.0000000 0.7541328 1.1875431 1.1251181 0.9024246 2.4658954 2.9675414 3.4986324 3.6560418 3.5841244 3.6198303 4.3163054 5.5551358 1.9406685 3.1414042 1.8592256 3.3350080 2.5498911 1.8426809 3.0609718 4.4860624 5.4914835 3.9820735 1.6554806 
VII_MA_10208000p0010_602_residues__                                                                 2.4295622 8.9999989 8.9999987 8.4105582 2.3606390 4.9408163 5.4785728 4.3548105 4.4675434 3.7610690 3.8374706 3.9445406 4.3836585 4.5435168 5.8537364 4.7582243 5.3561758 5.2359355 4.5258967 2.0714954 1.6661311 3.3926661 3.1027209 3.9646655 1.9101672 1.8435657 3.1146953 2.9223240 0.8353213 1.0714808 1.5188907 2.1060391 1.8201669 2.6187884 0.7541328 0.0000000 1.2534989 0.8550413 0.9152937 2.4746685 2.8720077 3.7758102 3.6399872 3.5443072 3.3873401 4.2907561 5.2060725 1.8402661 2.7530517 1.9118306 3.4225155 2.7773585 2.1062966 3.1170939 4.4131093 6.0528763 4.0775310 1.4418127 
VII_MA_20462p0010_470_residues__                                                                    2.4762516 7.3453128 7.3824370 6.5050343 2.2545903 4.2261916 4.6005872 3.3477049 3.4582920 3.3567738 3.9101763 3.7307060 4.1906965 4.3214004 4.5326807 3.9196286 4.9442456 5.1907352 3.1558869 1.7389270 1.4794963 2.1869743 2.3810830 2.5179323 1.8064553 1.5386448 2.4863459 2.7685513 1.0354360 1.0201225 1.4608140 1.7836175 1.4779420 2.2949176 1.1875431 1.2534989 0.0000000 1.3252569 0.9382808 2.0998870 2.1177152 3.7307964 2.6954733 2.3676492 2.8127324 3.5171959 5.4978138 1.5684398 2.1779203 1.5032877 2.6530480 2.5385617 1.7313412 2.6728985 3.6767742 4.6279889 4.3678769 1.2308832 
VII_AmTr_v1.0_scaffold00038.91                                                                      1.8298927 8.6235695 8.9999981 8.9999982 2.8292754 5.6698714 5.5926620 4.2657265 3.8551487 4.9447969 4.4577292 4.1411091 4.0934784 4.4424471 5.3114662 6.1023796 5.3540686 6.0104353 5.3008541 2.4626252 1.7267800 3.1168628 2.8398840 3.5610409 1.5584115 1.4828069 3.0007793 2.8297832 0.8620191 1.1646952 1.5215904 2.3353108 2.0892839 2.7770394 1.1251181 0.8550413 1.3252569 0.0000000 1.1315398 2.6968674 2.6847767 3.9721235 3.6934532 3.2377190 3.5547812 4.8089290 6.5341174 1.8529302 3.2164073 2.1820874 2.6311154 2.5394649 1.8131850 3.9874163 4.5355926 5.1216337 4.6536888 1.2562788 
VII_AmTr_v1.0_scaffold00037.85                                                                      1.8715667 8.9999982 8.9992919 6.9386634 2.0759476 3.6469775 4.4830450 3.4746228 3.1021899 4.2987171 3.9029849 3.9640211 4.3774064 3.3305875 4.9273715 4.1491873 4.3652053 4.6609547 3.4514121 1.9697095 1.4819671 2.7579491 2.4272651 2.8538908 1.4327500 1.3177639 2.1700830 2.3746739 0.8984666 1.1929356 1.4002027 1.6206698 1.6271571 2.0803130 0.9024246 0.9152937 0.9382808 1.1315398 0.0000000 2.3929183 2.4947299 2.9588027 2.5758201 2.6263231 2.8482533 4.6547489 5.0410282 1.5908095 2.1907527 1.9313934 3.1768814 2.6628689 1.5042100 2.9785555 4.5316607 4.7516477 3.5080400 1.2556668 
VIII_MN199016_QIN53292.1_R2R3-MYB_transcription_factor__Selaginella_moellendorffii_                 1.8517871 8.4157389 8.5772452 8.3902740 2.5917601 5.2479654 4.3683907 5.2367661 4.6071270 4.4168588 5.2797072 5.6071921 4.7014728 4.9459919 5.1308175 5.3123411 4.6930433 5.2875428 4.1432563 2.6205404 1.9151595 4.2718745 3.7042031 3.5630161 2.8693155 2.8076380 3.8136960 3.6827971 1.6226154 2.5037133 2.4697920 2.7905767 2.7225370 2.8439679 2.4658954 2.4746685 2.0998870 2.6968674 2.3929183 0.0000000 1.6639004 1.7801745 1.9036414 2.5356206 2.3659089 5.8228612 6.0268540 2.6505331 1.7238015 2.2807316 2.9969366 1.9187332 2.6081580 2.3305930 4.0352545 4.4967532 4.7735370 2.7657288 
VIII_XM_024668296.1_XP_024524064.1_transcription_factor_MYB26__Selaginella_moellendorffii_          1.5353599 6.9303812 6.5884873 6.2358188 2.8485909 4.6781962 4.4780925 3.8604234 4.2536340 4.0999689 4.0390326 4.1840702 4.1379693 4.6933466 4.3598670 3.8598372 4.1786903 4.4080499 4.0373244 2.0602297 1.5853715 3.1612960 2.5289694 3.2252192 1.9908612 1.8313467 3.0643522 3.1965714 1.8244455 2.5805066 2.3724350 2.9034044 2.5109954 2.5190808 2.9675414 2.8720077 2.1177152 2.6847767 2.4947299 1.6639004 0.0000000 1.9796595 2.0298083 2.1882069 2.3477321 4.8543056 6.4637205 2.4406495 1.8002371 2.3773185 1.9084474 1.5315249 2.1709001 1.9802350 3.7698020 4.2457695 4.0719210 2.6406499 
VIII_Mapoly0073s0038_PTQ35164.1_hypothetical_protein_MARPO_0073s0038__Marchantia_polymorpha_        2.0007605 8.9999989 8.9221339 8.6732254 2.8082032 5.3845590 4.1657989 4.6600684 4.9359273 5.0735593 4.7661471 5.1463595 4.9663147 4.2952930 5.6848598 5.3887007 4.9713309 4.7263305 4.6650914 2.5338569 1.7781451 5.0587443 3.8475097 4.2968641 3.1555566 3.1867943 5.0569598 4.0537617 2.0801515 3.6084451 3.8110587 3.9606945 4.0183781 3.8243928 3.4986324 3.7758102 3.7307964 3.9721235 2.9588027 1.7801745 1.9796595 0.0000000 1.8478097 2.5551207 2.5861227 5.2761139 7.2595956 3.7066673 2.5142173 3.7869003 3.7131290 2.5645622 3.2303488 2.7797744 4.6602610 6.5484203 5.1302772 4.2935997 
VIII_Mapoly0006s0226_PTQ48220.1_hypothetical_protein_MARPO_0006s0226__Marchantia_polymorpha_        2.2328267 8.9999985 8.9999990 8.9999988 3.0228288 6.3993055 4.9564781 4.7556186 5.2126145 4.6066393 4.9384360 5.0475961 5.0697024 4.2633836 5.5385226 5.3204787 4.8823005 6.2326946 5.6591967 2.9640055 2.0025113 4.3874458 3.4171932 4.6772293 2.7707252 2.5996351 4.9039242 3.8150280 2.0154067 3.1484751 2.9771903 3.9844174 3.0675539 3.6436459 3.6560418 3.6399872 2.6954733 3.6934532 2.5758201 1.9036414 2.0298083 1.8478097 0.0000000 2.0436951 2.1218004 6.6212924 6.3944730 3.2806715 2.1302195 3.5115536 3.5218839 2.3658583 2.7429368 2.4404888 4.7553532 4.6453180 4.9706675 3.5212455 
VIII_XM_024680104.1_XP_024535872.1_transcription_factor_MYB8-like__Selaginella_moellendorffii_      2.1076984 8.9999980 8.9999985 8.9999981 3.4116864 5.6025951 4.6273964 3.8057274 4.6320305 5.0305682 5.2222059 4.6768926 5.6265241 4.4112255 3.8366020 4.2264134 5.2280136 4.8522534 4.6413773 2.9185976 2.1482917 4.3552409 3.7595344 3.8833196 3.2646708 3.0135110 4.6883058 3.5007360 2.2525590 3.1049061 2.8173902 3.5757430 3.4629342 3.9821662 3.5841244 3.5443072 2.3676492 3.2377190 2.6263231 2.5356206 2.1882069 2.5551207 2.0436951 0.0000000 2.0396183 5.0160489 5.3884732 2.9459579 2.6457022 3.3057170 3.3165993 2.6969839 3.5097544 2.0892186 4.8301741 4.9297583 4.6104674 3.6194736 
VIII_MN199020_QIN53296.1_R2R3-MYB_transcription_factor__Selaginella_moellendorffii_                 2.0422735 8.9999990 8.9999984 8.9999989 2.5652682 5.4664997 5.0838255 4.4065516 4.5681373 3.5799916 4.3483546 4.5901516 4.8164397 4.7291079 5.0234990 5.2553693 5.4480875 5.0173514 5.8569350 3.0291962 2.0928510 4.6056006 3.9874742 4.2421613 3.0146138 2.7639874 4.6027967 3.9449761 1.9482532 3.5484358 3.4364032 3.7492753 2.9871923 2.9495604 3.6198303 3.3873401 2.8127324 3.5547812 2.8482533 2.3659089 2.3477321 2.5861227 2.1218004 2.0396183 0.0000000 5.8824161 5.9276026 3.3953619 2.1063150 2.9345799 3.4748230 2.7138755 2.9689743 2.0573626 4.9869234 5.2980017 5.3207076 3.6266029 
ARP_XM_002962269.2_XP_002962315.1_transcription_factor_AS1__Selaginella_moellendorffii_             4.1605535 8.9999988 8.9999984 8.9999989 3.6549400 8.0539636 6.3585058 5.1405330 5.8502106 6.3771401 6.2489432 5.9438563 6.2114976 5.3831315 5.4769527 6.1435774 5.9521935 5.6321899 7.5752334 4.3358739 3.0290484 5.5644216 4.9263515 4.8677025 3.7118777 3.5157268 5.3770575 4.9145247 3.1629774 3.8426490 4.5226338 6.3013708 6.0808507 4.6617252 4.3163054 4.2907561 3.5171959 4.8089290 4.6547489 5.8228612 4.8543056 5.2761139 6.6212924 5.0160489 5.8824161 0.0000000 1.5669949 4.9702857 5.7616081 4.7080641 5.6857337 6.3150692 3.6047652 5.9908348 5.3414033 7.9254258 6.6376599 5.3709539 
ARP_Mapoly0040s0004_PTQ40315.1_hypothetical_protein_MARPO_0040s0004__Marchantia_polymorpha_         4.5060037 8.9999987 8.9999987 8.9999985 3.7007503 7.2644724 7.4690687 5.6753050 6.0727220 6.8722076 6.9491077 5.8605922 4.9788172 6.1189521 7.0542657 6.2534116 7.4344551 8.2454231 6.7731199 4.0604789 3.1656454 6.2048944 5.9510208 6.7777222 3.7355424 3.6582532 6.7612000 5.8199310 3.2890785 4.9632882 4.9274661 4.8923489 6.6997270 5.0962093 5.5551358 5.2060725 5.4978138 6.5341174 5.0410282 6.0268540 6.4637205 7.2595956 6.3944730 5.3884732 5.9276026 1.5669949 0.0000000 5.6329086 5.7836040 5.4593000 5.7800315 6.0978972 3.8041431 5.6848515 6.2995462 6.0751819 4.9984503 5.4344445 
Azfi_s0004.g008455                                                                                  2.1229342 8.9999984 8.9999990 8.9999985 2.6012594 4.7239121 5.9341296 3.8195456 4.1568014 4.2798522 4.0343482 4.1530951 4.0434000 4.3422096 5.3863539 5.6295407 4.6905057 5.4068812 4.3998560 2.0379047 1.4330612 2.9498318 3.2157965 3.5619276 2.2405125 2.2007985 3.6775252 3.2513573 1.2775025 1.7866605 1.9076362 1.8393105 1.0886828 2.1238487 1.9406685 1.8402661 1.5684398 1.8529302 1.5908095 2.6505331 2.4406495 3.7066673 3.2806715 2.9459579 3.3953619 4.9702857 5.6329086 0.0000000 2.9683727 1.7411183 2.9468387 2.8473388 2.0521050 3.1013233 4.0373677 5.7569046 4.0806151 2.3117645 
Azfi_s0014.g013584                                                                                  1.9217197 8.9999988 8.2774893 7.9333787 2.6559384 5.4037669 4.8805707 4.9234371 3.8635152 3.6706007 3.8318715 4.6857169 4.9928935 3.6887627 4.6501185 4.6697238 4.6767631 3.7288962 3.9346957 2.5495129 1.8636697 3.7451493 2.8400293 3.2157146 2.6196863 2.5579903 3.3503968 3.5438518 2.4534135 2.9289774 2.8041787 2.7155859 2.7132749 3.2326538 3.1414042 2.7530517 2.1779203 3.2164073 2.1907527 1.7238015 1.8002371 2.5142173 2.1302195 2.6457022 2.1063150 5.7616081 5.7836040 2.9683727 0.0000000 3.4777901 2.9989701 2.2338684 2.7818006 2.2052685 4.4313952 4.8078571 5.3222288 3.1655745 
Azfi_s0021.g015882                                                                                  2.2018494 7.0517007 7.1448332 7.2305684 2.2229804 5.0476096 5.4424974 4.0816119 4.1926979 3.9842995 4.3955772 4.2219911 4.5854677 5.1298889 5.0265585 4.9321946 5.4088789 4.4482808 3.9613020 1.7300822 1.2782511 3.4330831 3.4261459 3.3104313 1.9117384 1.8025947 3.3839993 3.1434335 1.3863751 1.6070810 2.0944678 1.9022675 1.4868262 1.5429914 1.8592256 1.9118306 1.5032877 2.1820874 1.9313934 2.2807316 2.3773185 3.7869003 3.5115536 3.3057170 2.9345799 4.7080641 5.4593000 1.7411183 3.4777901 0.0000000 3.6086587 2.7073931 2.0122079 3.3192344 3.7581105 4.9031195 4.5913855 2.6496055 
Azfi_s0035.g025508                                                                                  1.6873780 8.9999988 8.9999985 8.6464763 3.3763575 4.4525107 5.2437465 5.5713933 5.1667045 4.9063855 4.7075301 6.0549209 5.7481998 4.6100711 5.5293052 5.4101184 5.2904749 5.0338248 3.9425373 1.9112518 1.5278261 3.7212428 2.9255125 3.4883104 1.8194406 1.8397426 3.1862355 3.2487673 2.1608144 3.2152993 2.3032415 3.0763512 3.3971449 3.6452755 3.3350080 3.4225155 2.6530480 2.6311154 3.1768814 2.9969366 1.9084474 3.7131290 3.5218839 3.3165993 3.4748230 5.6857337 5.7800315 2.9468387 2.9989701 3.6086587 0.0000000 2.2565448 1.9364204 3.1633509 4.9230137 5.0884237 5.2750485 3.1090428 
Azfi_s0041.g026722                                                                                  1.6457569 8.9999982 8.9999983 8.9999988 3.1188238 4.4797911 4.9541520 5.1365210 5.0135592 4.5643833 5.0235165 4.9346594 5.3100689 5.0949424 4.7784424 5.3892449 4.5639765 4.8206183 4.5920497 2.2923731 1.6713478 3.4915834 3.2029355 3.3491954 2.3345351 2.1157137 3.3896452 3.0463886 2.2477928 2.7321510 2.4574208 2.8346375 3.0276483 3.0563912 2.5498911 2.7773585 2.5385617 2.5394649 2.6628689 1.9187332 1.5315249 2.5645622 2.3658583 2.6969839 2.7138755 6.3150692 6.0978972 2.8473388 2.2338684 2.7073931 2.2565448 0.0000000 2.2948871 2.2840387 3.6402584 4.4132738 4.9155722 2.8033473 
Azfi_s0076.g037908                                                                                  2.7399416 7.8329984 7.2714976 6.9247885 2.7918635 3.9760405 4.2790259 3.2239225 2.9593988 3.6633085 3.6315278 3.3915999 3.9378285 3.1381889 4.1864694 4.5013163 3.6652658 3.9939902 2.1169116 1.4844434 0.8971722 0.3991505 0.4633036 0.5520198 0.1947313 0.1047080 0.4185847 0.7876952 2.1501071 1.9548411 2.1697295 2.1713230 2.0984677 2.8565633 1.8426809 2.1062966 1.7313412 1.8131850 1.5042100 2.6081580 2.1709001 3.2303488 2.7429368 3.5097544 2.9689743 3.6047652 3.8041431 2.0521050 2.7818006 2.0122079 1.9364204 2.2948871 0.0000000 2.9066048 2.3989373 4.2898881 3.6922344 1.8270364 
Azfi_s0129.g048859                                                                                  2.2684463 7.9179313 7.6350839 7.8785040 3.6303281 4.8407816 4.9417977 5.2649300 4.9599809 4.9916407 4.7358881 4.4651927 4.4075385 4.9257321 5.3367817 5.2553124 5.9343511 5.4709967 4.8504163 2.4718814 1.6974033 5.0115482 3.8555417 4.2531074 2.9048074 2.8092126 4.0289282 3.3319868 1.8712025 2.8281790 2.7277693 2.9401250 3.0300203 3.5608056 3.0609718 3.1170939 2.6728985 3.9874163 2.9785555 2.3305930 1.9802350 2.7797744 2.4404888 2.0892186 2.0573626 5.9908348 5.6848515 3.1013233 2.2052685 3.3192344 3.1633509 2.2840387 2.9066048 0.0000000 4.4716881 4.8432726 5.0377342 3.2329765 
R1R2R3_MN199004_QIN53280.1_R1R2R3-MYB_protein__Selaginella_moellendorffii_                          2.7694353 6.9505626 7.1629516 8.1304456 1.9145264 2.8623495 2.3551336 3.3010123 2.8383338 3.1212602 3.5589320 2.8420449 3.1905411 4.1777196 3.9497629 3.3679266 3.5949303 3.9185019 4.9319868 2.5890107 2.5753431 4.3934672 3.2342519 4.4753220 2.4912340 2.1317469 5.2560948 3.5818740 1.8948989 4.7066531 3.4189487 4.6627884 4.5047328 3.8580283 4.4860624 4.4131093 3.6767742 4.5355926 4.5316607 4.0352545 3.7698020 4.6602610 4.7553532 4.8301741 4.9869234 5.3414033 6.2995462 4.0373677 4.4313952 3.7581105 4.9230137 3.6402584 2.3989373 4.4716881 0.0000000 0.7432013 1.0947668 4.5816843 
R1R2R3_Mapoly0036s0107_PTQ41127.1_hypothetical_protein_MARPO_0036s0107__Marchantia_polymorpha_      3.6189134 8.7796613 8.8521912 8.9261409 2.1811418 3.3451518 3.2065640 3.9704202 3.5147034 3.8791590 4.5771750 4.0189374 3.8734560 4.0725108 4.2374681 4.1815224 4.1562999 4.8814427 7.4339174 3.2518553 2.4788468 5.9482191 5.1288839 5.6230115 4.3820596 3.8817973 6.1521174 4.9507746 2.7794792 4.7235945 4.9211352 5.6958567 5.6414995 5.4404210 5.4914835 6.0528763 4.6279889 5.1216337 4.7516477 4.4967532 4.2457695 6.5484203 4.6453180 4.9297583 5.2980017 7.9254258 6.0751819 5.7569046 4.8078571 4.9031195 5.0884237 4.4132738 4.2898881 4.8432726 0.7432013 0.0000000 1.9323983 5.3152986 
R1R2R3_Mapoly0150s0001_PTQ28976.1_hypothetical_protein_MARPO_0150s0001__Marchantia_polymorpha_      3.9915616 7.3917660 6.8475036 6.7712138 1.5073791 3.2615000 2.6943467 3.0785232 3.3822656 2.9680334 3.6231455 3.0190552 3.4209806 3.5196428 3.5352106 3.3085756 3.5262691 4.0078882 5.5499480 3.4678819 2.8066316 3.9769524 4.2491610 4.5320590 3.9512346 3.5488390 5.0575213 3.2422565 3.7415568 4.3489441 4.6438766 5.3760403 4.0638648 5.6057680 3.9820735 4.0775310 4.3678769 4.6536888 3.5080400 4.7735370 4.0719210 5.1302772 4.9706675 4.6104674 5.3207076 6.6376599 4.9984503 4.0806151 5.3222288 4.5913855 5.2750485 4.9155722 3.6922344 5.0377342 1.0947668 1.9323983 0.0000000 3.9369488 
sp_Q8W1W6_MYB33_ARATH_Transcription_factor_MYB33_OS_Arabidopsis_thaliana_OX_3702_GN_MYB33_PE_2_SV_1 2.1653211 8.9999983 8.9361257 8.9999982 2.6825129 5.3404423 5.9880059 5.2730794 5.1097659 4.9170611 5.0656399 5.5193634 5.3194008 5.6635544 5.6636132 6.2360701 5.5966633 6.0924132 5.1106509 1.9898995 1.5915035 4.0972414 3.2626443 4.0895380 1.9571075 1.7973303 3.5496378 3.2976373 0.9391152 1.5586313 1.8979212 2.1480688 2.2557190 3.0710376 1.6554806 1.4418127 1.2308832 1.2562788 1.2556668 2.7657288 2.6406499 4.2935997 3.5212455 3.6194736 3.6266029 5.3709539 5.4344445 2.3117645 3.1655745 2.6496055 3.1090428 2.8033473 1.8270364 3.2329765 4.5816843 5.3152986 3.9369488 0.0000000 
