58
CDC5_XM_024677933.1_XP_024533701.1_transcription_factor_MYB61-like__Selaginella_moellendorffii_     0.0000000 2.7588721 2.7143697 2.6713584 1.6024838 1.9767992 1.8851081 1.6514268 1.8602858 1.5002187 1.7446421 1.6939248 1.8027545 1.9451641 1.6172336 1.7699550 1.6194250 1.6905059 1.6264966 1.1548519 1.0348373 1.3615361 1.3000171 1.4739088 1.1528164 1.0675126 1.2662789 1.4808104 1.0613062 1.3755340 1.2105451 1.4026927 1.2299451 1.4264702 1.3698450 1.2574121 1.3245012 1.3210812 1.1531526 0.9995292 0.9591726 1.2904868 1.2264211 1.2248092 1.2794076 2.2830757 2.2683801 1.2021955 0.9842672 1.3935168 0.7900918 1.0821388 1.0973480 1.1019312 2.1620249 2.1684319 1.6797832 1.2083107 
CDC5_XM_024686040.1_XP_024541808.1_cell_division_cycle_5-like_protein                               2.7588721 0.0000000 0.0425960 0.2063982 2.6122972 3.5645333 4.2990417 4.3508896 3.9042828 3.8079956 3.5282569 4.1682669 4.6714717 3.4108815 2.8169357 3.3246952 3.0546018 3.3432016 4.6918642 2.7473310 2.6121654 4.1202607 2.6838735 3.5114413 2.7720468 2.9641731 3.8167293 4.4559743 3.3191726 3.8501742 3.6398222 3.1985862 3.7694448 3.3076627 3.9364452 3.9845953 4.8686842 4.2352802 3.9465588 4.2139998 3.9127253 5.3354303 4.5264025 4.0709162 5.0118713 3.9819137 3.5528016 4.3870222 3.8441195 3.8129306 3.2464092 4.1711510 2.7863307 4.0370055 3.5620369 3.2832578 2.4617458 4.0398643 
CDC5_XM_002981114.2_XP_002981160.1_cell_division_cycle_5-like_protein__Selaginella_moellendorffii_  2.7143697 0.0425960 0.0000000 0.2260479 2.5728242 3.7779966 4.5562867 4.4329645 4.0496823 4.1245330 3.5026251 4.0627413 4.5549520 3.9214179 2.7602831 3.5870083 3.1877233 3.5229314 4.9169577 2.5564516 2.4144194 4.1271848 2.6833523 3.3103902 2.7608482 2.9434826 3.6387588 5.0778877 3.1958103 3.9057123 3.8852732 3.5471439 3.7994055 3.6694720 4.3065437 4.1644932 5.0419372 4.5367375 4.4826561 4.1246763 4.0505004 4.9336728 4.3784796 4.2171009 4.7858593 4.1607803 3.5375010 4.6239718 3.9885252 4.0520782 3.8963798 4.7780919 2.7814730 4.5228327 3.6160480 3.7491953 2.3437072 4.5195495 
CDC5_Mapoly0014s0195_PTQ45693.1_hypothetical_protein_MARPO_0014s0195__Marchantia_polymorpha_        2.6713584 0.2063982 0.2260479 0.0000000 2.4114336 4.1299817 4.1086303 4.3649761 3.8028517 3.7388382 3.7252540 3.7869568 4.8516231 3.7191053 2.8992179 3.4279973 3.2316938 3.3861924 4.8602773 2.5564516 2.4144194 3.8999282 2.9077424 3.2348324 2.7328202 2.9113192 3.6564219 4.4286422 3.0375444 3.9577752 4.0384122 3.4859592 3.7712388 3.9312051 4.2176841 4.1151927 5.3163383 4.9518663 4.3355327 4.3545359 4.2254148 5.3909586 4.1538688 3.8122503 3.7649335 4.1201431 4.1425793 4.4833156 3.7418799 4.0154070 3.5519357 5.0277592 2.6896385 4.4244901 3.6259559 3.2017880 2.1389026 4.5553849 
I_Mapoly0085s0092_PTQ33890.1_hypothetical_protein_MARPO_0085s0092__Marchantia_polymorpha_           1.6024838 2.6122972 2.5728242 2.4114336 0.0000000 1.3583382 1.3143529 1.4953263 1.5120661 1.6311714 1.5453032 1.7090816 1.6845510 1.7018652 1.5970320 1.4093332 1.5576122 1.8256775 2.2292718 1.5798967 1.3577750 2.0180784 1.6551156 2.0290438 1.5807432 1.4082484 1.8840063 2.0416506 1.5100661 1.5739264 1.7695778 1.8362180 1.6221736 1.7461534 1.7601256 1.5614652 1.6598905 1.9677712 1.5308250 1.6769677 1.7847137 2.0469045 2.2248977 1.9450058 2.1044650 2.3603936 2.2786450 1.7123477 1.8468037 1.6749101 1.8950785 1.8754221 1.5748100 1.9606670 1.4441136 1.4987552 1.0436938 1.5737981 
II_Mapoly0001s0061_PTQ49997.1_hypothetical_protein_MARPO_0001s0061__Marchantia_polymorpha_          1.9767992 3.5645333 3.7779966 4.1299817 1.3583382 0.0000000 1.1860252 2.3303300 2.2190371 2.2479749 2.2042202 2.0501891 2.2566772 2.7574761 1.8890318 2.2075102 2.1800381 2.3571764 3.0957725 1.5342313 1.2866874 2.6015673 2.2410963 2.2630883 1.5536411 1.5023721 2.6913184 2.7478424 1.6972549 2.7068420 2.7996681 3.1261273 2.8577632 2.6571850 2.1951390 2.3994040 2.8881025 2.9376199 2.4902910 2.3133510 2.9497985 2.9187753 2.9761672 2.3485813 2.7995589 4.2105947 4.2341837 2.6385326 2.7786010 2.1719942 2.4605304 2.3528238 1.6696293 2.9222185 1.9567034 1.9993893 1.2250123 2.9722968 
III_XM_002991980.2_XP_002992026.2_myb-related_protein_B__Selaginella_moellendorffii_                1.8851081 4.2990417 4.5562867 4.1086303 1.3143529 1.1860252 0.0000000 2.1268716 1.9569854 2.4947540 2.0196196 1.8104035 2.4190865 2.2997004 2.0313190 2.0896778 2.3046142 1.9241426 2.7241909 1.3774821 1.2449534 2.1855620 1.8301480 2.5618055 1.4091417 1.3071414 2.5715922 2.8450921 1.5738566 3.1875725 2.5118635 2.7914548 2.9385913 2.7585915 2.7578077 2.6938900 2.8794806 3.1104752 2.4777115 2.2614702 2.5825298 2.6873126 3.0139035 2.5313056 3.0773394 3.6604354 3.8769773 3.3616330 2.5773593 2.7588998 2.0554032 2.5796089 1.4483107 2.7801400 1.7708856 2.0005086 1.2495845 2.7137045 
III_Mapoly0007s0271_PTQ47916.1_hypothetical_protein_MARPO_0007s0271__Marchantia_polymorpha_         1.6514268 4.3508896 4.4329645 4.3649761 1.4953263 2.3303300 2.1268716 0.0000000 0.9776143 1.3595571 0.9865846 0.9985946 1.2583356 1.7825032 1.7585525 1.9215057 2.1630634 2.3599054 2.7302901 1.5935855 1.2780073 2.5624131 1.8691376 2.3620222 1.3808428 1.3693635 2.5646061 2.3163126 1.5234807 2.4873316 2.4715214 2.5777982 2.6080276 2.3530133 2.5762903 2.3537285 2.7544969 2.5903865 2.4702994 2.3910785 2.6868954 2.5615083 2.6525462 2.3675838 2.2637999 3.4767101 3.9851254 2.1644057 2.7284770 2.1455958 2.2695614 2.9974560 1.5240182 3.0643221 2.0018295 2.5383661 1.4546652 2.4258086 
III_XM_002971992.2_XP_002972038.2_transcription_factor_MYB1__Selaginella_moellendorffii_            1.8602858 3.9042828 4.0496823 3.8028517 1.5120661 2.2190371 1.9569854 0.9776143 0.0000000 1.3196897 1.2322737 1.2970236 1.5112159 1.8523823 1.6429773 1.7391509 1.9807912 2.0769236 2.7291418 1.3849853 1.1646044 2.1520005 1.6229143 2.0821468 1.4469261 1.3144486 2.0994376 2.3358139 1.4666399 2.3657550 2.2511870 2.5027102 2.3852854 1.9958259 2.4811726 2.4918721 2.4848122 2.9123991 2.2033630 2.0092993 2.3929636 2.5059111 2.5080249 2.1195141 2.3683580 3.2020460 3.2490418 2.2944941 2.4528555 2.1187357 1.8526202 2.1959819 1.5028190 2.9415799 1.6501467 1.9909951 1.4216691 2.5838600 
IV_MN199005_QIN53281.1_R2R3-MYB_transcription_factor__Selaginella_moellendorffii_                   1.5002187 3.8079956 4.1245330 3.7388382 1.6311714 2.2479749 2.4947540 1.3595571 1.3196897 0.0000000 0.6379474 0.7567723 0.8385937 2.0271040 1.6859729 1.6513162 1.7130646 1.9282034 2.4179731 1.2685029 1.1629857 2.2833299 1.8089761 2.0238556 1.5386462 1.4806351 2.0651024 1.9746179 1.5497280 2.4666453 2.4134246 2.5697598 2.3432439 2.4291622 2.4242938 2.3043380 2.3475224 2.6209360 2.4578769 2.0512756 2.7078096 2.7110321 2.5806326 1.8459204 2.3340875 3.5109356 3.7323147 2.3702637 2.4471053 2.3298611 1.9859906 2.3555809 1.7269711 2.5214122 1.8116326 2.0353461 1.3865756 2.2265340 
IV_MN199007_QIN53283.1_R2R3-MYB_transcription_factor__Selaginella_moellendorffii_                   1.7446421 3.5282569 3.5026251 3.7252540 1.5453032 2.2042202 2.0196196 0.9865846 1.2322737 0.6379474 0.0000000 0.7115461 0.7156776 2.2118209 1.5230136 1.8414415 1.8858739 2.0532391 2.2942940 1.4084960 1.2085874 2.4675666 1.6949472 2.0458605 1.3808563 1.2970328 2.1158118 2.2635891 1.2686702 2.2028533 2.0227115 2.3504411 2.1231469 2.0885152 2.0339089 1.9817558 2.1669889 2.4169071 2.1831392 2.2226803 2.2710442 2.2700828 2.8234846 1.8653749 2.3445597 3.1060879 4.1310951 2.1266759 2.1190827 2.0179908 1.9913205 2.5626558 1.5063627 2.5427063 1.8561031 2.2940092 1.3209605 2.3168084 
IV_MN199006_QIN53282.1_R2R3-MYB_transcription_factor__Selaginella_moellendorffii_                   1.6939248 4.1682669 4.0627413 3.7869568 1.7090816 2.0501891 1.8104035 0.9985946 1.2970236 0.7567723 0.7115461 0.0000000 0.7757775 1.7794477 1.5237173 1.8179174 1.8762530 1.6605701 2.2713764 1.5841701 1.2004547 2.3981491 1.8012315 2.2974131 1.5763713 1.4130297 2.1422235 1.8073685 1.3570394 2.2717868 2.0483661 2.2029867 2.1480246 2.3052961 2.0976171 1.8819245 2.3360817 2.2974938 2.3375925 2.0436732 2.5870297 2.2871820 2.5267948 2.1346672 2.0198815 3.5083497 3.3204918 2.2009213 2.4815642 2.1997550 1.9016105 2.7905824 1.5710904 2.2227229 1.9295726 2.1147635 1.4290040 2.0929422 
IV_Mapoly0032s0153_PTQ41991.1_hypothetical_protein_MARPO_0032s0153__Marchantia_polymorpha_          1.8027545 4.6714717 4.5549520 4.8516231 1.6845510 2.2566772 2.4190865 1.2583356 1.5112159 0.8385937 0.7156776 0.7757775 0.0000000 2.0749335 1.8421162 1.8884167 2.1518142 2.3047490 2.8724459 1.5853787 1.2044633 2.3801684 1.7434871 2.9147411 1.5589120 1.4310887 2.5918794 2.5062692 1.5486748 2.4761966 2.1563738 2.9241904 2.6380047 2.7659262 2.5299572 2.3586345 2.4400073 2.5818939 2.4949371 2.5606973 2.5842343 2.6554814 3.4588518 2.5010325 2.7175060 3.1679219 3.5174763 2.6394607 2.8375419 2.7127934 2.2553578 3.0365561 1.6480570 3.0511423 1.9946811 2.3737114 1.4468856 2.4788390 
V_Mapoly0008s0029_PTQ47242.1_hypothetical_protein_MARPO_0008s0029__Marchantia_polymorpha_           1.9451641 3.4108815 3.9214179 3.7191053 1.7018652 2.7574761 2.2997004 1.7825032 1.8523823 2.0271040 2.2118209 1.7794477 2.0749335 0.0000000 0.7595145 0.7943500 1.1106877 0.9586980 2.7037678 1.4664856 1.2098049 2.5575977 2.1797806 2.3410476 1.7382156 1.6828120 2.7877985 2.7617352 2.0315766 3.2858008 3.0922381 3.2055733 3.2320676 3.1427482 3.0205572 3.0982907 3.2245644 3.6821143 2.9115333 2.9027438 2.7029418 3.0636364 3.1893930 2.6384822 2.7222424 3.7988069 3.7601136 3.2087505 2.6696017 2.8090044 2.4021539 3.1049883 1.8879028 3.2105634 2.1689992 2.5315281 1.7100373 3.2773762 
V_XM_002977602.2_XP_002977648.2_uncharacterized_protein_LOC9657152__Selaginella_moellendorffii_     1.6172336 2.8169357 2.7602831 2.8992179 1.5970320 1.8890318 2.0313190 1.7585525 1.6429773 1.6859729 1.5230136 1.5237173 1.8421162 0.7595145 0.0000000 0.5686832 0.8159577 0.8157694 2.2183959 1.4038111 1.1531185 2.3362523 1.8632822 2.0303288 1.5169892 1.3926857 2.2890705 2.2866011 1.6891913 2.6542349 2.6923166 2.3642780 2.5802839 2.4040369 2.3737783 2.3513571 2.3066063 2.4777947 2.4075127 1.9562376 2.2586797 2.2005775 2.5327416 1.9904617 2.2118767 2.6805250 3.1202983 2.2308101 1.9649078 2.1614422 2.1971803 2.3904317 1.5374431 2.8360404 2.1024800 2.2242865 1.4954217 2.7141193 
V_MN199008_QIN53284.1_R2R3-MYB_transcription_factor__Selaginella_moellendorffii_                    1.7699550 3.3246952 3.5870083 3.4279973 1.4093332 2.2075102 2.0896778 1.9215057 1.7391509 1.6513162 1.8414415 1.8179174 1.8884167 0.7943500 0.5686832 0.0000000 1.0804418 0.8657628 2.3490200 1.2238101 1.1606831 2.8280274 2.2883228 2.4681234 1.8364101 1.8364722 2.5560958 2.5268340 1.8357366 3.2203631 2.2816796 2.7084094 2.8161901 2.6458119 2.5983918 2.5177146 2.9021900 2.8998681 2.2701738 2.5610530 2.5371764 2.9305757 2.7970295 2.4674765 2.7904739 2.9304763 3.0931329 2.5656424 2.6120271 2.4985781 2.4905718 3.0447392 2.0133230 3.5501925 2.3689288 2.5012923 1.8305355 3.2787675 
V_MN199009_QIN53285.1_R2R3-MYB_transcription_factor__Selaginella_moellendorffii_                    1.6194250 3.0546018 3.1877233 3.2316938 1.5576122 2.1800381 2.3046142 2.1630634 1.9807912 1.7130646 1.8858739 1.8762530 2.1518142 1.1106877 0.8159577 1.0804418 0.0000000 1.0579258 2.6330524 1.4152867 1.2099662 2.5220035 2.1885659 2.3272150 1.5872966 1.6320288 2.6285532 2.8413641 1.9768631 3.0294583 2.5830601 2.8612541 3.1035224 2.7817090 2.6736828 3.1665795 3.2341955 3.2910551 2.9729975 2.7478095 2.6253219 2.6474856 2.7253310 2.2792549 2.7771700 3.2570737 3.0193616 2.7622764 2.6409846 2.8830263 2.5405400 2.8357888 1.9216973 2.7574751 2.0538038 2.2730011 1.6508422 3.1753397 
V_MN199010_QIN53286.1_R2R3-MYB_transcription_factor__Selaginella_moellendorffii_                    1.6905059 3.3432016 3.5229314 3.3861924 1.8256775 2.3571764 1.9241426 2.3599054 2.0769236 1.9282034 2.0532391 1.6605701 2.3047490 0.9586980 0.8157694 0.8657628 1.0579258 0.0000000 2.6283188 1.4690561 1.1828837 2.3578254 2.0538614 2.0720628 1.6229987 1.5355990 2.6990675 2.5365029 1.9605081 3.2676310 3.1241254 2.7541882 3.1403738 2.9441941 3.0148292 3.0076076 3.4231481 3.0169597 3.0470111 2.4390543 2.6394136 3.1894395 2.8763889 2.5634729 2.5152166 3.9391028 4.1078853 2.8321530 2.4431897 3.0290831 2.2538926 2.8695103 1.6831923 3.2565204 2.4893464 2.5783185 1.6502929 3.0476807 
VI_g8575.t1_length                                                                                  1.6264966 4.6918642 4.9169577 4.8602773 2.2292718 3.0957725 2.7241909 2.7302901 2.7291418 2.4179731 2.2942940 2.2713764 2.8724459 2.7037678 2.2183959 2.3490200 2.6330524 2.6283188 0.0000000 0.0330125 0.0563922 1.6062979 1.3156221 1.6945251 1.1020903 0.9975277 1.7034302 1.4158030 1.3644171 2.6195581 2.1630722 2.6763323 2.2460488 2.3212849 2.3068123 2.2858327 2.2574402 2.4918641 2.2860002 2.2070240 2.4165508 2.7539607 3.1004869 2.3425553 3.1867799 3.2734095 3.6858605 2.4452814 2.2178304 2.3049987 1.9607230 2.6396024 1.1171977 2.6158519 2.7624126 3.1957164 2.2453132 2.5092894 
VI_BBG43567_LC221833_MYB_transcription_factor                                                       1.1548519 2.7473310 2.5564516 2.5564516 1.5798967 1.5342313 1.3774821 1.5935855 1.3849853 1.2685029 1.4084960 1.5841701 1.5853787 1.4664856 1.4038111 1.2238101 1.4152867 1.4690561 0.0330125 0.0000000 0.0659545 0.9148080 0.8824632 0.8269369 0.7199181 0.6293272 0.7450872 0.8495445 1.0317003 1.1419475 1.1612037 1.1548272 1.1091561 1.1623786 1.2401308 1.1791167 1.2345770 1.2558918 1.1648803 1.3024456 1.1549549 1.3729256 1.4491737 1.5584931 1.5540695 1.9124685 1.7301748 1.1800046 1.2334712 1.1379960 0.9579201 1.2376937 0.7164564 1.2597922 1.3365246 1.3527590 1.5262705 1.1963363 
BBG43566_LC221832_Chara_leptospora_mRNA_for_MYB_transcription_factor                                1.0348373 2.6121654 2.4144194 2.4144194 1.3577750 1.2866874 1.2449534 1.2780073 1.1646044 1.1629857 1.2085874 1.2004547 1.2044633 1.2098049 1.1531185 1.1606831 1.2099662 1.1828837 0.0563922 0.0659545 0.0000000 0.7196516 0.6730387 0.7034850 0.6985629 0.6073592 0.7022188 0.6802813 0.9041765 0.9632831 0.9578719 0.9649617 0.9070587 0.9754945 1.0554509 0.9988352 1.0141305 1.0671374 1.0207607 1.1117995 0.9390567 1.1024699 1.1832380 1.2734340 1.2532003 1.6725756 1.6772824 0.9273668 1.0706502 0.9188656 1.0206874 0.9605704 0.6950399 1.0426535 1.3416030 1.3579161 1.5196905 0.9803010 
VI_Mapoly0019s0071.1                                                                                1.3615361 4.1202607 4.1271848 3.8999282 2.0180784 2.6015673 2.1855620 2.5624131 2.1520005 2.2833299 2.4675666 2.3981491 2.3801684 2.5575977 2.3362523 2.8280274 2.5220035 2.3578254 1.6062979 0.9148080 0.7196516 0.0000000 0.3254143 0.4896907 0.2457139 0.2329470 0.5744217 0.9271516 0.9999734 1.8770055 1.8347331 1.7833673 1.8170946 1.6722820 1.8097876 1.6679687 1.5878704 1.9319200 1.5143388 1.7370177 2.0481770 2.1110722 2.1203512 1.9712826 2.1490963 2.7316523 2.4848691 1.8662653 2.1548152 1.8189867 1.5693787 1.7437398 0.2882002 2.0692405 2.4787153 2.4505559 1.6325336 1.6992148 
VI_XM_024688730.1__XP_024544498.1                                                                   1.3000171 2.6838735 2.6833523 2.9077424 1.6551156 2.2410963 1.8301480 1.8691376 1.6229143 1.8089761 1.6949472 1.8012315 1.7434871 2.1797806 1.8632822 2.2883228 2.1885659 2.0538614 1.3156221 0.8824632 0.6730387 0.3254143 0.0000000 0.3767277 0.1952924 0.1774228 0.3110560 0.6746770 0.9493370 1.3969481 1.2214599 1.3715470 1.5034321 1.6298212 1.4230662 1.3877730 1.3517932 1.6017597 1.2674048 1.5329185 1.5780191 1.5772218 1.7065357 1.4149504 1.7184267 1.9057646 2.0244531 1.2678072 1.6251719 1.3085637 1.4361415 1.4836946 0.2390130 1.5162151 1.8102730 2.0866123 1.4740434 1.3599461 
VI_XM_024688389.1_XP_024524157.1_transcription_repressor_MYB4__Selaginella_moellendorffii_          1.4739088 3.5114413 3.3103902 3.2348324 2.0290438 2.2630883 2.5618055 2.3620222 2.0821468 2.0238556 2.0458605 2.2974131 2.9147411 2.3410476 2.0303288 2.4681234 2.3272150 2.0720628 1.6945251 0.8269369 0.7034850 0.4896907 0.3767277 0.0000000 0.2858184 0.2592284 0.6163464 0.9577193 1.0398459 1.7227818 1.6835131 1.9643348 1.6998343 1.9309175 1.7896492 1.7544083 1.6835672 1.9004484 1.5563341 1.6590912 1.7903537 2.0540098 1.9323006 1.6664942 1.8164881 2.5451867 2.6833603 1.5874349 1.9775957 1.7300071 1.6050496 2.0268201 0.3662967 1.8876274 2.2801675 2.2665586 1.7166445 1.6606831 
VI_Sacu_v1.1_s1503.g028048_Myb_transcription_factor__0.077_                                         1.1528164 2.7720468 2.7608482 2.7328202 1.5807432 1.5536411 1.4091417 1.3808428 1.4469261 1.5386462 1.3808563 1.5763713 1.5589120 1.7382156 1.5169892 1.8364101 1.5872966 1.6229987 1.1020903 0.7199181 0.6985629 0.2457139 0.1952924 0.2858184 0.0000000 0.0000010 0.2473664 0.4210380 0.8120111 0.9932933 0.9365032 1.0336677 1.2272489 1.2493154 1.1222940 1.1135618 1.1569984 1.0508666 1.0402203 1.1122989 1.1171466 1.3381568 1.2909885 1.4753287 1.4003135 1.4143453 1.8863478 1.1144748 1.2876431 1.1543151 1.0656191 1.1370219 0.1217739 1.2915668 1.6735391 1.9740866 1.6282466 1.0802931 
VI_Sacu_v1.1_s0147.g023157_Myb_transcription_factor__0.077_                                         1.0675126 2.9641731 2.9434826 2.9113192 1.4082484 1.5023721 1.3071414 1.3693635 1.3144486 1.4806351 1.2970328 1.4130297 1.4310887 1.6828120 1.3926857 1.8364722 1.6320288 1.5355990 0.9975277 0.6293272 0.6073592 0.2329470 0.1774228 0.2592284 0.0000010 0.0000000 0.1912411 0.3799311 0.8355233 0.9692892 0.9683502 1.0614589 1.1842891 1.2166273 1.1266264 1.1135475 1.0896467 1.0729917 0.9829148 1.0626161 1.0589558 1.3791012 1.2063743 1.3465749 1.2855900 1.3346847 1.8457458 1.1100075 1.2532624 1.1381142 1.0979464 1.0255201 0.0583726 1.2625392 1.5105183 1.8276550 1.4341729 1.0435798 
VI_MA_130648p0010_437_residues__                                                                    1.2662789 3.8167293 3.6387588 3.6564219 1.8840063 2.6913184 2.5715922 2.5646061 2.0994376 2.0651024 2.1158118 2.1422235 2.5918794 2.7877985 2.2890705 2.5560958 2.6285532 2.6990675 1.7034302 0.7450872 0.7022188 0.5744217 0.3110560 0.6163464 0.2473664 0.1912411 0.0000000 0.8081602 1.0969159 1.7923942 2.1172358 1.8201772 1.6872023 1.7228284 1.9421943 1.7493682 1.7749478 1.9565704 1.6389714 1.6991572 1.8556797 2.2600056 1.9872524 1.7149968 2.0268172 2.8553900 2.9772256 1.8021833 1.9880797 1.7200014 1.4852637 1.6879816 0.2868390 1.9883826 2.6127965 2.5692860 1.9016836 1.7660938 
VI_AmTr_v1.0_scaffold00111.43_locus_evm_27.TU.AmTr_v1.0_scaffold00111.43                            1.4808104 4.4559743 5.0778877 4.4286422 2.0416506 2.7478424 2.8450921 2.3163126 2.3358139 1.9746179 2.2635891 1.8073685 2.5062692 2.7617352 2.2866011 2.5268340 2.8413641 2.5365029 1.4158030 0.8495445 0.6802813 0.9271516 0.6746770 0.9577193 0.4210380 0.3799311 0.8081602 0.0000000 0.9419311 1.5404905 1.7463754 1.8066691 1.5436177 1.6936827 1.7004600 1.5362686 1.5264211 1.6705350 1.4237469 1.8172199 2.2711202 2.1323371 2.1868602 2.2225494 2.2734956 2.3329397 3.1856503 1.4947565 1.7156785 1.7091417 1.4464901 1.8691649 0.4643153 1.8231798 2.5675648 2.8508034 1.8318894 1.4599696 
VII_HAOX-0009745                                                                                    1.0613062 3.3191726 3.1958103 3.0375444 1.5100661 1.6972549 1.5738566 1.5234807 1.4666399 1.5497280 1.2686702 1.3570394 1.5486748 2.0315766 1.6891913 1.8357366 1.9768631 1.9605081 1.3644171 1.0317003 0.9041765 0.9999734 0.9493370 1.0398459 0.8120111 0.8355233 1.0969159 0.9419311 0.0000000 0.5471279 0.5095148 0.7639495 0.7138257 0.8372650 0.4630809 0.4960638 0.7291623 0.5069262 0.5147904 0.8998526 0.9761021 1.0926959 0.9374631 1.0297496 1.1292623 1.7157516 1.8860076 0.6852288 1.0794336 0.7753879 0.9540647 1.0136082 0.8210580 1.1012149 1.6766155 1.6268530 1.5076884 0.6201503 
VII_Mp3g05910.1                                                                                     1.3755340 3.8501742 3.9057123 3.9577752 1.5739264 2.7068420 3.1875725 2.4873316 2.3657550 2.4666453 2.2028533 2.2717868 2.4761966 3.2858008 2.6542349 3.2203631 3.0294583 3.2676310 2.6195581 1.1419475 0.9632831 1.8770055 1.3969481 1.7227818 0.9932933 0.9692892 1.7923942 1.5404905 0.5471279 0.0000000 0.8929804 1.2063380 1.1258608 1.2512682 0.6105715 0.6628900 0.8386942 0.8882802 0.8286370 1.2907646 1.8535146 2.0385364 1.9193059 1.6270687 1.7545155 2.5439324 3.1092347 1.1710837 1.9188834 1.0514832 1.5438436 1.8202829 1.0312369 1.9561143 2.5758650 2.8551026 2.0833937 0.9211493 
VII_ENA_MN199011_MN199011.1_Selaginella_moellendorffii                                              1.2105451 3.6398222 3.8852732 4.0384122 1.7695778 2.7996681 2.5118635 2.4715214 2.2511870 2.4134246 2.0227115 2.0483661 2.1563738 3.0922381 2.6923166 2.2816796 2.5830601 3.1241254 2.1630722 1.1612037 0.9578719 1.8347331 1.2214599 1.6835131 0.9365032 0.9683502 2.1172358 1.7463754 0.5095148 0.8929804 0.0000000 1.4094606 1.2159516 1.3257081 0.8755625 0.9171555 0.9230224 0.9537615 0.9704889 1.3667119 1.7415049 1.6600862 1.9102133 1.7298480 1.9685741 3.0107684 3.1128464 1.3312986 1.6519875 1.3516803 1.3916246 1.6391660 1.0223228 1.7542656 2.6328651 2.8204072 1.9031806 1.1796384 
VII_Sacu_v1.1_s0002.g001222_Myb_transcription_factor__0.077_                                        1.4026927 3.1985862 3.5471439 3.4859592 1.8362180 3.1261273 2.7914548 2.5777982 2.5027102 2.5697598 2.3504411 2.2029867 2.9241904 3.2055733 2.3642780 2.7084094 2.8612541 2.7541882 2.6763323 1.1548272 0.9649617 1.7833673 1.3715470 1.9643348 1.0336677 1.0614589 1.8201772 1.8066691 0.7639495 1.2063380 1.4094606 0.0000000 1.0391952 1.1583634 1.2850433 1.2635381 1.4197739 1.3289345 1.1462509 1.4765371 2.0174674 2.1360851 2.0097777 1.5851602 1.9588695 2.9064136 3.2891163 1.1023608 1.7980225 1.0219669 1.5660322 1.8898983 1.1405960 1.8805954 2.8496679 2.9663471 2.1766852 1.3313366 
VII_Sacu_v1.1_s0041.g012546_Myb_transcription_factor__0.077_                                        1.2299451 3.7694448 3.7994055 3.7712388 1.6221736 2.8577632 2.9385913 2.6080276 2.3852854 2.3432439 2.1231469 2.1480246 2.6380047 3.2320676 2.5802839 2.8161901 3.1035224 3.1403738 2.2460488 1.1091561 0.9070587 1.8170946 1.5034321 1.6998343 1.2272489 1.1842891 1.6872023 1.5436177 0.7138257 1.1258608 1.2159516 1.0391952 0.0000000 1.0257200 1.1770259 1.0908671 1.2060446 1.1518080 1.1859073 1.5501542 1.6592177 1.9922474 2.0328575 1.6470647 1.7827712 3.2264312 3.1996517 0.5454055 1.7454816 0.8571696 1.3909184 1.6526774 1.1672294 1.9444452 2.5118641 2.7146996 1.7349115 1.2986518 
VII_Sacu_v1.1_s0272.g027033_Myb_transcription_factor__0.077_                                        1.4264702 3.3076627 3.6694720 3.9312051 1.7461534 2.6571850 2.7585915 2.3530133 1.9958259 2.4291622 2.0885152 2.3052961 2.7659262 3.1427482 2.4040369 2.6458119 2.7817090 2.9441941 2.3212849 1.1623786 0.9754945 1.6722820 1.6298212 1.9309175 1.2493154 1.2166273 1.7228284 1.6936827 0.8372650 1.2512682 1.3257081 1.1583634 1.0257200 0.0000000 1.2828239 1.1668615 1.2375434 1.4348781 1.0892670 1.1914209 1.8566796 1.9201846 2.1502765 2.0073905 1.8202663 2.8447490 3.5095443 0.9108404 1.8829156 0.8212168 1.6479297 1.6959246 1.2623504 2.0081331 2.2502298 2.3510900 1.7746823 1.2311480 
VII_MA_96853p0010_582_residues__                                                                    1.3698450 3.9364452 4.3065437 4.2176841 1.7601256 2.1951390 2.7578077 2.5762903 2.4811726 2.4242938 2.0339089 2.0976171 2.5299572 3.0205572 2.3737783 2.5983918 2.6736828 3.0148292 2.3068123 1.2401308 1.0554509 1.8097876 1.4230662 1.7896492 1.1222940 1.1266264 1.9421943 1.7004600 0.4630809 0.6105715 0.8755625 1.2850433 1.1770259 1.2828239 0.0000000 0.4125469 0.8766913 0.6757292 0.6528515 1.3444498 1.7273444 1.8602817 2.0190263 1.5180067 1.8729339 2.7596205 2.7470975 1.1063617 1.8026920 1.1603642 1.5503998 1.6893195 1.1360398 2.0280786 2.3133459 2.7937548 2.0351469 0.8942266 
VII_MA_10208000p0010_602_residues__                                                                 1.2574121 3.9845953 4.1644932 4.1151927 1.5614652 2.3994040 2.6938900 2.3537285 2.4918721 2.3043380 1.9817558 1.8819245 2.3586345 3.0982907 2.3513571 2.5177146 3.1665795 3.0076076 2.2858327 1.1791167 0.9988352 1.6679687 1.3877730 1.7544083 1.1135618 1.1135475 1.7493682 1.5362686 0.4960638 0.6628900 0.9171555 1.2635381 1.0908671 1.1668615 0.4125469 0.0000000 0.8592902 0.4965031 0.6232616 1.2858639 1.7302758 1.8733956 1.7128131 1.3994363 1.5902256 2.6266100 2.7747640 1.0465252 1.8985759 1.0883480 1.6002934 1.5802001 1.1997802 1.8761479 2.2349366 2.6269020 1.8090651 0.7622557 
VII_MA_20462p0010_470_residues__                                                                    1.3245012 4.8686842 5.0419372 5.3163383 1.6598905 2.8881025 2.8794806 2.7544969 2.4848122 2.3475224 2.1669889 2.3360817 2.4400073 3.2245644 2.3066063 2.9021900 3.2341955 3.4231481 2.2574402 1.2345770 1.0141305 1.5878704 1.3517932 1.6835672 1.1569984 1.0896467 1.7749478 1.5264211 0.7291623 0.8386942 0.9230224 1.4197739 1.2060446 1.2375434 0.8766913 0.8592902 0.0000000 1.0420225 0.9274634 1.2670300 1.8114891 2.0265466 1.9393597 1.6106154 1.6983199 2.4876363 2.9798401 1.2997070 2.0393251 1.2283875 1.5799338 2.0888395 1.2173303 2.0463018 2.7710765 2.9844433 2.1256638 1.1651120 
VII_AmTr_v1.0_scaffold00038.91                                                                      1.3210812 4.2352802 4.5367375 4.9518663 1.9677712 2.9376199 3.1104752 2.5903865 2.9123991 2.6209360 2.4169071 2.2974938 2.5818939 3.6821143 2.4777947 2.8998681 3.2910551 3.0169597 2.4918641 1.2558918 1.0671374 1.9319200 1.6017597 1.9004484 1.0508666 1.0729917 1.9565704 1.6705350 0.5069262 0.8882802 0.9537615 1.3289345 1.1518080 1.4348781 0.6757292 0.4965031 1.0420225 0.0000000 0.7937429 1.6705669 1.7856618 2.0930937 1.8685313 1.5850940 1.9004466 2.8517868 2.8766676 1.1996194 2.1311088 1.3551334 1.7055520 1.7741784 1.1507904 2.2586933 2.6460031 3.3831709 2.0032569 0.8453415 
VII_AmTr_v1.0_scaffold00037.85                                                                      1.1531526 3.9465588 4.4826561 4.3355327 1.5308250 2.4902910 2.4777115 2.4702994 2.2033630 2.4578769 2.1831392 2.3375925 2.4949371 2.9115333 2.4075127 2.2701738 2.9729975 3.0470111 2.2860002 1.1648803 1.0207607 1.5143388 1.2674048 1.5563341 1.0402203 0.9829148 1.6389714 1.4237469 0.5147904 0.8286370 0.9704889 1.1462509 1.1859073 1.0892670 0.6528515 0.6232616 0.9274634 0.7937429 0.0000000 1.4787258 1.6352020 1.6745626 1.5958946 1.4531843 1.7648968 2.4490735 2.6212659 0.9827852 1.8526124 1.1441845 1.6693433 1.5415291 1.0656854 1.9636620 2.3403508 2.3983704 1.7713213 0.9242438 
VIII_MN199016_QIN53292.1_R2R3-MYB_transcription_factor__Selaginella_moellendorffii_                 0.9995292 4.2139998 4.1246763 4.3545359 1.6769677 2.3133510 2.2614702 2.3910785 2.0092993 2.0512756 2.2226803 2.0436732 2.5606973 2.9027438 1.9562376 2.5610530 2.7478095 2.4390543 2.2070240 1.3024456 1.1117995 1.7370177 1.5329185 1.6590912 1.1122989 1.0626161 1.6991572 1.8172199 0.8998526 1.2907646 1.3667119 1.4765371 1.5501542 1.1914209 1.3444498 1.2858639 1.2670300 1.6705669 1.4787258 0.0000000 1.0245468 1.0820599 1.0896369 1.1817906 1.1223513 2.6295975 3.1250396 1.3278008 1.0913194 1.4527161 1.4928570 1.1735445 1.0582479 1.1774797 2.3678766 2.3898495 1.7900584 1.4264245 
VIII_XM_024668296.1_XP_024524064.1_transcription_factor_MYB26__Selaginella_moellendorffii_          0.9591726 3.9127253 4.0505004 4.2254148 1.7847137 2.9497985 2.5825298 2.6868954 2.3929636 2.7078096 2.2710442 2.5870297 2.5842343 2.7029418 2.2586797 2.5371764 2.6253219 2.6394136 2.4165508 1.1549549 0.9390567 2.0481770 1.5780191 1.7903537 1.1171466 1.0589558 1.8556797 2.2711202 0.9761021 1.8535146 1.7415049 2.0174674 1.6592177 1.8566796 1.7273444 1.7302758 1.8114891 1.7856618 1.6352020 1.0245468 0.0000000 1.4072555 1.4057048 1.4271905 1.4095189 2.7826401 3.0198303 1.7515579 1.3891058 1.8661379 1.2456380 1.1598466 1.2399104 1.5436115 2.6344220 3.0499449 1.8746042 1.7728460 
VIII_Mapoly0073s0038_PTQ35164.1_hypothetical_protein_MARPO_0073s0038__Marchantia_polymorpha_        1.2904868 5.3354303 4.9336728 5.3909586 2.0469045 2.9187753 2.6873126 2.5615083 2.5059111 2.7110321 2.2700828 2.2871820 2.6554814 3.0636364 2.2005775 2.9305757 2.6474856 3.1894395 2.7539607 1.3729256 1.1024699 2.1110722 1.5772218 2.0540098 1.3381568 1.3791012 2.2600056 2.1323371 1.0926959 2.0385364 1.6600862 2.1360851 1.9922474 1.9201846 1.8602817 1.8733956 2.0265466 2.0930937 1.6745626 1.0820599 1.4072555 0.0000000 1.1204791 1.1826803 1.2300674 3.3907860 3.6263206 1.7664292 1.5561963 2.0332514 1.8604424 1.6622529 1.4233436 1.3871139 2.7656246 2.7806405 1.9396566 2.1198666 
VIII_Mapoly0006s0226_PTQ48220.1_hypothetical_protein_MARPO_0006s0226__Marchantia_polymorpha_        1.2264211 4.5264025 4.3784796 4.1538688 2.2248977 2.9761672 3.0139035 2.6525462 2.5080249 2.5806326 2.8234846 2.5267948 3.4588518 3.1893930 2.5327416 2.7970295 2.7253310 2.8763889 3.1004869 1.4491737 1.1832380 2.1203512 1.7065357 1.9323006 1.2909885 1.2063743 1.9872524 2.1868602 0.9374631 1.9193059 1.9102133 2.0097777 2.0328575 2.1502765 2.0190263 1.7128131 1.9393597 1.8685313 1.5958946 1.0896369 1.4057048 1.1204791 0.0000000 1.0745849 1.1845350 3.8656862 3.4823433 2.1701777 1.4668221 2.0966775 1.6959473 1.5537175 1.2282662 1.3914018 3.0543865 3.0499120 2.3846832 1.8252189 
VIII_XM_024680104.1_XP_024535872.1_transcription_factor_MYB8-like__Selaginella_moellendorffii_      1.2248092 4.0709162 4.2171009 3.8122503 1.9450058 2.3485813 2.5313056 2.3675838 2.1195141 1.8459204 1.8653749 2.1346672 2.5010325 2.6384822 1.9904617 2.4674765 2.2792549 2.5634729 2.3425553 1.5584931 1.2734340 1.9712826 1.4149504 1.6664942 1.4753287 1.3465749 1.7149968 2.2225494 1.0297496 1.6270687 1.7298480 1.5851602 1.6470647 2.0073905 1.5180067 1.3994363 1.6106154 1.5850940 1.4531843 1.1817906 1.4271905 1.1826803 1.0745849 0.0000000 0.9580411 2.3824574 2.4076896 1.7845585 1.2615155 1.5430763 1.3761782 1.2696408 1.4442525 1.1197275 2.7270030 2.6974826 1.7494025 1.7265065 
VIII_MN199020_QIN53296.1_R2R3-MYB_transcription_factor__Selaginella_moellendorffii_                 1.2794076 5.0118713 4.7858593 3.7649335 2.1044650 2.7995589 3.0773394 2.2637999 2.3683580 2.3340875 2.3445597 2.0198815 2.7175060 2.7222424 2.2118767 2.7904739 2.7771700 2.5152166 3.1867799 1.5540695 1.2532003 2.1490963 1.7184267 1.8164881 1.4003135 1.2855900 2.0268172 2.2734956 1.1292623 1.7545155 1.9685741 1.9588695 1.7827712 1.8202663 1.8729339 1.5902256 1.6983199 1.9004466 1.7648968 1.1223513 1.4095189 1.2300674 1.1845350 0.9580411 0.0000000 3.3354324 3.0918578 1.9711974 1.5919252 1.7133393 1.7681827 1.4991992 1.3390372 1.3659630 2.7374872 2.9191224 2.0639571 1.8936535 
ARP_XM_002962269.2_XP_002962315.1_transcription_factor_AS1__Selaginella_moellendorffii_             2.2830757 3.9819137 4.1607803 4.1201431 2.3603936 4.2105947 3.6604354 3.4767101 3.2020460 3.5109356 3.1060879 3.5083497 3.1679219 3.7988069 2.6805250 2.9304763 3.2570737 3.9391028 3.2734095 1.9124685 1.6725756 2.7316523 1.9057646 2.5451867 1.4143453 1.3346847 2.8553900 2.3329397 1.7157516 2.5439324 3.0107684 2.9064136 3.2264312 2.8447490 2.7596205 2.6266100 2.4876363 2.8517868 2.4490735 2.6295975 2.7826401 3.3907860 3.8656862 2.3824574 3.3354324 0.0000000 0.9632473 2.9966807 2.9250863 2.8438198 2.2871523 3.1348245 1.4843739 3.8586446 3.7123588 4.3616755 2.3892427 2.7438327 
ARP_Mapoly0040s0004_PTQ40315.1_hypothetical_protein_MARPO_0040s0004__Marchantia_polymorpha_         2.2683801 3.5528016 3.5375010 4.1425793 2.2786450 4.2341837 3.8769773 3.9851254 3.2490418 3.7323147 4.1310951 3.3204918 3.5174763 3.7601136 3.1202983 3.0931329 3.0193616 4.1078853 3.6858605 1.7301748 1.6772824 2.4848691 2.0244531 2.6833603 1.8863478 1.8457458 2.9772256 3.1856503 1.8860076 3.1092347 3.1128464 3.2891163 3.1996517 3.5095443 2.7470975 2.7747640 2.9798401 2.8766676 2.6212659 3.1250396 3.0198303 3.6263206 3.4823433 2.4076896 3.0918578 0.9632473 0.0000000 3.4259004 3.4592426 3.0804439 3.1214624 3.1099001 1.9142860 3.5865232 3.4280187 3.8638267 2.2884500 2.6652822 
Azfi_s0004.g008455                                                                                  1.2021955 4.3870222 4.6239718 4.4833156 1.7123477 2.6385326 3.3616330 2.1644057 2.2944941 2.3702637 2.1266759 2.2009213 2.6394607 3.2087505 2.2308101 2.5656424 2.7622764 2.8321530 2.4452814 1.1800046 0.9273668 1.8662653 1.2678072 1.5874349 1.1144748 1.1100075 1.8021833 1.4947565 0.6852288 1.1710837 1.3312986 1.1023608 0.5454055 0.9108404 1.1063617 1.0465252 1.2997070 1.1996194 0.9827852 1.3278008 1.7515579 1.7664292 2.1701777 1.7845585 1.9711974 2.9966807 3.4259004 0.0000000 1.7987951 0.8653123 1.5831666 1.6719293 1.1439402 2.2541898 2.5441220 2.8400629 1.9596649 1.2427168 
Azfi_s0014.g013584                                                                                  0.9842672 3.8441195 3.9885252 3.7418799 1.8468037 2.7786010 2.5773593 2.7284770 2.4528555 2.4471053 2.1190827 2.4815642 2.8375419 2.6696017 1.9649078 2.6120271 2.6409846 2.4431897 2.2178304 1.2334712 1.0706502 2.1548152 1.6251719 1.9775957 1.2876431 1.2532624 1.9880797 1.7156785 1.0794336 1.9188834 1.6519875 1.7980225 1.7454816 1.8829156 1.8026920 1.8985759 2.0393251 2.1311088 1.8526124 1.0913194 1.3891058 1.5561963 1.4668221 1.2615155 1.5919252 2.9250863 3.4592426 1.7987951 0.0000000 1.9043516 1.4329266 1.5563761 1.4078921 1.3735445 3.1518047 3.0711203 1.8739435 1.9318320 
Azfi_s0021.g015882                                                                                  1.3935168 3.8129306 4.0520782 4.0154070 1.6749101 2.1719942 2.7588998 2.1455958 2.1187357 2.3298611 2.0179908 2.1997550 2.7127934 2.8090044 2.1614422 2.4985781 2.8830263 3.0290831 2.3049987 1.1379960 0.9188656 1.8189867 1.3085637 1.7300071 1.1543151 1.1381142 1.7200014 1.7091417 0.7753879 1.0514832 1.3516803 1.0219669 0.8571696 0.8212168 1.1603642 1.0883480 1.2283875 1.3551334 1.1441845 1.4527161 1.8661379 2.0332514 2.0966775 1.5430763 1.7133393 2.8438198 3.0804439 0.8653123 1.9043516 0.0000000 1.4628111 1.6759238 1.1392587 2.0302357 2.4471540 2.5057374 2.0261587 1.3716217 
Azfi_s0035.g025508                                                                                  0.7900918 3.2464092 3.8963798 3.5519357 1.8950785 2.4605304 2.0554032 2.2695614 1.8526202 1.9859906 1.9913205 1.9016105 2.2553578 2.4021539 2.1971803 2.4905718 2.5405400 2.2538926 1.9607230 0.9579201 1.0206874 1.5693787 1.4361415 1.6050496 1.0656191 1.0979464 1.4852637 1.4464901 0.9540647 1.5438436 1.3916246 1.5660322 1.3909184 1.6479297 1.5503998 1.6002934 1.5799338 1.7055520 1.6693433 1.4928570 1.2456380 1.8604424 1.6959473 1.3761782 1.7681827 2.2871523 3.1214624 1.5831666 1.4329266 1.4628111 0.0000000 1.2746067 1.0924555 1.5947464 2.5446675 2.6148183 2.0931532 1.5009492 
Azfi_s0041.g026722                                                                                  1.0821388 4.1711510 4.7780919 5.0277592 1.8754221 2.3528238 2.5796089 2.9974560 2.1959819 2.3555809 2.5626558 2.7905824 3.0365561 3.1049883 2.3904317 3.0447392 2.8357888 2.8695103 2.6396024 1.2376937 0.9605704 1.7437398 1.4836946 2.0268201 1.1370219 1.0255201 1.6879816 1.8691649 1.0136082 1.8202829 1.6391660 1.8898983 1.6526774 1.6959246 1.6893195 1.5802001 2.0888395 1.7741784 1.5415291 1.1735445 1.1598466 1.6622529 1.5537175 1.2696408 1.4991992 3.1348245 3.1099001 1.6719293 1.5563761 1.6759238 1.2746067 0.0000000 1.0774045 1.4650311 2.8961932 3.0427467 2.1750424 1.7100398 
Azfi_s0076.g037908                                                                                  1.0973480 2.7863307 2.7814730 2.6896385 1.5748100 1.6696293 1.4483107 1.5240182 1.5028190 1.7269711 1.5063627 1.5710904 1.6480570 1.8879028 1.5374431 2.0133230 1.9216973 1.6831923 1.1171977 0.7164564 0.6950399 0.2882002 0.2390130 0.3662967 0.1217739 0.0583726 0.2868390 0.4643153 0.8210580 1.0312369 1.0223228 1.1405960 1.1672294 1.2623504 1.1360398 1.1997802 1.2173303 1.1507904 1.0656854 1.0582479 1.2399104 1.4233436 1.2282662 1.4442525 1.3390372 1.4843739 1.9142860 1.1439402 1.4078921 1.1392587 1.0924555 1.0774045 0.0000000 1.2787568 1.6052567 1.8890830 1.6409372 1.0945209 
Azfi_s0129.g048859                                                                                  1.1019312 4.0370055 4.5228327 4.4244901 1.9606670 2.9222185 2.7801400 3.0643221 2.9415799 2.5214122 2.5427063 2.2227229 3.0511423 3.2105634 2.8360404 3.5501925 2.7574751 3.2565204 2.6158519 1.2597922 1.0426535 2.0692405 1.5162151 1.8876274 1.2915668 1.2625392 1.9883826 1.8231798 1.1012149 1.9561143 1.7542656 1.8805954 1.9444452 2.0081331 2.0280786 1.8761479 2.0463018 2.2586933 1.9636620 1.1774797 1.5436115 1.3871139 1.3914018 1.1197275 1.3659630 3.8586446 3.5865232 2.2541898 1.3735445 2.0302357 1.5947464 1.4650311 1.2787568 0.0000000 3.0732060 2.9490562 1.9272504 1.9411269 
R1R2R3_MN199004_QIN53280.1_R1R2R3-MYB_protein__Selaginella_moellendorffii_                          2.1620249 3.5620369 3.6160480 3.6259559 1.4441136 1.9567034 1.7708856 2.0018295 1.6501467 1.8116326 1.8561031 1.9295726 1.9946811 2.1689992 2.1024800 2.3689288 2.0538038 2.4893464 2.7624126 1.3365246 1.3416030 2.4787153 1.8102730 2.2801675 1.6735391 1.5105183 2.6127965 2.5675648 1.6766155 2.5758650 2.6328651 2.8496679 2.5118641 2.2502298 2.3133459 2.2349366 2.7710765 2.6460031 2.3403508 2.3678766 2.6344220 2.7656246 3.0543865 2.7270030 2.7374872 3.7123588 3.4280187 2.5441220 3.1518047 2.4471540 2.5446675 2.8961932 1.6052567 3.0732060 0.0000000 0.6170676 0.8224161 2.2510641 
R1R2R3_Mapoly0036s0107_PTQ41127.1_hypothetical_protein_MARPO_0036s0107__Marchantia_polymorpha_      2.1684319 3.2832578 3.7491953 3.2017880 1.4987552 1.9993893 2.0005086 2.5383661 1.9909951 2.0353461 2.2940092 2.1147635 2.3737114 2.5315281 2.2242865 2.5012923 2.2730011 2.5783185 3.1957164 1.3527590 1.3579161 2.4505559 2.0866123 2.2665586 1.9740866 1.8276550 2.5692860 2.8508034 1.6268530 2.8551026 2.8204072 2.9663471 2.7146996 2.3510900 2.7937548 2.6269020 2.9844433 3.3831709 2.3983704 2.3898495 3.0499449 2.7806405 3.0499120 2.6974826 2.9191224 4.3616755 3.8638267 2.8400629 3.0711203 2.5057374 2.6148183 3.0427467 1.8890830 2.9490562 0.6170676 0.0000000 0.8722131 3.0724218 
R1R2R3_Mapoly0150s0001_PTQ28976.1_hypothetical_protein_MARPO_0150s0001__Marchantia_polymorpha_      1.6797832 2.4617458 2.3437072 2.1389026 1.0436938 1.2250123 1.2495845 1.4546652 1.4216691 1.3865756 1.3209605 1.4290040 1.4468856 1.7100373 1.4954217 1.8305355 1.6508422 1.6502929 2.2453132 1.5262705 1.5196905 1.6325336 1.4740434 1.7166445 1.6282466 1.4341729 1.9016836 1.8318894 1.5076884 2.0833937 1.9031806 2.1766852 1.7349115 1.7746823 2.0351469 1.8090651 2.1256638 2.0032569 1.7713213 1.7900584 1.8746042 1.9396566 2.3846832 1.7494025 2.0639571 2.3892427 2.2884500 1.9596649 1.8739435 2.0261587 2.0931532 2.1750424 1.6409372 1.9272504 0.8224161 0.8722131 0.0000000 1.8467732 
sp_Q8W1W6_MYB33_ARATH_Transcription_factor_MYB33_OS_Arabidopsis_thaliana_OX_3702_GN_MYB33_PE_2_SV_1 1.2083107 4.0398643 4.5195495 4.5553849 1.5737981 2.9722968 2.7137045 2.4258086 2.5838600 2.2265340 2.3168084 2.0929422 2.4788390 3.2773762 2.7141193 3.2787675 3.1753397 3.0476807 2.5092894 1.1963363 0.9803010 1.6992148 1.3599461 1.6606831 1.0802931 1.0435798 1.7660938 1.4599696 0.6201503 0.9211493 1.1796384 1.3313366 1.2986518 1.2311480 0.8942266 0.7622557 1.1651120 0.8453415 0.9242438 1.4264245 1.7728460 2.1198666 1.8252189 1.7265065 1.8936535 2.7438327 2.6652822 1.2427168 1.9318320 1.3716217 1.5009492 1.7100398 1.0945209 1.9411269 2.2510641 3.0724218 1.8467732 0.0000000 
