25
VII_HAOX-0009745                                                                                    0.0000000 0.7317743 0.8521166 1.1659776 1.0703890 1.1903414 0.8435126 0.7309813 0.8921503 0.7055710 0.7178670 0.7856012 1.1891848 1.2311946 2.0169390 1.9425547 1.3462574 1.8641571 1.9916712 6.2788605 1.8965940 1.6372573 1.7235797 1.6858328 1.6943330 
VII_Mp3g05910.1                                                                                     0.7317743 0.0000000 1.8290375 2.6453270 2.2966708 2.6031733 1.3393316 1.2186570 1.3944230 1.6735413 1.7703802 1.9359980 2.0391697 1.9658455 4.5460228 1.9495490 1.4977682 3.3339720 3.0778106 5.7578671 3.2528625 1.6381792 1.5882609 3.3943513 2.6398878 
VII_ENA_MN199011_MN199011.1_Selaginella_moellendorffii                                              0.8521166 1.8290375 0.0000000 2.7153079 2.7936700 2.7640893 2.0529241 1.8314166 2.2361588 1.8023182 2.0808190 2.4501916 2.8476610 2.6723100 4.1238731 1.9499037 1.4824745 3.4609616 2.7465759 8.0688109 3.4575067 1.4649598 1.5126248 3.4073579 2.5193329 
VII_Sacu_v1.1_s0002.g001222_Myb_transcription_factor__0.077_                                        1.1659776 2.6453270 2.7153079 0.0000000 1.9704216 2.5076519 3.3573547 2.9074831 2.1475239 2.8749446 2.6568855 3.3914798 2.0648115 2.4918224 4.0784587 2.2641489 1.6207271 3.4747951 3.5456487 8.1920200 3.1210852 1.5522876 1.5563227 3.8257195 2.7257847 
VII_Sacu_v1.1_s0041.g012546_Myb_transcription_factor__0.077_                                        1.0703890 2.2966708 2.7936700 1.9704216 0.0000000 2.2762727 2.5553688 2.5892874 2.0320245 2.7610828 2.4806248 2.9494383 1.5265778 1.8923474 4.3490716 2.0096636 1.3854443 3.2234057 3.3531285 8.9999985 3.1564018 1.8598623 1.7235732 3.7035505 2.7796643 
VII_Sacu_v1.1_s0272.g027033_Myb_transcription_factor__0.077_                                        1.1903414 2.6031733 2.7640893 2.5076519 2.2762727 0.0000000 2.7950247 2.5802747 2.4331717 2.9537748 2.2501506 3.1705664 2.2576435 1.8171380 4.1146370 2.1852303 1.5510105 3.7281715 3.3119924 6.7843326 3.3368339 1.9281799 1.8716204 4.0813700 2.9885501 
VII_MA_96853p0010_582_residues__                                                                    0.8435126 1.3393316 2.0529241 3.3573547 2.5553688 2.7950247 0.0000000 1.0373737 1.8362615 1.4781912 1.4971694 1.8839891 2.3917361 2.3647390 4.2066391 2.1134620 1.6752373 3.5887008 3.4759648 6.3334884 3.3608566 1.5856924 1.6244909 3.5080901 2.6530576 
VII_MA_10208000p0010_602_residues__                                                                 0.7309813 1.2186570 1.8314166 2.9074831 2.5892874 2.5802747 1.0373737 0.0000000 1.7394810 1.0704223 1.4308276 1.8134913 2.3461430 2.2277536 4.5877985 2.0109915 1.5321432 3.6197430 3.0175335 5.9154654 3.6543334 1.6181496 1.5820861 3.4207194 2.6380397 
VII_MA_20462p0010_470_residues__                                                                    0.8921503 1.3944230 2.2361588 2.1475239 2.0320245 2.4331717 1.8362615 1.7394810 0.0000000 2.1205805 1.7608212 2.2254205 2.1852728 1.8520361 4.4388607 2.2389606 1.6011081 2.9759008 2.7461315 5.5289117 3.0810877 1.7396830 1.5657994 3.0891628 2.4298798 
VII_AmTr_v1.0_scaffold00038.91                                                                      0.7055710 1.6735413 1.8023182 2.8749446 2.7610828 2.9537748 1.4781912 1.0704223 2.1205805 0.0000000 1.6772049 1.8550929 2.5841900 2.4971284 4.7032182 2.0336188 1.6485985 3.6156937 3.3402224 5.9913130 3.8838381 1.5383562 1.5515527 3.5410819 2.7134067 
VII_AmTr_v1.0_scaffold00037.85                                                                      0.7178670 1.7703802 2.0808190 2.6568855 2.4806248 2.2501506 1.4971694 1.4308276 1.7608212 1.6772049 0.0000000 2.0652097 2.6821385 2.3987089 4.4768424 1.9159214 1.6006826 3.2771463 2.9333460 6.7547037 3.2921814 1.6344281 1.5423972 3.1060719 2.3341136 
sp_Q8W1W6_MYB33_ARATH_Transcription_factor_MYB33_OS_Arabidopsis_thaliana_OX_3702_GN_MYB33_PE_2_SV_1 0.7856012 1.9359980 2.4501916 3.3914798 2.9494383 3.1705664 1.8839891 1.8134913 2.2254205 1.8550929 2.0652097 0.0000000 2.5352110 3.1116617 6.1320419 2.1896952 1.5069815 4.4136525 4.0053571 8.2423269 3.9509568 1.6722233 1.5991391 4.2040013 3.1029262 
Azfi_s0004.g008455_Myb_transcription_factor__0.077_                                                 1.1891848 2.0391697 2.8476610 2.0648115 1.5265778 2.2576435 2.3917361 2.3461430 2.1852728 2.5841900 2.6821385 2.5352110 0.0000000 2.1355910 4.2773209 2.0578440 1.4588217 3.7080903 3.5368122 8.0363783 3.3489811 2.0222555 2.0151519 4.5365105 2.8523078 
Azfi_s0021.g015882_Myb_transcription_factor__0.077_                                                 1.2311946 1.9658455 2.6723100 2.4918224 1.8923474 1.8171380 2.3647390 2.2277536 1.8520361 2.4971284 2.3987089 3.1116617 2.1355910 0.0000000 4.1853775 1.9635240 1.4493198 3.6903313 3.8124982 7.3146753 3.3651163 1.7543639 1.7047398 3.9456150 3.1205836 
VI_g8575.t1_length                                                                                  2.0169390 4.5460228 4.1238731 4.0784587 4.3490716 4.1146370 4.2066391 4.5877985 4.4388607 4.7032182 4.4768424 6.1320419 4.2773209 4.1853775 0.0000000 0.0360803 0.0534451 3.2281699 2.7313964 8.9999981 2.7407124 1.5686868 1.3564731 3.1433969 2.3092200 
VI_BBG43567_LC221833_MYB_transcription_factor                                                       1.9425547 1.9495490 1.9499037 2.2641489 2.0096636 2.1852303 2.1134620 2.0109915 2.2389606 2.0336188 1.9159214 2.1896952 2.0578440 1.9635240 0.0360803 0.0000000 0.0621988 1.5487107 1.4529261 7.8778730 1.4401907 1.4230810 1.2994070 1.4588645 1.5500577 
VI_BBG43566_LC221832_Chara_leptospora_mRNA_for_MYB_transcription_factor                             1.3462574 1.4977682 1.4824745 1.6207271 1.3854443 1.5510105 1.6752373 1.5321432 1.6011081 1.6485985 1.6006826 1.5069815 1.4588217 1.4493198 0.0534451 0.0621988 0.0000000 1.1209244 1.0493837 8.4120373 1.0940098 1.1057339 0.9669513 0.9922693 1.0295018 
VI_Mapoly0019s0071.1                                                                                1.8641571 3.3339720 3.4609616 3.4747951 3.2234057 3.7281715 3.5887008 3.6197430 2.9759008 3.6156937 3.2771463 4.4136525 3.7080903 3.6903313 3.2281699 1.5487107 1.1209244 0.0000000 0.7064468 8.9999986 1.2208199 0.2958756 0.2766160 0.8897212 1.4311515 
VI_XM_024688730.1__XP_024544498.1                                                                   1.9916712 3.0778106 2.7465759 3.5456487 3.3531285 3.3119924 3.4759648 3.0175335 2.7461315 3.3402224 2.9333460 4.0053571 3.5368122 3.8124982 2.7313964 1.4529261 1.0493837 0.7064468 0.0000000 8.7919918 0.9877447 0.2458281 0.2287446 0.8163899 1.2128700 
VI_XM_024688710__XP_024544478.1_pentatricopeptide_repeat-containing_protein_At1g11290               6.2788605 5.7578671 8.0688109 8.1920200 8.9999985 6.7843326 6.3334884 5.9154654 5.5289117 5.9913130 6.7547037 8.2423269 8.0363783 7.3146753 8.9999981 7.8778730 8.4120373 8.9999986 8.7919918 0.0000000 8.0464659 7.4223034 8.0850912 8.9999984 7.1837067 
VI_XM_024688389.1_XP_024524157.1_transcription_repressor_MYB4__Selaginella_moellendorffii_          1.8965940 3.2528625 3.4575067 3.1210852 3.1564018 3.3368339 3.3608566 3.6543334 3.0810877 3.8838381 3.2921814 3.9509568 3.3489811 3.3651163 2.7407124 1.4401907 1.0940098 1.2208199 0.9877447 8.0464659 0.0000000 0.4717913 0.4085291 1.3206652 1.2882397 
VI_Sacu_v1.1_s1503.g028048_Myb_transcription_factor__0.077_                                         1.6372573 1.6381792 1.4649598 1.5522876 1.8598623 1.9281799 1.5856924 1.6181496 1.7396830 1.5383562 1.6344281 1.6722233 2.0222555 1.7543639 1.5686868 1.4230810 1.1057339 0.2958756 0.2458281 7.4223034 0.4717913 0.0000000 0.0000010 0.3432278 0.5841441 
VI_Sacu_v1.1_s0147.g023157_Myb_transcription_factor__0.077_                                         1.7235797 1.5882609 1.5126248 1.5563227 1.7235732 1.8716204 1.6244909 1.5820861 1.5657994 1.5515527 1.5423972 1.5991391 2.0151519 1.7047398 1.3564731 1.2994070 0.9669513 0.2766160 0.2287446 8.0850912 0.4085291 0.0000010 0.0000000 0.2256357 0.5458587 
VI_MA_130648p0010_437_residues__                                                                    1.6858328 3.3943513 3.4073579 3.8257195 3.7035505 4.0813700 3.5080901 3.4207194 3.0891628 3.5410819 3.1060719 4.2040013 4.5365105 3.9456150 3.1433969 1.4588645 0.9922693 0.8897212 0.8163899 8.9999984 1.3206652 0.3432278 0.2256357 0.0000000 1.1896342 
VI_AmTr_v1.0_scaffold00111.43_locus_evm_27.TU.AmTr_v1.0_scaffold00111.43                            1.6943330 2.6398878 2.5193329 2.7257847 2.7796643 2.9885501 2.6530576 2.6380397 2.4298798 2.7134067 2.3341136 3.1029262 2.8523078 3.1205836 2.3092200 1.5500577 1.0295018 1.4311515 1.2128700 7.1837067 1.2882397 0.5841441 0.5458587 1.1896342 0.0000000 
