22
HAOX-0009745                                                                            0.0000000 0.6855364 0.8873028 1.0589833 0.9047650 1.2494556 0.7475092 0.6654469 0.7067299 0.7079277 0.7132327 2.0667910 1.6293845 1.2709762 8.9999986 1.6294025 5.8848745 1.5468592 1.4969280 1.5715210 1.5752424 1.7206292 
Mp3g05910.1                                                                             0.6855364 0.0000000 1.5753845 2.3149786 2.3482847 2.7331272 1.3939600 1.1947181 1.2898183 1.7109965 1.8090490 4.7095198 1.5367074 1.3963630 5.4792061 2.8950004 5.4878086 3.0436311 1.5101524 1.4619277 2.9555085 1.9701383 
ENA_MN199011_MN199011.1_Selaginella_moellendorffii                                      0.8873028 1.5753845 0.0000000 2.4657610 2.7087368 2.9299315 2.1669756 1.8833645 1.5394476 1.9486573 1.8645841 4.0010032 1.8534404 1.3902405 7.9380524 2.4926820 6.9059668 3.1123517 1.4198490 1.4528599 2.7888057 2.2401631 
Sacu_v1.1_s0002.g001222_Myb_transcription_factor__0.077_                                1.0589833 2.3149786 2.4657610 0.0000000 1.9413734 2.4932776 2.8768244 2.5629485 2.1562492 3.1010288 2.4041225 4.6924785 1.8460342 1.4816733 7.6892499 3.0024679 7.5878801 3.4449307 1.6551491 1.6388120 3.5472945 2.3262620 
Sacu_v1.1_s0041.g012546_Myb_transcription_factor__0.077_                                0.9047650 2.3482847 2.7087368 1.9413734 0.0000000 2.4687397 2.7692155 2.4244891 1.9215609 2.9587720 2.8543667 4.9206313 1.8329111 1.3184199 8.4561137 2.8380909 7.1281618 3.0620773 1.8207562 1.7411045 3.3931254 2.7284607 
Sacu_v1.1_s0272.g027033_Myb_transcription_factor__0.077_                                1.2494556 2.7331272 2.9299315 2.4932776 2.4687397 0.0000000 2.7731587 2.7346046 2.4510755 3.2745009 2.4852772 4.1634082 1.8266298 1.4470930 5.8093871 3.9104740 7.0229008 3.5993887 2.0789871 2.0572041 3.8890089 2.4991253 
MA_96853p0010_582_residues__                                                            0.7475092 1.3939600 2.1669756 2.8768244 2.7692155 2.7731587 0.0000000 1.0285916 1.7407356 1.5558357 1.4500480 4.9292640 1.7041194 1.5459765 6.8434103 2.9903077 5.9289589 3.0115779 1.5587334 1.5573568 3.2771087 2.0989801 
MA_10208000p0010_602_residues__                                                         0.6654469 1.1947181 1.8833645 2.5629485 2.4244891 2.7346046 1.0285916 0.0000000 1.5781681 1.0693959 1.4310713 4.3783776 1.6252334 1.4396149 6.4916152 2.9897612 5.5651730 3.4206781 1.5303462 1.4766131 3.1297787 2.1376416 
MA_20462p0010_470_residues__                                                            0.7067299 1.2898183 1.5394476 2.1562492 1.9215609 2.4510755 1.7407356 1.5781681 0.0000000 2.1225921 1.7882507 3.3412724 1.6802336 1.4560854 6.1638445 2.1244293 5.9960802 2.6496282 1.4963315 1.3765434 2.5978858 2.0609376 
AmTr_v1.0_scaffold00038.91                                                              0.7079277 1.7109965 1.9486573 3.1010288 2.9587720 3.2745009 1.5558357 1.0693959 2.1225921 0.0000000 1.7150282 4.9379812 1.9349637 1.5402624 7.1924912 2.9583692 7.1371282 3.4469458 1.5819936 1.5997758 3.3832057 2.5167195 
AmTr_v1.0_scaffold00037.85                                                              0.7132327 1.8090490 1.8645841 2.4041225 2.8543667 2.4852772 1.4500480 1.4310713 1.7882507 1.7150282 0.0000000 4.2990184 1.8527587 1.4929145 7.3326112 2.8424267 5.0356306 3.1772398 1.5476055 1.4184258 2.9260331 2.3648293 
g8575.t1_length                                                                         2.0667910 4.7095198 4.0010032 4.6924785 4.9206313 4.1634082 4.9292640 4.3783776 3.3412724 4.9379812 4.2990184 0.0000000 0.0375617 0.0543221 8.9999988 2.9524390 8.8437121 2.9312279 1.6248723 1.4787206 3.3759781 2.4370489 
BBG43567_LC221833_MYB_transcription_factor                                              1.6293845 1.5367074 1.8534404 1.8460342 1.8329111 1.8266298 1.7041194 1.6252334 1.6802336 1.9349637 1.8527587 0.0375617 0.0000000 0.0632281 8.9999985 1.2151354 8.2044527 1.2629138 1.3023016 1.1801846 1.0151141 1.3637455 
BBG43566_LC221832_Chara_leptospora_mRNA_for_MYB_transcription_factor                    1.2709762 1.3963630 1.3902405 1.4816733 1.3184199 1.4470930 1.5459765 1.4396149 1.4560854 1.5402624 1.4929145 0.0543221 0.0632281 0.0000000 8.9999985 1.0435831 7.6233621 1.0181627 1.0336241 0.8995677 0.9954298 0.9402258 
GFZG01001741.1_rf_1_GFZG01001741.1_TSA                                                  8.9999986 5.4792061 7.9380524 7.6892499 8.4561137 5.8093871 6.8434103 6.4916152 6.1638445 7.1924912 7.3326112 8.9999988 8.9999985 8.9999985 0.0000000 7.0270761 7.7326055 7.5353103 8.7159321 8.9999988 7.8665805 6.3206422 
Mapoly0019s0071.1                                                                       1.6294025 2.8950004 2.4926820 3.0024679 2.8380909 3.9104740 2.9903077 2.9897612 2.1244293 2.9583692 2.8424267 2.9524390 1.2151354 1.0435831 7.0270761 0.0000000 8.0727332 0.9492564 0.3626516 0.3488988 0.8992340 1.1750031 
XM_024688710__XP_024544478.1_pentatricopeptide_repeat-containing_protein_At1g11290      5.8848745 5.4878086 6.9059668 7.5878801 7.1281618 7.0229008 5.9289589 5.5651730 5.9960802 7.1371282 5.0356306 8.8437121 8.2044527 7.6233621 7.7326055 8.0727332 0.0000000 8.7947882 7.3696321 7.0627608 8.7633807 7.7034038 
XM_024688389.1_XP_024524157.1_transcription_repressor_MYB4__Selaginella_moellendorffii_ 1.5468592 3.0436311 3.1123517 3.4449307 3.0620773 3.5993887 3.0115779 3.4206781 2.6496282 3.4469458 3.1772398 2.9312279 1.2629138 1.0181627 7.5353103 0.9492564 8.7947882 0.0000000 0.4539185 0.3918540 1.1063145 1.1262784 
Sacu_v1.1_s1503.g028048_Myb_transcription_factor__0.077_                                1.4969280 1.5101524 1.4198490 1.6551491 1.8207562 2.0789871 1.5587334 1.5303462 1.4963315 1.5819936 1.5476055 1.6248723 1.3023016 1.0336241 8.7159321 0.3626516 7.3696321 0.4539185 0.0000000 0.0000010 0.3607893 0.6660352 
Sacu_v1.1_s0147.g023157_Myb_transcription_factor__0.077_                                1.5715210 1.4619277 1.4528599 1.6388120 1.7411045 2.0572041 1.5573568 1.4766131 1.3765434 1.5997758 1.4184258 1.4787206 1.1801846 0.8995677 8.9999988 0.3488988 7.0627608 0.3918540 0.0000010 0.0000000 0.2497191 0.6255208 
MA_130648p0010_437_residues__                                                           1.5752424 2.9555085 2.7888057 3.5472945 3.3931254 3.8890089 3.2771087 3.1297787 2.5978858 3.3832057 2.9260331 3.3759781 1.0151141 0.9954298 7.8665805 0.8992340 8.7633807 1.1063145 0.3607893 0.2497191 0.0000000 1.0688121 
AmTr_v1.0_scaffold00111.43_locus_evm_27.TU.AmTr_v1.0_scaffold00111.43                   1.7206292 1.9701383 2.2401631 2.3262620 2.7284607 2.4991253 2.0989801 2.1376416 2.0609376 2.5167195 2.3648293 2.4370489 1.3637455 0.9402258 6.3206422 1.1750031 7.7034038 1.1262784 0.6660352 0.6255208 1.0688121 0.0000000 
