25
VII_HAOX-0009745                                                                                    0.0000000 0.7838352 0.8815399 1.2036639 1.1415862 1.3031094 0.8813130 0.7413399 0.9487256 0.7618232 0.7507712 0.8194508 1.2422037 1.2975192 2.2054973 2.0980510 1.4445386 2.1048357 2.1595243 6.9387139 2.1374398 1.8014171 1.8854040 1.8467454 1.8188693 
VII_Mp3g05910.1                                                                                     0.7838352 0.0000000 1.9954523 2.9712735 2.5470325 2.8465229 1.4880746 1.3823921 1.5802395 1.9388951 1.9112673 2.2061855 2.3658653 2.1512161 5.1484866 2.0477867 1.5767227 3.8733854 3.4669550 6.3692695 3.6275332 1.7359608 1.6456519 3.9170500 3.0562274 
VII_ENA_MN199011_MN199011.1_Selaginella_moellendorffii                                              0.8815399 1.9954523 0.0000000 2.9445530 3.1056429 3.0968142 2.2992739 2.0303964 2.5080470 1.9794966 2.2813248 2.6574966 3.1948124 2.9806125 4.7731400 2.0983500 1.5747634 3.8995307 3.0676109 8.7848064 3.7651105 1.5424903 1.5880083 3.8790289 2.8878535 
VII_Sacu_v1.1_s0002.g001222_Myb_transcription_factor__0.077_                                        1.2036639 2.9712735 2.9445530 0.0000000 2.1337134 2.7634836 3.6959766 3.1842339 2.3722524 3.2473085 3.0073086 3.7104865 2.2903307 2.7236526 4.4801990 2.4091369 1.6816820 3.8088726 3.8656210 8.9999987 3.4909238 1.5713699 1.5767953 4.2667221 3.2082002 
VII_Sacu_v1.1_s0041.g012546_Myb_transcription_factor__0.077_                                        1.1415862 2.5470325 3.1056429 2.1337134 0.0000000 2.4923952 2.7815574 2.8542944 2.2153591 3.1125743 2.7328549 3.3003880 1.6877724 2.0544197 4.9149383 2.1329405 1.4206558 3.5270734 3.6272296 8.9999985 3.4857520 2.0125275 1.8639964 4.0694881 3.2780271 
VII_Sacu_v1.1_s0272.g027033_Myb_transcription_factor__0.077_                                        1.3031094 2.8465229 3.0968142 2.7634836 2.4923952 0.0000000 3.0097504 2.8682643 2.6022466 3.3497617 2.4665633 3.5491936 2.4815264 2.0095528 4.5801591 2.3879781 1.6608178 4.1091329 3.5249130 7.5924854 3.6409613 2.0053555 1.9255098 4.5491663 3.4253275 
VII_MA_96853p0010_582_residues__                                                                    0.8813130 1.4880746 2.2992739 3.6959766 2.7815574 3.0097504 0.0000000 1.1854634 2.0354912 1.7463590 1.6792708 2.1611203 2.7538268 2.6372479 4.8314200 2.4129553 1.8112274 4.0381578 3.7598600 7.2483945 3.6619860 1.7229690 1.7714891 4.0041583 3.0604730 
VII_MA_10208000p0010_602_residues__                                                                 0.7413399 1.3823921 2.0303964 3.1842339 2.8542944 2.8682643 1.1854634 0.0000000 1.9114531 1.2061592 1.5975930 2.0570507 2.7516636 2.4441520 5.3729291 2.2744829 1.6926338 4.1008880 3.3393843 6.6030161 4.1069395 1.7549227 1.6848673 3.8755391 3.0332574 
VII_MA_20462p0010_470_residues__                                                                    0.9487256 1.5802395 2.5080470 2.3722524 2.2153591 2.6022466 2.0354912 1.9114531 0.0000000 2.4015261 1.9699922 2.5173773 2.5104902 2.0774697 5.0402640 2.4391390 1.7099697 3.3073448 3.0275923 6.0731529 3.4025730 1.8673987 1.6346344 3.5679588 2.8131935 
VII_AmTr_v1.0_scaffold00038.91                                                                      0.7618232 1.9388951 1.9794966 3.2473085 3.1125743 3.3497617 1.7463590 1.2061592 2.4015261 0.0000000 1.8945698 2.1593713 2.9427283 2.8412216 5.4682053 2.2312499 1.8063724 4.2520240 3.8656047 6.7213492 4.3534408 1.6528051 1.6393511 4.0723795 3.2009171 
VII_AmTr_v1.0_scaffold00037.85                                                                      0.7507712 1.9112673 2.2813248 3.0073086 2.7328549 2.4665633 1.6792708 1.5975930 1.9699922 1.8945698 0.0000000 2.3651601 3.0049161 2.7345339 5.1010959 2.0722656 1.6712422 3.6592920 3.2587942 7.1663504 3.6011481 1.7985211 1.7078727 3.4513283 2.6704965 
sp_Q8W1W6_MYB33_ARATH_Transcription_factor_MYB33_OS_Arabidopsis_thaliana_OX_3702_GN_MYB33_PE_2_SV_1 0.8194508 2.2061855 2.6574966 3.7104865 3.3003880 3.5491936 2.1611203 2.0570507 2.5173773 2.1593713 2.3651601 0.0000000 2.9241564 3.5585776 7.0601814 2.3440160 1.6083262 5.0393637 4.6512022 8.9999990 4.4446011 1.8008646 1.6970917 4.8234921 3.5114444 
Azfi_s0004.g008455_Myb_transcription_factor__0.077_                                                 1.2422037 2.3658653 3.1948124 2.2903307 1.6877724 2.4815264 2.7538268 2.7516636 2.5104902 2.9427283 3.0049161 2.9241564 0.0000000 2.4439671 4.9643181 2.2239968 1.5302098 4.0304390 3.8450174 8.9999988 3.5880018 2.1579221 2.1351473 4.9223193 3.3376551 
Azfi_s0021.g015882_Myb_transcription_factor__0.077_                                                 1.2975192 2.1512161 2.9806125 2.7236526 2.0544197 2.0095528 2.6372479 2.4441520 2.0774697 2.8412216 2.7345339 3.5585776 2.4439671 0.0000000 4.7074770 2.1406953 1.5284771 4.0599038 4.1932185 8.2943399 3.6432037 1.8137080 1.7736746 4.2977460 3.6176606 
VI_g8575.t1_length                                                                                  2.2054973 5.1484866 4.7731400 4.4801990 4.9149383 4.5801591 4.8314200 5.3729291 5.0402640 5.4682053 5.1010959 7.0601814 4.9643181 4.7074770 0.0000000 0.0374958 0.0539413 3.4339945 2.9323216 8.9999980 2.8617078 1.6462686 1.4031477 3.4551443 2.6101102 
VI_BBG43567_LC221833_MYB_transcription_factor                                                       2.0980510 2.0477867 2.0983500 2.4091369 2.1329405 2.3879781 2.4129553 2.2744829 2.4391390 2.2312499 2.0722656 2.3440160 2.2239968 2.1406953 0.0374958 0.0000000 0.0616972 1.5963325 1.5422279 8.9999988 1.4682757 1.4392243 1.3146793 1.5127082 1.7167523 
VI_BBG43566_LC221832_Chara_leptospora_mRNA_for_MYB_transcription_factor                             1.4445386 1.5767227 1.5747634 1.6816820 1.4206558 1.6608178 1.8112274 1.6926338 1.7099697 1.8063724 1.6712422 1.6083262 1.5302098 1.5284771 0.0539413 0.0616972 0.0000000 1.1214255 1.0618377 8.9999985 1.0927270 1.1162891 0.9802127 0.9976950 1.0845089 
VI_Mapoly0019s0071.1                                                                                2.1048357 3.8733854 3.8995307 3.8088726 3.5270734 4.1091329 4.0381578 4.1008880 3.3073448 4.2520240 3.6592920 5.0393637 4.0304390 4.0599038 3.4339945 1.5963325 1.1214255 0.0000000 0.7451105 8.9999985 1.2882630 0.3111974 0.2838945 0.9563291 1.5986504 
VI_XM_024688730.1__XP_024544498.1                                                                   2.1595243 3.4669550 3.0676109 3.8656210 3.6272296 3.5249130 3.7598600 3.3393843 3.0275923 3.8656047 3.2587942 4.6512022 3.8450174 4.1932185 2.9323216 1.5422279 1.0618377 0.7451105 0.0000000 8.9999981 1.0296788 0.2596598 0.2352963 0.9002265 1.3850977 
VI_XM_024688710__XP_024544478.1_pentatricopeptide_repeat-containing_protein_At1g11290               6.9387139 6.3692695 8.7848064 8.9999987 8.9999985 7.5924854 7.2483945 6.6030161 6.0731529 6.7213492 7.1663504 8.9999990 8.9999988 8.2943399 8.9999980 8.9999988 8.9999985 8.9999985 8.9999981 0.0000000 8.9997033 8.2255486 8.9999989 8.9999981 8.2974929 
VI_XM_024688389.1_XP_024524157.1_transcription_repressor_MYB4__Selaginella_moellendorffii_          2.1374398 3.6275332 3.7651105 3.4909238 3.4857520 3.6409613 3.6619860 4.1069395 3.4025730 4.3534408 3.6011481 4.4446011 3.5880018 3.6432037 2.8617078 1.4682757 1.0927270 1.2882630 1.0296788 8.9997033 0.0000000 0.4677793 0.4067212 1.4026918 1.4137564 
VI_Sacu_v1.1_s1503.g028048_Myb_transcription_factor__0.077_                                         1.8014171 1.7359608 1.5424903 1.5713699 2.0125275 2.0053555 1.7229690 1.7549227 1.8673987 1.6528051 1.7985211 1.8008646 2.1579221 1.8137080 1.6462686 1.4392243 1.1162891 0.3111974 0.2596598 8.2255486 0.4677793 0.0000000 0.0000010 0.3475178 0.5945889 
VI_Sacu_v1.1_s0147.g023157_Myb_transcription_factor__0.077_                                         1.8854040 1.6456519 1.5880083 1.5767953 1.8639964 1.9255098 1.7714891 1.6848673 1.6346344 1.6393511 1.7078727 1.6970917 2.1351473 1.7736746 1.4031477 1.3146793 0.9802127 0.2838945 0.2352963 8.9999989 0.4067212 0.0000010 0.0000000 0.2231257 0.5474657 
VI_MA_130648p0010_437_residues__                                                                    1.8467454 3.9170500 3.8790289 4.2667221 4.0694881 4.5491663 4.0041583 3.8755391 3.5679588 4.0723795 3.4513283 4.8234921 4.9223193 4.2977460 3.4551443 1.5127082 0.9976950 0.9563291 0.9002265 8.9999981 1.4026918 0.3475178 0.2231257 0.0000000 1.3532687 
VI_AmTr_v1.0_scaffold00111.43_locus_evm_27.TU.AmTr_v1.0_scaffold00111.43                            1.8188693 3.0562274 2.8878535 3.2082002 3.2780271 3.4253275 3.0604730 3.0332574 2.8131935 3.2009171 2.6704965 3.5114444 3.3376551 3.6176606 2.6101102 1.7167523 1.0845089 1.5986504 1.3850977 8.2974929 1.4137564 0.5945889 0.5474657 1.3532687 0.0000000 
