58
CDC5_XM_024677933.1_XP_024533701.1_transcription_factor_MYB61-like__Selaginella_moellendorffii_     0.0000000 5.2113755 5.1791280 4.8460670 3.1902349 3.0932103 3.1390857 2.6985954 2.6720110 2.2122122 2.9563111 2.7329877 2.8184630 2.8363604 2.7502207 2.9221044 2.6409109 3.0187432 2.0744102 1.9383849 1.7678429 1.8895971 1.9383805 2.1871704 1.7097213 1.6380144 1.7191819 2.1458200 1.5299641 1.7597983 1.4752723 1.7240162 1.6835036 1.9265610 1.7941722 1.7215586 1.7109002 1.6890833 1.6525028 1.3148405 1.0962794 1.5541795 1.6748406 1.5236287 1.6306987 4.2124635 3.8209867 1.6254020 1.0946422 1.8295141 1.0741114 1.1203530 1.6174037 1.2383134 3.2812854 3.4181723 3.0758949 1.6342276 
CDC5_XM_024686040.1_XP_024541808.1_cell_division_cycle_5-like_protein                               5.2113755 0.0000000 0.0475258 0.0896994 5.6043612 5.6375560 5.9888796 6.3276346 6.5351173 7.5100404 7.5905344 8.6472407 8.8355953 5.6158495 5.0875406 5.3361153 5.3181542 4.7984363 6.6338426 6.2787802 6.2303454 6.8284848 6.6976102 6.9686813 5.6895544 6.1945969 6.1936950 8.0127434 6.2254852 5.9138077 5.6811121 5.6289425 6.9054550 5.9405048 5.8860566 6.2488000 7.1258516 6.5625179 5.9296726 7.0892972 6.2763782 6.6210638 6.8228613 8.5779480 8.1254526 7.1540655 5.5866830 7.6980543 6.8908445 5.8287339 6.4373576 7.3948554 5.6256461 6.2376968 5.7170573 5.1114745 5.1352097 5.9303578 
CDC5_XM_002981114.2_XP_002981160.1_cell_division_cycle_5-like_protein__Selaginella_moellendorffii_  5.1791280 0.0475258 0.0000000 0.0917655 5.5165031 5.7738086 6.0790675 6.1507946 6.4261353 8.3045593 7.2812979 8.9999986 8.9999990 5.8710052 5.1617624 5.5674235 5.3984170 4.9696933 6.6257949 5.6524401 5.5471217 6.6347850 6.0293076 6.4122174 5.2042938 5.6115903 5.8292499 8.6597036 5.6947734 5.6423466 5.8044107 5.2591045 6.3364349 5.7996220 5.8864814 6.0594611 6.4701963 6.7550807 5.7277374 7.0715045 6.3422245 6.2400088 6.7398401 7.3956589 7.8754153 7.1722661 4.9919967 7.3122853 6.8585751 5.5091813 7.1698996 7.6356286 5.1470497 6.4669012 5.8237321 5.5562059 4.8612444 5.9971485 
CDC5_Mapoly0014s0195_PTQ45693.1_hypothetical_protein_MARPO_0014s0195__Marchantia_polymorpha_        4.8460670 0.0896994 0.0917655 0.0000000 5.1764243 5.6635393 5.6430686 6.0739133 5.8367025 7.3601853 7.0799182 8.0748597 8.1130244 5.8428147 5.7807191 5.1955510 5.1988878 4.8767009 6.3464821 5.6524401 5.5471217 5.7629371 5.3702052 5.7594968 5.1299114 5.5353049 5.1751079 7.5777330 5.6947734 5.2691337 5.7858644 4.7566260 5.9719796 6.2294123 5.3480926 5.5406146 6.3651668 6.9376807 5.2080028 7.0486272 6.2637698 6.2501411 5.6940534 6.9507913 7.0130143 6.4087976 5.0985739 7.3177584 6.3698428 5.2757979 6.8020369 6.9562871 4.8744590 5.9058466 5.4183154 4.9315280 4.5057008 5.6988064 
I_Mapoly0085s0092_PTQ33890.1_hypothetical_protein_MARPO_0085s0092__Marchantia_polymorpha_           3.1902349 5.6043612 5.5165031 5.1764243 0.0000000 2.0099017 1.8444102 2.7985552 2.4167598 3.0351532 2.9207223 3.1858018 3.0345030 2.8489097 2.9661098 2.4659562 2.8274590 3.0975077 4.3073506 3.0852929 2.5048001 3.5110926 3.3071069 4.1082979 2.9176022 2.6507543 3.3478807 4.1000253 2.7368339 3.2166167 2.9744624 3.3695645 3.3091995 3.2437204 3.4525781 3.1575878 3.1832802 3.6690991 2.9636729 2.9777349 3.0162420 3.8503784 3.9517364 3.9211232 4.1236120 5.4750426 4.2953264 3.5146508 3.0469447 3.0626198 3.6221460 3.6035009 2.9343165 3.4446532 2.0677630 2.2034126 1.7393138 2.9168829 
II_Mapoly0001s0061_PTQ49997.1_hypothetical_protein_MARPO_0001s0061__Marchantia_polymorpha_          3.0932103 5.6375560 5.7738086 5.6635393 2.0099017 0.0000000 0.7215140 2.4222157 2.3213670 2.6089146 2.3355666 2.3694542 2.4043767 2.9595811 2.8287809 2.8122327 2.7495138 2.9150452 3.3815559 2.7292171 2.2996206 3.4660144 3.4809459 3.3185525 2.5716927 2.2922869 3.0291360 3.8610310 2.5627398 3.4482170 3.5787610 3.6680020 3.4103297 3.8814469 3.0376856 3.2764374 3.2037459 3.5118853 3.0975622 2.7793185 3.0120653 3.4657576 3.6186390 3.6409958 3.7267091 5.2530582 5.2410151 3.5320452 3.6602545 2.7941479 3.5724364 2.7994346 2.6732406 2.8707788 1.7992536 1.7634293 1.6276427 3.8172881 
III_XM_002991980.2_XP_002992026.2_myb-related_protein_B__Selaginella_moellendorffii_                3.1390857 5.9888796 6.0790675 5.6430686 1.8444102 0.7215140 0.0000000 2.1571135 2.0303952 2.6082984 2.5383123 2.1256933 2.3425149 2.6618201 2.8309593 2.5244027 2.5557165 2.3732288 3.3318768 2.5470804 2.1792486 2.6198149 2.9184503 3.4344726 2.4283070 2.2162179 2.7963330 3.9107947 2.2667528 3.7337241 2.7907679 3.2697106 3.7829889 3.5338497 3.4733889 3.1903999 3.4558351 3.5381286 3.2755068 3.0532137 2.5039449 2.9422572 3.6617270 3.6539820 4.0152156 4.9015499 4.8719487 4.3098368 3.5574735 3.1530668 2.9011804 3.1053848 2.4911932 3.2290272 1.7714582 1.8164962 1.7694039 3.5389118 
III_Mapoly0007s0271_PTQ47916.1_hypothetical_protein_MARPO_0007s0271__Marchantia_polymorpha_         2.6985954 6.3276346 6.1507946 6.0739133 2.7985552 2.4222157 2.1571135 0.0000000 0.5351034 1.0234469 0.7195887 0.9168533 0.8958459 1.8442264 2.1612025 1.9239593 2.1866207 2.4401766 3.1912892 2.9073594 2.3115055 2.8972920 2.8964085 2.9648575 2.1934117 2.1157021 2.7646599 3.6650762 2.1107966 2.8905415 2.5699807 2.6423046 3.0830820 2.6749379 2.9983476 2.9430405 3.0364470 3.2803221 2.7909892 3.1146361 3.5197694 2.9137285 3.2035004 3.3026131 2.8267197 4.8222522 4.4212305 2.6373114 3.4709302 2.4068149 3.3035079 3.7722251 2.3168500 3.4574781 2.2459364 2.1521635 2.1735221 2.8875975 
III_XM_002971992.2_XP_002972038.2_transcription_factor_MYB1__Selaginella_moellendorffii_            2.6720110 6.5351173 6.4261353 5.8367025 2.4167598 2.3213670 2.0303952 0.5351034 0.0000000 0.9849093 0.8935559 1.1058572 0.8924323 1.8015082 2.1029819 1.8892691 1.9358077 2.2331670 2.8098383 2.3960646 2.0480224 2.4292921 2.5637272 2.3955998 1.9418360 1.6868134 2.3189346 3.3076410 2.0601272 2.4941484 2.1445383 2.1641144 2.9019444 2.4230189 2.5238729 2.6021977 2.6616787 2.8949439 2.2624819 2.5239561 2.4343082 2.8854833 3.0587081 3.2861554 2.5498844 4.1654321 4.1325091 2.3657072 2.9500161 2.3768710 2.9674269 2.8106022 1.9890755 3.0451799 1.9762312 1.8593412 1.9274033 2.8412179 
IV_MN199005_QIN53281.1_R2R3-MYB_transcription_factor__Selaginella_moellendorffii_                   2.2122122 7.5100404 8.3045593 7.3601853 3.0351532 2.6089146 2.6082984 1.0234469 0.9849093 0.0000000 0.4312898 0.8128820 0.5983783 2.0983177 2.3551310 1.8961483 1.8318868 2.3610357 2.5872228 2.0309494 1.9504430 2.9233412 3.0507218 2.7658694 2.3021379 2.1552102 2.8380633 2.9989955 2.0311987 3.0415356 2.6814557 2.8728249 2.6875174 2.7286350 2.9879019 2.6423615 2.4237639 3.1605647 2.8531573 3.1585748 3.3677031 3.0390693 3.4696169 3.7639286 2.9790050 5.4318480 5.6570205 2.9461657 2.6732284 2.9335692 3.0655669 3.3941523 2.5912682 2.8167771 1.9331282 2.0276619 2.3857351 2.8324434 
IV_MN199007_QIN53283.1_R2R3-MYB_transcription_factor__Selaginella_moellendorffii_                   2.9563111 7.5905344 7.2812979 7.0799182 2.9207223 2.3355666 2.5383123 0.7195887 0.8935559 0.4312898 0.0000000 0.5728146 0.4410647 2.1721999 2.0612593 1.9333491 2.1669500 2.3186642 2.6121938 2.4018475 2.0903041 2.8534043 2.6340444 2.4635598 2.2549626 2.0402851 2.4272217 3.5217698 1.8024072 2.7196886 2.4216293 2.6840477 2.7675487 2.7027448 2.8067138 2.5493992 2.3901020 2.9591797 2.5374726 2.9382261 2.8450872 2.7219620 3.1735530 2.9585828 3.2516037 4.4166693 4.9259741 2.5364020 2.5490444 2.3584756 3.0186474 3.3168313 2.2969940 2.6996814 2.0743402 2.1371997 2.1769089 3.0374919 
IV_MN199006_QIN53282.1_R2R3-MYB_transcription_factor__Selaginella_moellendorffii_                   2.7329877 8.6472407 8.9999986 8.0748597 3.1858018 2.3694542 2.1256933 0.9168533 1.1058572 0.8128820 0.5728146 0.0000000 0.5915398 2.0722612 2.6642749 2.1407119 2.7019339 2.3999114 3.2812650 3.0024000 2.1195026 2.9456246 3.2388841 3.3080529 2.4093976 2.0593461 2.6862961 3.1273303 2.1568160 3.1059573 2.9233093 2.9947400 2.9916300 3.0418706 2.8510482 2.5576368 3.2034168 3.0990704 2.8107109 3.4685770 3.4818834 3.6383316 3.6438269 3.6306820 3.5883865 5.4023367 4.6135578 2.9119959 3.4816753 3.2791340 2.7553326 3.4501830 2.2813080 2.7121502 2.5193857 2.4263947 2.1173224 3.2411593 
IV_Mapoly0032s0153_PTQ41991.1_hypothetical_protein_MARPO_0032s0153__Marchantia_polymorpha_          2.8184630 8.8355953 8.9999990 8.1130244 3.0345030 2.4043767 2.3425149 0.8958459 0.8924323 0.5983783 0.4410647 0.5915398 0.0000000 2.1003721 2.4776977 1.9364925 2.3576976 2.4014779 3.5391240 2.8602040 2.1033366 2.8028766 2.9333305 3.7198206 2.4024687 2.1734842 2.9022216 3.8598283 2.2922367 2.9301575 2.3212512 2.9107483 3.1038489 3.1555169 2.9151117 2.7761246 2.6970575 3.0890685 2.7366110 3.6906102 3.1151497 3.3370662 4.3402880 3.9003654 4.0327474 5.2487021 5.2793698 2.8338673 3.5394488 3.0106124 3.3319255 3.3719511 2.5772802 3.1068964 2.2545178 2.2872693 2.1833426 3.1694364 
V_Mapoly0008s0029_PTQ47242.1_hypothetical_protein_MARPO_0008s0029__Marchantia_polymorpha_           2.8363604 5.6158495 5.8710052 5.8428147 2.8489097 2.9595811 2.6618201 1.8442264 1.8015082 2.0983177 2.1721999 2.0722612 2.1003721 0.0000000 0.5719242 0.3840654 0.6921501 0.6314352 3.1310509 2.6212971 2.1447400 3.1455433 2.9144660 3.0992522 2.4770356 2.3960564 2.7969026 4.3284347 3.3916529 3.9832920 3.6358729 3.8011301 4.3840153 3.6663093 3.7422301 3.7555280 4.2999504 4.4919654 3.7265861 3.7107179 3.7616904 3.8841679 4.2737558 4.2316274 4.1557667 5.4379333 4.8749683 3.9362440 3.6716261 3.4795566 3.8392310 4.2820780 2.7820236 3.8831145 2.6067626 2.9620014 2.4389326 3.6686382 
V_XM_002977602.2_XP_002977648.2_uncharacterized_protein_LOC9657152__Selaginella_moellendorffii_     2.7502207 5.0875406 5.1617624 5.7807191 2.9661098 2.8287809 2.8309593 2.1612025 2.1029819 2.3551310 2.0612593 2.6642749 2.4776977 0.5719242 0.0000000 0.4542496 0.6010701 0.6503912 3.4133581 2.6089255 2.0531578 4.0477120 3.3650780 3.9302527 2.7741357 2.5793169 3.4923510 4.4768032 3.0991229 4.6169437 3.7886567 3.2361028 4.7312995 3.6852503 3.9636782 3.7654745 3.9466422 3.8782644 3.5625262 3.9000323 3.5640549 3.3483168 3.8683387 3.2249090 3.8283421 5.1335425 5.4016172 3.7414408 3.5056903 3.4013354 4.5260933 4.3036622 2.8030448 4.5100552 3.3393697 3.2602444 2.6334007 4.4844855 
V_MN199008_QIN53284.1_R2R3-MYB_transcription_factor__Selaginella_moellendorffii_                    2.9221044 5.3361153 5.5674235 5.1955510 2.4659562 2.8122327 2.5244027 1.9239593 1.8892691 1.8961483 1.9333491 2.1407119 1.9364925 0.3840654 0.4542496 0.0000000 0.6502119 0.5420705 2.6904532 2.1742262 2.0294250 4.2214910 3.4938132 4.1648176 3.2084782 2.9895536 3.5218221 4.1138321 3.1956216 3.8028874 3.1016565 3.2018256 4.3909228 3.9114789 3.3350372 3.3264377 4.1861843 4.0106807 3.1646570 3.6228470 3.2749654 3.5179569 3.9282735 4.0032469 4.3200354 5.7288614 4.4559961 4.0344204 3.3964848 3.8800471 3.8933957 3.9810627 3.3209620 4.3323421 2.7479310 2.9193701 2.7272842 3.7483000 
V_MN199009_QIN53285.1_R2R3-MYB_transcription_factor__Selaginella_moellendorffii_                    2.6409109 5.3181542 5.3984170 5.1988878 2.8274590 2.7495138 2.5557165 2.1866207 1.9358077 1.8318868 2.1669500 2.7019339 2.3576976 0.6921501 0.6010701 0.6502119 0.0000000 0.6870837 2.9883457 2.4578631 2.1065428 3.4010981 3.3191038 3.7499274 2.6915296 2.7406936 3.6673874 4.5972106 2.9885297 3.9266676 3.4052617 3.5399778 4.0018165 3.6373679 3.8740318 4.1179937 3.9911279 4.3868133 3.3868051 3.6356752 3.3537804 3.1918303 3.1610887 4.0334685 3.5262039 5.3249926 4.8748255 3.6570241 3.2456753 3.4772142 3.3975318 3.8027358 3.2883304 3.4669871 2.4245657 2.6982564 2.2142813 3.6195490 
V_MN199010_QIN53286.1_R2R3-MYB_transcription_factor__Selaginella_moellendorffii_                    3.0187432 4.7984363 4.9696933 4.8767009 3.0975077 2.9150452 2.3732288 2.4401766 2.2331670 2.3610357 2.3186642 2.3999114 2.4014779 0.6314352 0.6503912 0.5420705 0.6870837 0.0000000 3.1929708 2.7863821 2.1047700 3.2760050 3.1867860 3.5797733 2.6099308 2.5077631 3.1034498 3.8142806 3.2775605 4.6926523 3.6127623 3.7980015 4.2435479 4.1060369 4.1868609 4.1440908 4.3409203 3.9375422 3.7314379 3.8552299 3.8008611 4.4592701 4.0133079 4.6658375 3.9862824 5.6826755 5.2414370 4.2727594 4.2791912 4.1202206 4.0189171 4.4696221 2.6317610 4.1771287 3.0987997 2.9322985 2.3917218 4.0851207 
VI_g8575.t1_length                                                                                  2.0744102 6.6338426 6.6257949 6.3464821 4.3073506 3.3815559 3.3318768 3.1912892 2.8098383 2.5872228 2.6121938 3.2812650 3.5391240 3.1310509 3.4133581 2.6904532 2.9883457 3.1929708 0.0000000 0.0376095 0.0619458 1.6887090 1.6615443 1.5373239 1.2056349 1.0792846 1.4904276 1.6964652 1.7833329 2.6301758 2.2431243 2.3441969 2.1829812 2.6732939 2.9683410 2.4264329 2.5297290 2.8926108 2.5920255 2.3646375 2.5225439 2.8463833 3.4780685 3.3997176 3.2472496 4.5266111 4.4683426 2.4209497 2.9972125 2.2242307 2.0085687 2.6243392 1.2939945 2.3162415 3.5799113 3.6486592 3.5184993 2.6071852 
VI_BBG43567_LC221833_MYB_transcription_factor                                                       1.9383849 6.2787802 5.6524401 5.6524401 3.0852929 2.7292171 2.5470804 2.9073594 2.3960646 2.0309494 2.4018475 3.0024000 2.8602040 2.6212971 2.6089255 2.1742262 2.4578631 2.7863821 0.0376095 0.0000000 0.0707690 1.2903799 1.2312465 1.0876914 0.9963126 0.8308762 1.0153501 1.2081443 1.7197075 1.9850885 2.0294627 1.8580281 1.7063125 1.9065716 2.2151813 2.0613487 2.0090303 2.1959341 2.0061942 2.2167316 1.9848492 2.4301149 2.5299310 2.9737386 2.8038639 4.0534360 3.2538692 1.8452963 2.1729348 1.7995003 1.5111900 2.1165721 0.9953110 2.1049608 2.5620980 2.3786311 3.0034210 2.0494836 
BBG43566_LC221832_Chara_leptospora_mRNA_for_MYB_transcription_factor                                1.7678429 6.2303454 5.5471217 5.5471217 2.5048001 2.2996206 2.1792486 2.3115055 2.0480224 1.9504430 2.0903041 2.1195026 2.1033366 2.1447400 2.0531578 2.0294250 2.1065428 2.1047700 0.0619458 0.0707690 0.0000000 0.9765524 0.8926764 0.9398750 0.9379093 0.7701716 0.9424831 0.8759186 1.4514117 1.5511260 1.5085412 1.5105547 1.3896757 1.6060618 1.7826825 1.6488006 1.6206668 1.7669117 1.6536976 1.9411323 1.5899395 1.9176202 2.0690897 2.2340967 2.1904043 3.3046978 3.3170619 1.4384931 1.8030755 1.4322170 1.6287625 1.6632327 0.9359136 1.7310393 2.5854707 2.5175362 2.9816542 1.5781560 
VI_Mapoly0019s0071.1                                                                                1.8895971 6.8284848 6.6347850 5.7629371 3.5110926 3.4660144 2.6198149 2.8972920 2.4292921 2.9233412 2.8534043 2.9456246 2.8028766 3.1455433 4.0477120 4.2214910 3.4010981 3.2760050 1.6887090 1.2903799 0.9765524 0.0000000 0.1652121 0.3405556 0.1886337 0.1544139 0.2205673 0.7307805 1.3741418 1.5833975 1.4760170 1.6002579 1.8504583 1.9831764 1.7125688 1.5259477 1.6821169 1.7514735 1.4999643 2.2509374 2.1546035 2.3841636 2.9338724 2.7381430 2.5447376 3.4949107 3.3769015 1.9454510 2.6411042 1.5856150 1.8420648 2.0891301 0.2176880 2.1838476 3.3881178 3.3516881 2.7523189 1.6197342 
VI_XM_024688730.1__XP_024544498.1                                                                   1.9383805 6.6976102 6.0293076 5.3702052 3.3071069 3.4809459 2.9184503 2.8964085 2.5637272 3.0507218 2.6340444 3.2388841 2.9333305 2.9144660 3.3650780 3.4938132 3.3191038 3.1867860 1.6615443 1.2312465 0.8926764 0.1652121 0.0000000 0.3175752 0.1217911 0.0840198 0.1874068 0.6969377 1.4281971 1.5359120 1.4771313 1.5119564 1.9417831 1.9348723 1.7157669 1.6508102 1.5952716 1.9085632 1.4386184 2.2397394 2.0636987 2.1962134 2.6741056 2.2812381 2.4972895 3.0749721 3.2262356 1.8146626 2.3506625 1.6795944 1.9131725 2.1170218 0.1499841 2.0468997 3.2024339 3.3213248 2.7710968 1.6515427 
VI_XM_024688389.1_XP_024524157.1_transcription_repressor_MYB4__Selaginella_moellendorffii_          2.1871704 6.9686813 6.4122174 5.7594968 4.1082979 3.3185525 3.4344726 2.9648575 2.3955998 2.7658694 2.4635598 3.3080529 3.7198206 3.0992522 3.9302527 4.1648176 3.7499274 3.5797733 1.5373239 1.0876914 0.9398750 0.3405556 0.3175752 0.0000000 0.1926097 0.1709317 0.2956943 0.7648329 1.3426809 1.8772752 1.8030471 2.0600179 1.8353371 2.4105039 2.1391881 1.8621283 1.8622000 1.9919990 1.8660979 2.2005020 2.4356350 2.6235667 2.7397243 2.6881842 2.6296639 3.5530118 4.0170681 1.9739325 2.5789016 1.8213219 1.8882237 2.5629392 0.2716960 2.0933285 3.7884466 3.9802876 2.9911341 1.8295041 
VI_Sacu_v1.1_s1503.g028048_Myb_transcription_factor__0.077_                                         1.7097213 5.6895544 5.2042938 5.1299114 2.9176022 2.5716927 2.4283070 2.1934117 1.9418360 2.3021379 2.2549626 2.4093976 2.4024687 2.4770356 2.7741357 3.2084782 2.6915296 2.6099308 1.2056349 0.9963126 0.9379093 0.1886337 0.1217911 0.1926097 0.0000000 0.0000010 0.1794007 0.4159841 1.0996396 1.1530811 1.0286550 1.2123284 1.3732320 1.6086295 1.3409207 1.3803150 1.3653584 1.2490354 1.3564407 1.6436217 1.6078119 1.7875351 2.2501886 2.3336302 2.1559892 2.5880872 3.5641857 1.4824976 1.7255661 1.3201693 1.5095978 1.8404444 0.0760783 1.5975596 2.7774448 3.0919706 2.9848167 1.2490596 
VI_Sacu_v1.1_s0147.g023157_Myb_transcription_factor__0.077_                                         1.6380144 6.1945969 5.6115903 5.5353049 2.6507543 2.2922869 2.2162179 2.1157021 1.6868134 2.1552102 2.0402851 2.0593461 2.1734842 2.3960564 2.5793169 2.9895536 2.7406936 2.5077631 1.0792846 0.8308762 0.7701716 0.1544139 0.0840198 0.1709317 0.0000010 0.0000000 0.1117339 0.3352482 1.1267671 1.1379241 1.0205794 1.2676582 1.3466415 1.5313941 1.3789080 1.3287739 1.2841098 1.2505737 1.3107296 1.6176098 1.5143499 1.9223831 2.2037393 2.1915146 2.0158435 2.3878572 3.4192941 1.4765576 1.7489455 1.2948956 1.5517380 1.6798541 0.0281763 1.5697343 2.5499738 2.8725558 2.7027556 1.1900438 
VI_MA_130648p0010_437_residues__                                                                    1.7191819 6.1936950 5.8292499 5.1751079 3.3478807 3.0291360 2.7963330 2.7646599 2.3189346 2.8380633 2.4272217 2.6862961 2.9022216 2.7969026 3.4923510 3.5218221 3.6673874 3.1034498 1.4904276 1.0153501 0.9424831 0.2205673 0.1874068 0.2956943 0.1794007 0.1117339 0.0000000 0.5663832 1.1834994 1.4526020 1.3845095 1.6401311 1.6503397 1.8059211 1.6717405 1.3933865 1.5315204 1.7281645 1.3715696 1.8437818 1.8672941 2.2743707 2.4988108 2.3116312 2.2222220 3.2135446 3.5444806 1.7965161 2.2634606 1.6854856 1.7418177 1.7854742 0.1828905 1.8371369 3.1389971 3.0184286 3.0405030 1.4070578 
VI_AmTr_v1.0_scaffold00111.43_locus_evm_27.TU.AmTr_v1.0_scaffold00111.43                            2.1458200 8.0127434 8.6597036 7.5777330 4.1000253 3.8610310 3.9107947 3.6650762 3.3076410 2.9989955 3.5217698 3.1273303 3.8598283 4.3284347 4.4768032 4.1138321 4.5972106 3.8142806 1.6964652 1.2081443 0.8759186 0.7307805 0.6969377 0.7648329 0.4159841 0.3352482 0.5663832 0.0000000 1.2738376 1.6646942 1.5918254 2.0385750 1.6956264 2.2287860 1.8571413 1.6589812 1.7260953 1.7852611 1.6971968 2.5500008 2.8935561 2.9509015 3.1779583 3.4847529 3.0044595 3.9101476 4.6360584 1.8656257 2.7379070 2.1548688 2.1351542 2.6333333 0.4588347 2.2164264 4.6417973 4.6872096 3.4833470 1.6009731 
VII_HAOX-0009745                                                                                    1.5299641 6.2254852 5.6947734 5.6947734 2.7368339 2.5627398 2.2667528 2.1107966 2.0601272 2.0311987 1.8024072 2.1568160 2.2922367 3.3916529 3.0991229 3.1956216 2.9885297 3.2775605 1.7833329 1.7197075 1.4514117 1.3741418 1.4281971 1.3426809 1.0996396 1.1267671 1.1834994 1.2738376 0.0000000 0.4183110 0.4184922 0.6383325 0.5539622 0.6883799 0.3966962 0.3514084 0.5109506 0.3488893 0.3801836 0.9500781 1.1242054 1.1821790 1.0989710 1.3820987 1.0694790 2.6639751 3.0067225 0.5928627 1.2404653 0.6177017 1.3764395 1.3352298 1.1448753 1.1270279 2.6409738 2.4714875 2.6793577 0.4519049 
VII_Mp3g05910.1                                                                                     1.7597983 5.9138077 5.6423466 5.2691337 3.2166167 3.4482170 3.7337241 2.8905415 2.4941484 3.0415356 2.7196886 3.1059573 2.9301575 3.9832920 4.6169437 3.8028874 3.9266676 4.6926523 2.6301758 1.9850885 1.5511260 1.5833975 1.5359120 1.8772752 1.1530811 1.1379241 1.4526020 1.6646942 0.4183110 0.0000000 0.3097125 0.8033772 0.8113637 0.9714290 0.3203977 0.3578985 0.3803461 0.5123165 0.3777818 1.0153190 1.5433442 1.6306474 1.8311940 2.0156270 1.6992055 3.0664968 3.8987501 0.8800326 1.8022552 0.8166335 1.6732219 1.7622779 1.2370624 1.4677254 3.4102717 3.8032844 3.5894287 0.4750339 
VII_ENA_MN199011_MN199011.1_Selaginella_moellendorffii                                              1.4752723 5.6811121 5.8044107 5.7858644 2.9744624 3.5787610 2.7907679 2.5699807 2.1445383 2.6814557 2.4216293 2.9233093 2.3212512 3.6358729 3.7886567 3.1016565 3.4052617 3.6127623 2.2431243 2.0294627 1.5085412 1.4760170 1.4771313 1.8030471 1.0286550 1.0205794 1.3845095 1.5918254 0.4184922 0.3097125 0.0000000 0.6951412 0.7453465 0.7763801 0.4084702 0.4030380 0.4686829 0.3726950 0.3895955 1.1906317 1.3231795 1.4957295 1.6768886 1.9463836 1.7457139 3.2980999 3.2732331 0.7126926 1.4119988 0.7506017 1.3052289 1.5723663 1.1196440 1.2143496 3.2854122 3.3345114 3.2345292 0.6246956 
VII_Sacu_v1.1_s0002.g001222_Myb_transcription_factor__0.077_                                        1.7240162 5.6289425 5.2591045 4.7566260 3.3695645 3.6680020 3.2697106 2.6423046 2.1641144 2.8728249 2.6840477 2.9947400 2.9107483 3.8011301 3.2361028 3.2018256 3.5399778 3.7980015 2.3441969 1.8580281 1.5105547 1.6002579 1.5119564 2.0600179 1.2123284 1.2676582 1.6401311 2.0385750 0.6383325 0.8033772 0.6951412 0.0000000 0.6438928 0.7119685 0.8305083 0.8150755 0.8067021 0.8170739 0.7429000 1.1304133 1.5560183 1.8063836 1.8149426 1.7865822 1.9025087 3.4792347 3.9231457 0.7357074 1.4563032 0.5584692 1.6979960 1.7720171 1.2850069 1.6387036 3.5051580 3.2479228 3.4510410 0.9941518 
VII_Sacu_v1.1_s0041.g012546_Myb_transcription_factor__0.077_                                        1.6835036 6.9054550 6.3364349 5.9719796 3.3091995 3.4103297 3.7829889 3.0830820 2.9019444 2.6875174 2.7675487 2.9916300 3.1038489 4.3840153 4.7312995 4.3909228 4.0018165 4.2435479 2.1829812 1.7063125 1.3896757 1.8504583 1.9417831 1.8353371 1.3732320 1.3466415 1.6503397 1.6956264 0.5539622 0.8113637 0.7453465 0.6438928 0.0000000 0.8404850 0.8479125 0.7346311 0.8460787 0.8671401 0.7291921 1.3282464 1.8451086 1.9746864 1.9875215 2.1465779 1.9367421 3.8486045 3.9040881 0.3558346 1.8053809 0.6938315 1.4378687 1.7977905 1.4092061 1.4849772 3.5719354 3.3057454 2.7801125 0.8204093 
VII_Sacu_v1.1_s0272.g027033_Myb_transcription_factor__0.077_                                        1.9265610 5.9405048 5.7996220 6.2294123 3.2437204 3.8814469 3.5338497 2.6749379 2.4230189 2.7286350 2.7027448 3.0418706 3.1555169 3.6663093 3.6852503 3.9114789 3.6373679 4.1060369 2.6732939 1.9065716 1.6060618 1.9831764 1.9348723 2.4105039 1.6086295 1.5313941 1.8059211 2.2287860 0.6883799 0.9714290 0.7763801 0.7119685 0.8404850 0.0000000 1.0067014 0.9151999 0.8789042 1.1286217 0.7468979 1.1307235 1.5862160 1.8849206 2.1771494 2.6553981 1.9339971 4.1734801 3.9724120 0.8780250 1.8515641 0.4826906 1.8440153 1.7394719 1.6046504 1.6911756 2.9982218 2.9999066 3.1174312 1.0406039 
VII_MA_96853p0010_582_residues__                                                                    1.7941722 5.8860566 5.8864814 5.3480926 3.4525781 3.0376856 3.4733889 2.9983476 2.5238729 2.9879019 2.8067138 2.8510482 2.9151117 3.7422301 3.9636782 3.3350372 3.8740318 4.1868609 2.9683410 2.2151813 1.7826825 1.7125688 1.7157669 2.1391881 1.3409207 1.3789080 1.6717405 1.8571413 0.3966962 0.3203977 0.4084702 0.8305083 0.8479125 1.0067014 0.0000000 0.2219784 0.4854837 0.3839781 0.2750128 1.1019630 1.7550896 1.7431647 2.0524542 2.0983305 1.8703921 3.5831171 3.3493813 0.8850690 1.8080183 0.9995307 1.7758217 1.7701606 1.4766570 1.8916745 3.2600629 3.4962462 3.2545342 0.5321017 
VII_MA_10208000p0010_602_residues__                                                                 1.7215586 6.2488000 6.0594611 5.5406146 3.1575878 3.2764374 3.1903999 2.9430405 2.6021977 2.6423615 2.5493992 2.5576368 2.7761246 3.7555280 3.7654745 3.3264377 4.1179937 4.1440908 2.4264329 2.0613487 1.6488006 1.5259477 1.6508102 1.8621283 1.3803150 1.3287739 1.3933865 1.6589812 0.3514084 0.3578985 0.4030380 0.8150755 0.7346311 0.9151999 0.2219784 0.0000000 0.4114652 0.2682095 0.2618382 1.0296279 1.3896669 1.6513287 1.8259605 1.7247498 1.5730912 3.3815149 3.2594487 0.8606103 1.6482455 0.8066284 1.5874087 1.8340598 1.5241758 1.4452877 3.0118962 3.0449270 2.9417712 0.4063066 
VII_MA_20462p0010_470_residues__                                                                    1.7109002 7.1258516 6.4701963 6.3651668 3.1832802 3.2037459 3.4558351 3.0364470 2.6616787 2.4237639 2.3901020 3.2034168 2.6970575 4.2999504 3.9466422 4.1861843 3.9911279 4.3409203 2.5297290 2.0090303 1.6206668 1.6821169 1.5952716 1.8622000 1.3653584 1.2841098 1.5315204 1.7260953 0.5109506 0.3803461 0.4686829 0.8067021 0.8460787 0.8789042 0.4854837 0.4114652 0.0000000 0.4547137 0.4943939 1.1161495 1.5387015 1.9290688 1.9945773 2.0505030 1.8127644 2.8071515 3.0839141 0.8117342 1.8735705 0.8242751 1.6613939 1.9968622 1.4230097 1.5992190 3.2722821 3.4221442 3.2902199 0.6190496 
VII_AmTr_v1.0_scaffold00038.91                                                                      1.6890833 6.5625179 6.7550807 6.9376807 3.6690991 3.5118853 3.5381286 3.2803221 2.8949439 3.1605647 2.9591797 3.0990704 3.0890685 4.4919654 3.8782644 4.0106807 4.3868133 3.9375422 2.8926108 2.1959341 1.7669117 1.7514735 1.9085632 1.9919990 1.2490354 1.2505737 1.7281645 1.7852611 0.3488893 0.5123165 0.3726950 0.8170739 0.8671401 1.1286217 0.3839781 0.2682095 0.4547137 0.0000000 0.3843599 1.2717851 1.6768059 2.0780038 1.9768534 1.9109070 1.9480714 4.0124864 3.4707097 0.9032578 2.1060744 0.8856936 1.7398236 2.1305001 1.3749172 1.8793240 3.4931910 3.8557070 3.2651875 0.4601550 
VII_AmTr_v1.0_scaffold00037.85                                                                      1.6525028 5.9296726 5.7277374 5.2080028 2.9636729 3.0975622 3.2755068 2.7909892 2.2624819 2.8531573 2.5374726 2.8107109 2.7366110 3.7265861 3.5625262 3.1646570 3.3868051 3.7314379 2.5920255 2.0061942 1.6536976 1.4999643 1.4386184 1.8660979 1.3564407 1.3107296 1.3715696 1.6971968 0.3801836 0.3777818 0.3895955 0.7429000 0.7291921 0.7468979 0.2750128 0.2618382 0.4943939 0.3843599 0.0000000 1.1179885 1.4245135 1.5829679 1.6430651 1.6902747 1.6013129 3.3215178 2.9176802 0.7473947 1.6201755 0.7628583 1.6047478 1.7234596 1.3401734 1.5711667 2.7536859 2.9276101 2.7279712 0.4544463 
VIII_MN199016_QIN53292.1_R2R3-MYB_transcription_factor__Selaginella_moellendorffii_                 1.3148405 7.0892972 7.0715045 7.0486272 2.9777349 2.7793185 3.0532137 3.1146361 2.5239561 3.1585748 2.9382261 3.4685770 3.6906102 3.7107179 3.9000323 3.6228470 3.6356752 3.8552299 2.3646375 2.2167316 1.9411323 2.2509374 2.2397394 2.2005020 1.6436217 1.6176098 1.8437818 2.5500008 0.9500781 1.0153190 1.1906317 1.1304133 1.3282464 1.1307235 1.1019630 1.0296279 1.1161495 1.2717851 1.1179885 0.0000000 0.6462225 0.8400340 0.6944545 1.2297086 0.8217831 3.4018688 3.7254768 1.2431415 0.6915040 1.2735127 1.6306520 0.7869903 1.6729771 0.7020612 2.8158547 2.9195887 2.7697590 1.1267862 
VIII_XM_024668296.1_XP_024524064.1_transcription_factor_MYB26__Selaginella_moellendorffii_          1.0962794 6.2763782 6.3422245 6.2637698 3.0162420 3.0120653 2.5039449 3.5197694 2.4343082 3.3677031 2.8450872 3.4818834 3.1151497 3.7616904 3.5640549 3.2749654 3.3537804 3.8008611 2.5225439 1.9848492 1.5899395 2.1546035 2.0636987 2.4356350 1.6078119 1.5143499 1.8672941 2.8935561 1.1242054 1.5433442 1.3231795 1.5560183 1.8451086 1.5862160 1.7550896 1.3896669 1.5387015 1.6768059 1.4245135 0.6462225 0.0000000 0.9533866 0.9686997 1.3733577 1.2335937 3.5653470 3.4239828 1.6976252 0.9572268 1.6735883 1.2719254 0.6875459 1.7260675 0.9082544 3.5002048 3.6428526 3.1746486 1.5861889 
VIII_Mapoly0073s0038_PTQ35164.1_hypothetical_protein_MARPO_0073s0038__Marchantia_polymorpha_        1.5541795 6.6210638 6.2400088 6.2501411 3.8503784 3.4657576 2.9422572 2.9137285 2.8854833 3.0390693 2.7219620 3.6383316 3.3370662 3.8841679 3.3483168 3.5179569 3.1918303 4.4592701 2.8463833 2.4301149 1.9176202 2.3841636 2.1962134 2.6235667 1.7875351 1.9223831 2.2743707 2.9509015 1.1821790 1.6306474 1.4957295 1.8063836 1.9746864 1.8849206 1.7431647 1.6513287 1.9290688 2.0780038 1.5829679 0.8400340 0.9533866 0.0000000 0.7400442 1.1226931 0.9110000 4.0135310 4.0765204 1.8466927 1.1892599 1.9178373 1.7313687 1.2230723 1.9971298 0.8745461 3.4113726 3.4784545 3.4055884 2.0252833 
VIII_Mapoly0006s0226_PTQ48220.1_hypothetical_protein_MARPO_0006s0226__Marchantia_polymorpha_        1.6748406 6.8228613 6.7398401 5.6940534 3.9517364 3.6186390 3.6617270 3.2035004 3.0587081 3.4696169 3.1735530 3.6438269 4.3402880 4.2737558 3.8683387 3.9282735 3.1610887 4.0133079 3.4780685 2.5299310 2.0690897 2.9338724 2.6741056 2.7397243 2.2501886 2.2037393 2.4988108 3.1779583 1.0989710 1.8311940 1.6768886 1.8149426 1.9875215 2.1771494 2.0524542 1.8259605 1.9945773 1.9768534 1.6430651 0.6944545 0.9686997 0.7400442 0.0000000 0.9344200 0.7174846 4.7625795 4.1948532 1.9972084 1.0587193 2.0999750 2.0254868 1.3901353 2.2118564 0.9556521 3.7449114 3.6716552 3.6160691 1.7733098 
VIII_XM_024680104.1_XP_024535872.1_transcription_factor_MYB8-like__Selaginella_moellendorffii_      1.5236287 8.5779480 7.3956589 6.9507913 3.9211232 3.6409958 3.6539820 3.3026131 3.2861554 3.7639286 2.9585828 3.6306820 3.9003654 4.2316274 3.2249090 4.0032469 4.0334685 4.6658375 3.3997176 2.9737386 2.2340967 2.7381430 2.2812381 2.6881842 2.3336302 2.1915146 2.3116312 3.4847529 1.3820987 2.0156270 1.9463836 1.7865822 2.1465779 2.6553981 2.0983305 1.7247498 2.0505030 1.9109070 1.6902747 1.2297086 1.3733577 1.1226931 0.9344200 0.0000000 0.7934975 4.1644990 3.6689186 2.2332980 1.1631252 1.9077396 1.8472597 1.4916998 2.2853166 1.0113741 4.5119219 4.3143812 3.3000014 2.1347969 
VIII_MN199020_QIN53296.1_R2R3-MYB_transcription_factor__Selaginella_moellendorffii_                 1.6306987 8.1254526 7.8754153 7.0130143 4.1236120 3.7267091 4.0152156 2.8267197 2.5498844 2.9790050 3.2516037 3.5883865 4.0327474 4.1557667 3.8283421 4.3200354 3.5262039 3.9862824 3.2472496 2.8038639 2.1904043 2.5447376 2.4972895 2.6296639 2.1559892 2.0158435 2.2222220 3.0044595 1.0694790 1.6992055 1.7457139 1.9025087 1.9367421 1.9339971 1.8703921 1.5730912 1.8127644 1.9480714 1.6013129 0.8217831 1.2335937 0.9110000 0.7174846 0.7934975 0.0000000 4.2537956 3.8849124 2.0441341 1.3749634 1.7786949 2.1861094 1.5035160 2.1422237 0.9559411 3.8866671 3.9706728 3.5996931 1.7090215 
ARP_XM_002962269.2_XP_002962315.1_transcription_factor_AS1__Selaginella_moellendorffii_             4.2124635 7.1540655 7.1722661 6.4087976 5.4750426 5.2530582 4.9015499 4.8222522 4.1654321 5.4318480 4.4166693 5.4023367 5.2487021 5.4379333 5.1335425 5.7288614 5.3249926 5.6826755 4.5266111 4.0534360 3.3046978 3.4949107 3.0749721 3.5530118 2.5880872 2.3878572 3.2135446 3.9101476 2.6639751 3.0664968 3.2980999 3.4792347 3.8486045 4.1734801 3.5831171 3.3815149 2.8071515 4.0124864 3.3215178 3.4018688 3.5653470 4.0135310 4.7625795 4.1644990 4.2537956 0.0000000 0.7439883 3.8289098 4.0686848 3.6954331 3.5067132 4.7518639 2.7525593 4.6774598 6.1720530 6.4494909 4.7156483 3.9830395 
ARP_Mapoly0040s0004_PTQ40315.1_hypothetical_protein_MARPO_0040s0004__Marchantia_polymorpha_         3.8209867 5.5866830 4.9919967 5.0985739 4.2953264 5.2410151 4.8719487 4.4212305 4.1325091 5.6570205 4.9259741 4.6135578 5.2793698 4.8749683 5.4016172 4.4559961 4.8748255 5.2414370 4.4683426 3.2538692 3.3170619 3.3769015 3.2262356 4.0170681 3.5641857 3.4192941 3.5444806 4.6360584 3.0067225 3.8987501 3.2732331 3.9231457 3.9040881 3.9724120 3.3493813 3.2594487 3.0839141 3.4707097 2.9176802 3.7254768 3.4239828 4.0765204 4.1948532 3.6689186 3.8849124 0.7439883 0.0000000 3.8823086 4.9518014 3.5705405 3.8584412 4.2077256 3.4237045 4.2770738 4.8487023 5.3044336 4.3535029 3.2908873 
Azfi_s0004.g008455                                                                                  1.6254020 7.6980543 7.3122853 7.3177584 3.5146508 3.5320452 4.3098368 2.6373114 2.3657072 2.9461657 2.5364020 2.9119959 2.8338673 3.9362440 3.7414408 4.0344204 3.6570241 4.2727594 2.4209497 1.8452963 1.4384931 1.9454510 1.8146626 1.9739325 1.4824976 1.4765576 1.7965161 1.8656257 0.5928627 0.8800326 0.7126926 0.7357074 0.3558346 0.8780250 0.8850690 0.8606103 0.8117342 0.9032578 0.7473947 1.2431415 1.6976252 1.8466927 1.9972084 2.2332980 2.0441341 3.8289098 3.8823086 0.0000000 1.8124368 0.8540295 1.7973875 1.9974388 1.5112144 1.7955778 3.6442258 3.6659922 2.9978479 0.8563644 
Azfi_s0014.g013584                                                                                  1.0946422 6.8908445 6.8585751 6.3698428 3.0469447 3.6602545 3.5574735 3.4709302 2.9500161 2.6732284 2.5490444 3.4816753 3.5394488 3.6716261 3.5056903 3.3964848 3.2456753 4.2791912 2.9972125 2.1729348 1.8030755 2.6411042 2.3506625 2.5789016 1.7255661 1.7489455 2.2634606 2.7379070 1.2404653 1.8022552 1.4119988 1.4563032 1.8053809 1.8515641 1.8080183 1.6482455 1.8735705 2.1060744 1.6201755 0.6915040 0.9572268 1.1892599 1.0587193 1.1631252 1.3749634 4.0686848 4.9518014 1.8124368 0.0000000 1.7599879 1.5111671 1.1667411 1.9676659 0.9513187 3.6617515 3.3931914 3.2964265 1.7808229 
Azfi_s0021.g015882                                                                                  1.8295141 5.8287339 5.5091813 5.2757979 3.0626198 2.7941479 3.1530668 2.4068149 2.3768710 2.9335692 2.3584756 3.2791340 3.0106124 3.4795566 3.4013354 3.8800471 3.4772142 4.1202206 2.2242307 1.7995003 1.4322170 1.5856150 1.6795944 1.8213219 1.3201693 1.2948956 1.6854856 2.1548688 0.6177017 0.8166335 0.7506017 0.5584692 0.6938315 0.4826906 0.9995307 0.8066284 0.8242751 0.8856936 0.7628583 1.2735127 1.6735883 1.9178373 2.0999750 1.9077396 1.7786949 3.6954331 3.5705405 0.8540295 1.7599879 0.0000000 1.7312350 1.8000639 1.3500707 1.5396429 3.0361581 3.2819094 3.1185023 0.9751581 
Azfi_s0035.g025508                                                                                  1.0741114 6.4373576 7.1698996 6.8020369 3.6221460 3.5724364 2.9011804 3.3035079 2.9674269 3.0655669 3.0186474 2.7553326 3.3319255 3.8392310 4.5260933 3.8933957 3.3975318 4.0189171 2.0085687 1.5111900 1.6287625 1.8420648 1.9131725 1.8882237 1.5095978 1.5517380 1.7418177 2.1351542 1.3764395 1.6732219 1.3052289 1.6979960 1.4378687 1.8440153 1.7758217 1.5874087 1.6613939 1.7398236 1.6047478 1.6306520 1.2719254 1.7313687 2.0254868 1.8472597 2.1861094 3.5067132 3.8584412 1.7973875 1.5111671 1.7312350 0.0000000 1.1126146 1.5780221 1.3974363 4.3802889 3.7583286 3.4225845 1.6018595 
Azfi_s0041.g026722                                                                                  1.1203530 7.3948554 7.6356286 6.9562871 3.6035009 2.7994346 3.1053848 3.7722251 2.8106022 3.3941523 3.3168313 3.4501830 3.3719511 4.2820780 4.3036622 3.9810627 3.8027358 4.4696221 2.6243392 2.1165721 1.6632327 2.0891301 2.1170218 2.5629392 1.8404444 1.6798541 1.7854742 2.6333333 1.3352298 1.7622779 1.5723663 1.7720171 1.7977905 1.7394719 1.7701606 1.8340598 1.9968622 2.1305001 1.7234596 0.7869903 0.6875459 1.2230723 1.3901353 1.4916998 1.5035160 4.7518639 4.2077256 1.9974388 1.1667411 1.8000639 1.1126146 0.0000000 1.6931490 1.0308740 3.6846232 3.4143199 3.4184633 1.7184450 
Azfi_s0076.g037908                                                                                  1.6174037 5.6256461 5.1470497 4.8744590 2.9343165 2.6732406 2.4911932 2.3168500 1.9890755 2.5912682 2.2969940 2.2813080 2.5772802 2.7820236 2.8030448 3.3209620 3.2883304 2.6317610 1.2939945 0.9953110 0.9359136 0.2176880 0.1499841 0.2716960 0.0760783 0.0281763 0.1828905 0.4588347 1.1448753 1.2370624 1.1196440 1.2850069 1.4092061 1.6046504 1.4766570 1.5241758 1.4230097 1.3749172 1.3401734 1.6729771 1.7260675 1.9971298 2.2118564 2.2853166 2.1422237 2.7525593 3.4237045 1.5112144 1.9676659 1.3500707 1.5780221 1.6931490 0.0000000 1.6139289 2.8692827 3.0808782 3.0967045 1.2654024 
Azfi_s0129.g048859                                                                                  1.2383134 6.2376968 6.4669012 5.9058466 3.4446532 2.8707788 3.2290272 3.4574781 3.0451799 2.8167771 2.6996814 2.7121502 3.1068964 3.8831145 4.5100552 4.3323421 3.4669871 4.1771287 2.3162415 2.1049608 1.7310393 2.1838476 2.0468997 2.0933285 1.5975596 1.5697343 1.8371369 2.2164264 1.1270279 1.4677254 1.2143496 1.6387036 1.4849772 1.6911756 1.8916745 1.4452877 1.5992190 1.8793240 1.5711667 0.7020612 0.9082544 0.8745461 0.9556521 1.0113741 0.9559411 4.6774598 4.2770738 1.7955778 0.9513187 1.5396429 1.3974363 1.0308740 1.6139289 0.0000000 3.6148225 3.5917145 2.9512712 1.5566593 
R1R2R3_MN199004_QIN53280.1_R1R2R3-MYB_protein__Selaginella_moellendorffii_                          3.2812854 5.7170573 5.8237321 5.4183154 2.0677630 1.7992536 1.7714582 2.2459364 1.9762312 1.9331282 2.0743402 2.5193857 2.2545178 2.6067626 3.3393697 2.7479310 2.4245657 3.0987997 3.5799113 2.5620980 2.5854707 3.3881178 3.2024339 3.7884466 2.7774448 2.5499738 3.1389971 4.6417973 2.6409738 3.4102717 3.2854122 3.5051580 3.5719354 2.9982218 3.2600629 3.0118962 3.2722821 3.4931910 2.7536859 2.8158547 3.5002048 3.4113726 3.7449114 4.5119219 3.8866671 6.1720530 4.8487023 3.6442258 3.6617515 3.0361581 4.3802889 3.6846232 2.8692827 3.6148225 0.0000000 0.3005397 1.0305200 2.9531494 
R1R2R3_Mapoly0036s0107_PTQ41127.1_hypothetical_protein_MARPO_0036s0107__Marchantia_polymorpha_      3.4181723 5.1114745 5.5562059 4.9315280 2.2034126 1.7634293 1.8164962 2.1521635 1.8593412 2.0276619 2.1371997 2.4263947 2.2872693 2.9620014 3.2602444 2.9193701 2.6982564 2.9322985 3.6486592 2.3786311 2.5175362 3.3516881 3.3213248 3.9802876 3.0919706 2.8725558 3.0184286 4.6872096 2.4714875 3.8032844 3.3345114 3.2479228 3.3057454 2.9999066 3.4962462 3.0449270 3.4221442 3.8557070 2.9276101 2.9195887 3.6428526 3.4784545 3.6716552 4.3143812 3.9706728 6.4494909 5.3044336 3.6659922 3.3931914 3.2819094 3.7583286 3.4143199 3.0808782 3.5917145 0.3005397 0.0000000 1.0443203 3.1251800 
R1R2R3_Mapoly0150s0001_PTQ28976.1_hypothetical_protein_MARPO_0150s0001__Marchantia_polymorpha_      3.0758949 5.1352097 4.8612444 4.5057008 1.7393138 1.6276427 1.7694039 2.1735221 1.9274033 2.3857351 2.1769089 2.1173224 2.1833426 2.4389326 2.6334007 2.7272842 2.2142813 2.3917218 3.5184993 3.0034210 2.9816542 2.7523189 2.7710968 2.9911341 2.9848167 2.7027556 3.0405030 3.4833470 2.6793577 3.5894287 3.2345292 3.4510410 2.7801125 3.1174312 3.2545342 2.9417712 3.2902199 3.2651875 2.7279712 2.7697590 3.1746486 3.4055884 3.6160691 3.3000014 3.5996931 4.7156483 4.3535029 2.9978479 3.2964265 3.1185023 3.4225845 3.4184633 3.0967045 2.9512712 1.0305200 1.0443203 0.0000000 2.6277198 
sp_Q8W1W6_MYB33_ARATH_Transcription_factor_MYB33_OS_Arabidopsis_thaliana_OX_3702_GN_MYB33_PE_2_SV_1 1.6342276 5.9303578 5.9971485 5.6988064 2.9168829 3.8172881 3.5389118 2.8875975 2.8412179 2.8324434 3.0374919 3.2411593 3.1694364 3.6686382 4.4844855 3.7483000 3.6195490 4.0851207 2.6071852 2.0494836 1.5781560 1.6197342 1.6515427 1.8295041 1.2490596 1.1900438 1.4070578 1.6009731 0.4519049 0.4750339 0.6246956 0.9941518 0.8204093 1.0406039 0.5321017 0.4063066 0.6190496 0.4601550 0.4544463 1.1267862 1.5861889 2.0252833 1.7733098 2.1347969 1.7090215 3.9830395 3.2908873 0.8563644 1.7808229 0.9751581 1.6018595 1.7184450 1.2654024 1.5566593 2.9531494 3.1251800 2.6277198 0.0000000 
