72
CDC5_XM_024686040.1_XP_024541808.1_cell_division_cycle_5-like_protein                                            0.0000000 0.0419849 0.2881890 2.6967173 4.6426010 4.9643532 4.4921419 5.6188211 4.5417981 4.6685513 6.2278432 5.1195295 4.0389314 3.5707173 4.1312501 3.4940488 3.9211576 3.4920183 3.1827507 2.6445725 6.0818397 7.0312731 8.3958410 5.7467821 5.6685451 7.3786551 5.7213850 3.3730891 4.7095185 4.4347775 7.6056663 6.6862974 3.9677249 5.1955412 5.6806114 4.5418247 6.3174290 5.4705014 3.9685175 3.7623938 3.8956277 4.3799018 5.7235922 3.8379520 3.5042817 4.0125075 4.0706116 5.0874930 4.6271080 8.3999093 4.4359476 3.7367949 5.1254647 4.7652189 4.6905312 8.2992378 4.2573995 4.6724024 3.4260349 2.4395791 3.5005028 5.6173594 5.5688541 5.2931817 6.3972941 3.8468517 5.6571071 5.1778137 4.9129017 5.4134857 3.9333346 5.5197307 
CDC5_XM_002981114.2_XP_002981160.1_cell_division_cycle_5-like_protein__Selaginella_moellendorffii_               0.0419849 0.0000000 0.3130176 3.1397847 5.4585117 5.3523824 6.5174024 6.4295241 6.1960626 7.0532774 7.6037113 5.6325223 4.9124716 4.2604244 4.5818874 3.4979113 4.0111811 4.2381133 3.0966326 2.5826664 6.4108310 7.0893463 8.0463137 5.3634218 5.2676715 7.3381787 5.6961662 3.4130412 5.9149341 4.5935155 8.9999986 8.0745769 5.0967403 5.7765844 6.0785066 5.9222993 7.1058160 6.3137601 4.4413128 4.7508144 4.1921374 5.1325887 6.1881300 4.1919202 4.0853407 4.2608524 4.9034535 4.7797567 5.3957946 8.9999984 5.5793291 3.5558068 5.3703277 5.0640468 5.3881451 8.9999984 4.6524647 4.9423996 4.3360275 2.4493746 4.0004533 6.0738506 6.5137909 5.9108594 8.5213942 4.1550532 6.2609794 7.6980329 5.9890214 6.2394001 4.4892319 6.7402239 
CDC5_Mapoly0014s0195_PTQ45693.1_hypothetical_protein_MARPO_0014s0195__Marchantia_polymorpha_                     0.2881890 0.3130176 0.0000000 2.8791996 5.0394076 5.8981788 6.2783389 6.0403846 6.4130848 6.9946227 8.8311562 6.2953207 4.8796291 4.4740560 4.5725883 4.1582074 4.2866699 4.7722035 3.2014271 2.5826664 6.8968235 7.1824906 8.3087920 5.0745538 4.9602981 7.6561616 6.0793486 3.6557856 5.3368039 5.0711927 8.9999987 8.8684977 5.4329907 5.9847693 5.7148718 5.4579426 6.2272719 6.5118196 4.4371071 4.8041067 3.6044341 4.7355954 5.2884446 4.4779973 3.8101108 4.5179369 4.4441814 4.5121306 5.6847923 8.9999986 5.8440258 3.6777272 5.2368324 4.8631331 5.5749490 8.9999985 4.9289776 5.8621636 4.3696674 2.6705517 3.7339590 6.1101078 6.2222517 6.4720380 7.5282106 3.9673340 7.8257401 7.6666922 7.1691509 6.4878393 3.8043218 6.7490660 
I_Mapoly0085s0092_PTQ33890.1_hypothetical_protein_MARPO_0085s0092__Marchantia_polymorpha_                        2.6967173 3.1397847 2.8791996 0.0000000 1.3039384 1.4734334 1.4088677 1.9634784 2.2430118 2.0405115 1.9770322 1.8969322 1.6635656 1.7744383 1.7674065 1.6901503 1.3343312 2.5629987 1.7836147 1.7402762 2.3350896 2.4339821 3.0654394 1.8814218 1.4528141 2.8949992 2.5077543 1.4965887 1.4792880 1.9780155 2.5782095 2.3054952 1.8644724 1.6005653 1.5944715 1.5898594 1.5194793 1.6181840 1.4092316 1.5411724 1.6225348 1.8696020 1.7214146 1.4977677 1.8106798 1.6593403 1.7904336 1.8373195 2.2197405 2.0124513 1.9017178 2.0173918 1.2772865 1.4205995 1.6990646 2.0215496 1.9839236 2.1762821 1.3205403 1.5396354 1.4835289 2.2366984 1.7086933 1.4781018 1.7223181 1.7215529 1.8311656 1.6692263 1.9536055 1.3590477 1.9427801 2.4574021 
II_Mapoly0001s0061_PTQ49997.1_hypothetical_protein_MARPO_0001s0061__Marchantia_polymorpha_                       4.6426010 5.4585117 5.0394076 1.3039384 0.0000000 2.5187347 2.5735844 2.5268953 2.5851733 2.5117952 2.6022394 2.8382032 2.9044439 2.3515167 2.7209232 2.9875310 2.5868204 4.0981676 2.2854239 1.6427366 4.0920790 5.6637616 3.7828121 2.1122564 1.8313297 4.6925115 4.2363543 1.8748148 4.1069049 4.5299199 5.8266902 4.4646805 3.5589663 3.2392491 3.0613032 3.9380666 3.5526688 3.5658464 2.4963839 3.3415700 3.6802352 3.5128383 2.8594114 2.9542666 2.6191755 2.6686774 3.5249993 2.4682713 4.2799698 3.0884949 3.3377161 2.6290413 1.7958550 2.0525499 2.3052769 2.9801398 2.2003018 2.6257944 2.4178399 2.4780163 2.2163136 3.5595406 4.3467911 3.8768396 5.3513791 2.6293655 4.2376975 3.6127196 3.3006720 2.8733290 2.1852086 4.9454106 
III_XM_002991980.2_XP_002992026.2_myb-related_protein_B__Selaginella_moellendorffii_                             4.9643532 5.3523824 5.8981788 1.4734334 2.5187347 0.0000000 2.5006681 2.4316590 3.4172173 2.7402215 3.6390762 2.7508323 3.4213779 2.6662646 2.5895407 3.1152669 2.7803824 3.7909623 2.0050352 2.1048456 3.8853625 5.5426051 4.6132182 2.5728994 2.1604917 5.0137643 4.0158435 2.1232909 3.5940877 4.7704400 5.6146499 5.0099197 4.3439173 5.1136878 4.6500592 3.6360004 4.3768005 3.9271040 3.0294564 2.9132488 3.8237321 3.2298826 2.5811013 3.1793273 2.9872637 3.1426586 3.8969509 2.4568764 3.4644829 3.1844191 3.1766455 2.6085916 1.6964205 1.8114969 1.9101521 2.2824390 2.5224394 2.3426878 2.3209277 2.5841240 2.4253761 3.4615430 4.0766423 3.0868405 4.4048945 3.0523824 2.9747714 3.4774327 4.2484193 3.0717106 2.2550287 3.9079611 
III_Mapoly0007s0271_PTQ47916.1_hypothetical_protein_MARPO_0007s0271__Marchantia_polymorpha_                      4.4921419 6.5174024 6.2783389 1.4088677 2.5735844 2.5006681 0.0000000 1.4203272 2.0887854 1.8929653 2.0416861 2.0893566 3.3959112 3.3355601 3.1172045 2.7149825 3.0561115 5.1324603 2.8540280 1.8484012 3.8797185 4.8746757 4.7322212 1.9903874 1.8371418 4.2440534 3.8418132 1.4245966 3.1312297 4.1543081 5.5841529 4.5790204 3.2059624 3.3290134 3.1256285 4.0781163 3.2919962 2.9897326 3.1743933 4.2037222 4.0799781 3.2477768 2.8324824 2.7910744 2.6212027 3.3552648 4.5682281 2.0400761 4.9841754 3.1237990 3.0399724 1.9424086 2.2382621 2.2496731 1.8665710 1.6245410 1.4736985 1.7791555 2.3375066 1.9884654 2.1686267 3.5220899 3.3650561 3.2947412 4.0594452 3.2690471 3.9459775 3.3792109 3.6840149 3.1175652 2.0398107 4.3839315 
III_XM_002971992.2_XP_002972038.2_transcription_factor_MYB1__Selaginella_moellendorffii_                         5.6188211 6.4295241 6.0403846 1.9634784 2.5268953 2.4316590 1.4203272 0.0000000 1.8283950 1.6481231 2.1204699 1.6859079 2.7771295 2.2721825 2.5595132 2.4217810 2.2081125 3.4335788 1.7469440 1.3890903 3.1178660 3.4742021 3.5231544 1.9546675 1.6419873 3.5237625 3.0462757 1.3598636 2.7462441 3.8647002 4.3795716 2.9890750 3.8993453 2.9531929 3.1717128 3.2202416 2.6143818 3.0640161 2.7775947 3.1340435 3.8149090 2.9875999 3.4463864 2.3650540 2.9205057 3.5298276 3.9001899 1.7413033 3.9770180 2.0773497 3.0205335 1.7388960 1.8334583 2.3359436 2.1759671 1.5990894 1.2552477 1.7966672 1.7199445 2.5491910 1.6649908 3.4995768 3.1835296 2.8685034 2.8065712 4.0982128 2.9849286 3.7788761 2.9677919 3.0257412 1.8411458 3.8259811 
IV_MN199005_QIN53281.1_R2R3-MYB_transcription_factor__Selaginella_moellendorffii_                                4.5417981 6.1960626 6.4130848 2.2430118 2.5851733 3.4172173 2.0887854 1.8283950 0.0000000 0.7865581 0.9834864 0.9317100 2.9077973 3.0842036 2.6687801 3.2269043 2.6858024 3.8608742 2.3421082 1.5073137 4.2035749 3.8304750 4.5574447 2.3540275 2.2090124 3.8175623 3.9386726 1.5622756 3.5996073 2.8766659 5.2274830 3.8696420 2.8051619 3.3379059 2.8534554 3.1023070 2.6312583 2.6191702 3.8064427 3.3538388 3.5202744 2.6943355 3.7762579 2.5487760 2.3372114 3.3697368 4.2297199 2.3936975 4.2655936 2.8303519 3.0524568 2.0727273 2.0369180 2.7298959 2.7904589 2.0596172 0.7964552 1.2268701 1.9927119 1.9730355 1.9550864 2.9748164 3.1662775 3.4657623 3.3334827 2.9242366 4.2176927 2.6540218 3.1650005 3.5463502 2.1871874 3.3104110 
IV_MN199007_QIN53283.1_R2R3-MYB_transcription_factor__Selaginella_moellendorffii_                                4.6685513 7.0532774 6.9946227 2.0405115 2.5117952 2.7402215 1.8929653 1.6481231 0.7865581 0.0000000 1.0751159 0.9902299 3.4046441 3.4832390 2.5190324 3.6794396 3.0785061 5.6903645 2.9677492 1.6771059 5.6525281 5.9421217 5.7053715 2.2657020 2.0177898 5.1429397 4.3204369 1.4048966 2.8650224 3.4865324 5.2233579 5.2103259 3.4728963 3.3940873 2.7174670 3.4971420 2.8863519 3.1053441 3.5002979 3.5611025 4.1890281 3.9334181 3.0701889 3.1205524 2.9421950 2.8439028 4.1461003 1.8720305 4.2907209 2.7276502 3.1224003 2.5738395 1.9862515 2.4280830 2.3940162 2.0251623 1.0856063 1.2729740 2.6743340 2.2317129 2.2078505 3.0801357 3.1815186 4.2041100 3.5481891 3.0027824 4.2891684 2.8661887 3.0397551 4.0535242 1.9548863 3.5258863 
IV_MN199006_QIN53282.1_R2R3-MYB_transcription_factor__Selaginella_moellendorffii_                                6.2278432 7.6037113 8.8311562 1.9770322 2.6022394 3.6390762 2.0416861 2.1204699 0.9834864 1.0751159 0.0000000 1.1070661 3.7156761 3.5067992 2.9004705 3.5943595 3.5147783 4.6094146 2.8042117 1.7642879 4.2677146 4.7721619 4.3257575 2.1396080 1.8115307 3.4874548 4.4863640 1.3402902 3.0247496 3.3003341 4.4035850 3.5509684 3.4287258 3.2262294 2.6553762 3.4190261 2.8191014 2.8707425 4.4235505 4.9395055 4.0936877 3.9839817 3.0663305 2.9921862 3.1515694 3.9021731 4.4177196 2.0286392 4.1342976 3.4893143 4.1379132 2.2084814 2.5710318 2.1904383 2.9798019 2.0701074 0.7909422 1.1142386 2.6593749 2.0986244 2.9211397 3.4910102 3.2695634 4.2460398 3.4594053 2.7981846 4.7351290 2.6131599 3.0810848 4.6369278 1.9013403 4.8845438 
IV_Mapoly0032s0153_PTQ41991.1_hypothetical_protein_MARPO_0032s0153__Marchantia_polymorpha_                       5.1195295 5.6325223 6.2953207 1.8969322 2.8382032 2.7508323 2.0893566 1.6859079 0.9317100 0.9902299 1.1070661 0.0000000 3.0855796 3.5606556 2.7835503 3.5296994 3.4790972 4.6361527 2.4646684 1.8161638 3.2197981 5.3001850 4.3866563 2.3684184 2.0454330 3.7133430 3.5973840 1.8674655 3.4368546 3.7282422 5.5676526 4.1358855 3.4439931 2.9472284 2.8032255 3.5558851 2.5407087 3.0824681 3.4805534 3.6004540 4.6227700 3.4789928 2.9653584 2.7420652 3.1805753 3.2205496 4.3223015 2.1865978 3.0332299 3.1214162 3.2055960 2.4053187 2.0985877 2.6553798 2.1888015 1.8069163 0.9391834 1.1712145 2.3302195 2.1138837 2.2578494 2.8874593 3.5139927 3.0127747 3.4699506 3.2333008 4.5668706 2.6097117 3.3618828 4.1784031 1.6878541 4.6983344 
V_Mapoly0008s0029_PTQ47242.1_hypothetical_protein_MARPO_0008s0029__Marchantia_polymorpha_                        4.0389314 4.9124716 4.8796291 1.6635656 2.9044439 3.4213779 3.3959112 2.7771295 2.9077973 3.4046441 3.7156761 3.0855796 0.0000000 1.1578647 1.2655842 1.7597292 1.2055278 3.3781210 1.7342802 1.4203718 3.3846554 5.0357491 4.3142288 2.6120017 2.4127936 4.8084798 4.3596964 2.3589740 4.7521986 5.3595110 6.5424613 5.2547917 4.2754078 4.4050630 4.2740579 4.7484196 3.8016956 4.0353287 3.2082823 3.2692875 4.2663267 4.3110625 3.5485329 3.6389302 2.8760784 2.9996665 4.1635190 2.6691848 4.7339613 4.8763557 4.8399879 2.8505702 2.5956152 2.6984448 3.0164008 2.9115861 2.5067465 2.9342856 1.0736095 1.3355241 1.0433059 3.0029909 3.8343686 2.8658769 4.6843726 3.7703165 5.5473518 4.7070857 3.8654851 4.2301247 0.9756356 3.7890508 
V_XM_002977602.2_XP_002977648.2_uncharacterized_protein_LOC9657152__Selaginella_moellendorffii_                  3.5707173 4.2604244 4.4740560 1.7744383 2.3515167 2.6662646 3.3355601 2.2721825 3.0842036 3.4832390 3.5067992 3.5606556 1.1578647 0.0000000 1.1358031 1.4558546 1.0335005 3.1710257 1.9225566 1.4317838 5.1464877 5.2297139 4.0535611 2.4325758 2.1418547 6.2975929 4.1857316 1.7033124 3.9046408 4.9105903 4.6661645 4.2167419 3.9815832 3.4916469 4.5428463 4.0009718 3.2097666 3.5075931 2.9319355 3.1073396 3.5607463 2.7120732 2.8655219 3.3026158 3.1779433 3.0881947 4.6461508 2.6612476 4.7468438 3.2682865 3.6415982 2.4182708 2.3819168 2.4311054 3.2210660 2.9019067 1.9786768 2.4240238 1.0507593 1.3530862 0.9605279 3.8405224 4.7564794 2.8091740 4.8923710 3.4688871 3.0720311 4.2713843 3.8379372 3.5383039 1.2965557 5.5978956 
V_MN199008_QIN53284.1_R2R3-MYB_transcription_factor__Selaginella_moellendorffii_                                 4.1312501 4.5818874 4.5725883 1.7674065 2.7209232 2.5895407 3.1172045 2.5595132 2.6687801 2.5190324 2.9004705 2.7835503 1.2655842 1.1358031 0.0000000 1.4813986 1.0266029 3.9109067 1.7047331 1.3052298 5.3678345 4.5026383 5.5046338 2.5924873 2.1541651 5.3787671 4.3531061 1.8081678 3.7363173 3.8702373 5.0432281 5.5567142 4.6398093 3.5461724 3.3436744 3.8798724 3.9060134 4.1619139 3.9615891 4.5363647 3.8711319 2.9654275 2.5037698 3.7856157 4.1094688 3.0128508 4.4507672 2.6907802 7.8139999 3.3440010 3.5624316 2.8889117 2.6784214 2.3157686 2.6749997 2.5955306 2.0538655 2.4855868 0.9445278 1.0220347 0.8003210 3.5406893 4.0432702 3.3533826 4.7311929 3.0872092 4.8728948 4.5375679 4.2181641 3.3420187 0.9530600 5.9079894 
V_MN199009_QIN53285.1_R2R3-MYB_transcription_factor__Selaginella_moellendorffii_                                 3.4940488 3.4979113 4.1582074 1.6901503 2.9875310 3.1152669 2.7149825 2.4217810 3.2269043 3.6794396 3.5943595 3.5296994 1.7597292 1.4558546 1.4813986 0.0000000 1.3760768 2.8487353 1.8385468 1.5231336 4.6805365 4.8819278 4.0882076 2.4658361 2.0066950 5.5564312 4.5410999 2.0317668 4.3351101 4.5173422 4.9868350 3.8992787 3.7257491 3.7166674 4.1680734 4.9704709 3.3953520 4.3934970 2.5731803 2.7507079 3.7325017 2.8268974 2.6715618 2.7394049 3.7361088 2.9297857 5.0352389 2.5736299 5.2625689 3.9756239 3.8848831 2.0598183 2.4194968 2.2126213 3.3025370 3.1205365 1.9711568 2.6429941 1.1204786 1.4355032 0.7939102 3.5430684 4.3555693 3.2915412 5.2429448 3.4425302 3.5878254 3.7733579 4.8784209 3.0879661 1.1513155 5.2525406 
V_MN199010_QIN53286.1_R2R3-MYB_transcription_factor__Selaginella_moellendorffii_                                 3.9211576 4.0111811 4.2866699 1.3343312 2.5868204 2.7803824 3.0561115 2.2081125 2.6858024 3.0785061 3.5147783 3.4790972 1.2055278 1.0335005 1.0266029 1.3760768 0.0000000 3.2514464 1.8845637 1.3624597 4.7670053 4.3461407 4.4314472 2.3877353 2.1724696 4.5215517 4.4662971 1.9782698 4.4387243 4.2486914 4.0621217 4.2637141 3.0226238 3.5558346 3.5440906 3.7440066 3.3369044 2.8793854 3.1168801 2.9484017 3.0025033 3.0047351 2.9534099 2.9653200 3.2728532 3.1377666 3.4101823 2.3885812 4.2204032 3.1084403 3.2976424 1.8498900 2.7427739 1.7819514 2.7932478 2.6148224 2.1335150 2.6429127 0.9569952 1.2209229 0.8862227 3.4238448 3.5667074 3.4394007 3.2055987 2.3551608 3.6743050 4.0513427 3.5278223 2.8302442 0.8443426 4.3956592 
VI_g8575.t1_length                                                                                               3.4920183 4.2381133 4.7722035 2.5629987 4.0981676 3.7909623 5.1324603 3.4335788 3.8608742 5.6903645 4.6094146 4.6361527 3.3781210 3.1710257 3.9109067 2.8487353 3.2514464 0.0000000 0.0275735 0.0570279 2.4760649 2.5895498 2.9187264 1.2600581 1.0033974 2.6972433 2.3269593 1.5488673 3.3111268 3.7489835 4.3999109 3.6406005 2.9121270 3.6028265 3.1536150 3.1502265 2.9233643 2.7379483 2.7187167 2.7565231 3.3749161 2.8730139 2.5847265 3.1112936 3.3452461 2.7150878 3.4133893 1.3096341 4.1565147 7.2113560 6.4431754 4.9147179 3.4682049 4.1393099 4.6370602 4.3391372 3.1343749 5.0024064 3.2148617 3.2911473 2.6885905 2.5443686 3.2225318 2.5582866 4.2342672 3.0862755 3.5748991 2.6622289 3.1732714 2.9199525 2.7467792 4.1538454 
VI_BBG43567_LC221833_MYB_transcription_factor                                                                    3.1827507 3.0966326 3.2014271 1.7836147 2.2854239 2.0050352 2.8540280 1.7469440 2.3421082 2.9677492 2.8042117 2.4646684 1.7342802 1.9225566 1.7047331 1.8385468 1.8845637 0.0275735 0.0000000 0.0651705 1.3402453 1.5666597 1.3528998 0.8653205 0.7197588 1.2036715 1.4287985 1.0623890 1.8691174 2.0086395 1.8721653 1.5016352 1.6767599 1.8220041 2.0174341 1.7818567 1.6525977 1.7252278 1.9587583 1.4870434 1.6189904 1.8885094 2.1307706 2.1345392 1.7718334 1.6367681 1.6532302 0.8649828 1.6687645 3.0170517 2.6033846 2.2946571 2.0407350 2.0487022 2.1662515 2.5136288 1.3927428 2.0361740 1.3144645 1.3124775 1.2030778 1.3541857 1.7095590 1.5478145 1.7795669 2.3386971 1.7323221 1.5321891 1.5161580 1.6988120 1.5661937 1.7309209 
BBG43566_LC221832_Chara_leptospora_mRNA_for_MYB_transcription_factor                                             2.6445725 2.5826664 2.5826664 1.7402762 1.6427366 2.1048456 1.8484012 1.3890903 1.5073137 1.6771059 1.7642879 1.8161638 1.4203718 1.4317838 1.3052298 1.5231336 1.3624597 0.0570279 0.0651705 0.0000000 0.9249231 0.8894774 0.9505880 0.8408795 0.6975268 0.8846915 0.9827691 0.9616817 1.1476744 1.1316812 1.0923128 1.0695534 1.0661053 1.2432840 1.2303867 1.0846671 1.2453968 1.1189430 1.2443638 1.1327779 0.9743112 1.1864068 1.4823828 1.3503727 1.3152059 1.1883436 1.1220139 0.8402685 1.2124538 1.9747040 1.8170631 2.3885451 2.0982178 2.0768972 1.8390626 2.0668741 1.2976607 1.8416532 1.3907430 1.3702888 1.2511931 0.8909964 1.0481330 1.1799987 1.2327515 1.2022263 1.2246967 1.0540552 0.9951760 1.1053043 1.6116030 1.0890092 
VI_Mapoly0019s0071.1                                                                                             6.0818397 6.4108310 6.8968235 2.3350896 4.0920790 3.8853625 3.8797185 3.1178660 4.2035749 5.6525281 4.2677146 3.2197981 3.3846554 5.1464877 5.3678345 4.6805365 4.7670053 2.4760649 1.3402453 0.9249231 0.0000000 0.7331351 0.9538721 0.2276206 0.1966440 0.5907474 0.9870571 1.2348611 2.3176167 2.0764486 2.3029208 2.3153232 2.3347075 2.2828791 1.9517975 2.2998720 2.1080165 2.0949673 2.6486652 2.8668505 3.1010466 3.3062916 2.9676536 2.8309877 2.8010147 2.4780251 2.7678801 0.2388621 2.5877498 4.8765046 4.3481311 2.8315682 2.0378030 2.3981607 2.6928051 3.0670872 2.7359496 2.7193455 3.3761709 3.2027019 3.9827350 1.2646361 2.2016547 1.9381434 2.7381048 2.6430999 2.2999294 2.1117359 2.3122849 2.6627591 3.2453663 3.9126552 
VI_XM_024688730.1__XP_024544498.1                                                                                7.0312731 7.0893463 7.1824906 2.4339821 5.6637616 5.5426051 4.8746757 3.4742021 3.8304750 5.9421217 4.7721619 5.3001850 5.0357491 5.2297139 4.5026383 4.8819278 4.3461407 2.5895498 1.5666597 0.8894774 0.7331351 0.0000000 0.9277987 0.2944587 0.2626332 0.9277191 1.0878619 1.1556736 2.9581305 2.1003729 2.6398551 2.5471380 2.4474966 2.7511449 2.4460024 2.2751868 2.4674707 2.2901951 2.4851290 3.0042302 3.4780955 2.9342935 2.3466954 2.3598783 3.1723079 2.9121662 2.8227337 0.2827754 3.0049016 4.2694178 4.2108836 2.3158389 2.7687474 2.4414068 3.3108388 4.7250284 3.1353355 3.0980563 2.7941242 2.8474320 3.7565598 1.0575295 2.8260518 2.7196552 2.6764044 2.6691282 2.2293156 2.0467781 2.4705147 2.8056788 3.3169980 3.2920702 
VI_XM_024688389.1_XP_024524157.1_transcription_repressor_MYB4__Selaginella_moellendorffii_                       8.3958410 8.0463137 8.3087920 3.0654394 3.7828121 4.6132182 4.7322212 3.5231544 4.5574447 5.7053715 4.3257575 4.3866563 4.3142288 4.0535611 5.5046338 4.0882076 4.4314472 2.9187264 1.3528998 0.9505880 0.9538721 0.9277987 0.0000000 0.3363379 0.3013367 1.1333807 1.0145553 1.1906891 2.9683511 2.7118368 2.8427609 2.4684101 2.4932189 2.6066841 2.6414495 3.4391002 2.5913802 2.9522186 2.8624620 3.0529736 3.1927783 2.9226856 3.5772412 3.0246848 2.8856832 2.1462170 3.1163951 0.4306873 2.2814024 4.8894848 4.5443035 2.6833662 3.2939681 2.8857411 2.9107653 3.4977064 3.3003876 2.8196664 2.5855977 3.0142284 4.2187288 1.1512027 2.7828501 2.6285550 3.6569979 2.1074656 2.7163935 2.1932415 2.9629362 2.4151125 3.3230457 4.5037475 
VI_Sacu_v1.1_s1503.g028048_Myb_transcription_factor__0.077_                                                      5.7467821 5.3634218 5.0745538 1.8814218 2.1122564 2.5728994 1.9903874 1.9546675 2.3540275 2.2657020 2.1396080 2.3684184 2.6120017 2.4325758 2.5924873 2.4658361 2.3877353 1.2600581 0.8653205 0.8408795 0.2276206 0.2944587 0.3363379 0.0000000 0.0000010 0.2678636 0.3176962 0.8939937 0.9953627 1.0233373 0.9313864 1.2101754 1.0910709 1.1472244 1.2259861 1.1222380 1.2323286 1.0728035 1.3158608 1.6902867 1.7765381 1.4327142 1.7401203 1.6596677 1.5549063 1.4563687 1.3838437 0.0979900 1.7229195 2.2434226 2.8813244 2.5617677 2.2811754 1.9435756 1.9793911 2.6019536 1.6111164 1.7308731 1.7393256 2.0214811 2.2277791 0.4608621 1.1646622 1.1044137 1.3673673 1.8936207 1.3361419 1.2162602 1.2362053 1.7712882 3.0494153 2.1233490 
VI_Sacu_v1.1_s0147.g023157_Myb_transcription_factor__0.077_                                                      5.6685451 5.2676715 4.9602981 1.4528141 1.8313297 2.1604917 1.8371418 1.6419873 2.2090124 2.0177898 1.8115307 2.0454330 2.4127936 2.1418547 2.1541651 2.0066950 2.1724696 1.0033974 0.7197588 0.6975268 0.1966440 0.2626332 0.3013367 0.0000010 0.0000000 0.1812185 0.2748657 0.9137691 0.9038864 1.0370400 0.9236556 1.1041432 0.9886057 1.1311543 1.1442032 0.9748162 1.1982752 0.9979119 1.2019739 1.4754310 1.7155376 1.2549898 1.5590874 1.4864657 1.4783937 1.4216972 1.2318160 0.0308446 1.6225817 1.9429713 2.5975159 1.9991278 1.9695383 1.6690115 1.5693050 2.2341842 1.5349097 1.5342928 1.5968723 1.7863619 1.9194675 0.3862369 1.0301081 0.9797398 1.2871412 1.7684436 1.1619791 1.1229580 1.2184128 1.5096237 2.5256964 1.7882680 
VI_MA_130648p0010_437_residues__                                                                                 7.3786551 7.3381787 7.6561616 2.8949992 4.6925115 5.0137643 4.2440534 3.5237625 3.8175623 5.1429397 3.4874548 3.7133430 4.8084798 6.2975929 5.3787671 5.5564312 4.5215517 2.6972433 1.2036715 0.8846915 0.5907474 0.9277191 1.1333807 0.2678636 0.1812185 0.0000000 1.1898809 1.1559109 2.4140059 3.1792112 3.3377923 2.9758955 2.9884946 2.0851226 2.4693570 2.6683579 2.8674555 2.6688667 2.7574248 3.1545088 2.8804019 2.9973072 2.7514405 2.8834468 2.9867628 3.2138941 2.9758675 0.3044900 3.2124548 4.6943275 4.5282837 4.1349505 2.6738826 3.1153277 3.6540023 4.5712054 2.8259216 2.9398625 3.9590295 3.8826195 4.3282057 1.1085191 2.3606724 2.4790659 3.1811737 2.2809830 2.1929882 2.7032251 3.3718597 2.7055384 4.2021530 5.0541735 
VI_AmTr_v1.0_scaffold00111.43_locus_evm_27.TU.AmTr_v1.0_scaffold00111.43                                         5.7213850 5.6961662 6.0793486 2.5077543 4.2363543 4.0158435 3.8418132 3.0462757 3.9386726 4.3204369 4.4863640 3.5973840 4.3596964 4.1857316 4.3531061 4.5410999 4.4662971 2.3269593 1.4287985 0.9827691 0.9870571 1.0878619 1.0145553 0.3176962 0.2748657 1.1898809 0.0000000 1.0701477 2.1692830 2.4315610 2.6099168 1.9190480 2.6542019 2.0889601 1.7756930 2.2497249 1.9074543 1.9665273 2.2341348 2.2545580 2.9459155 2.6295633 3.0303753 2.4988755 2.4464777 2.3428282 2.7426044 0.3114064 2.1835221 4.0293343 3.7301025 2.9341331 2.1123912 2.5939892 3.1808120 3.4223778 2.2030568 2.8436342 3.5686482 3.3135654 3.5369630 1.0305803 2.2536722 2.1200864 2.2701593 2.5596378 2.3409728 1.7425268 1.8359532 2.2745796 3.2068095 3.7218985 
VII_HAOX-0009745                                                                                                 3.3730891 3.4130412 3.6557856 1.4965887 1.8748148 2.1232909 1.4245966 1.3598636 1.5622756 1.4048966 1.3402902 1.8674655 2.3589740 1.7033124 1.8081678 2.0317668 1.9782698 1.5488673 1.0623890 0.9616817 1.2348611 1.1556736 1.1906891 0.8939937 0.9137691 1.1559109 1.0701477 0.0000000 0.8110763 0.7522712 1.0584219 1.1203410 0.9486511 0.8139241 0.6933318 0.8765134 0.7694301 0.7404281 0.8198223 1.1030493 1.4401110 0.9944298 1.1419326 1.2152016 1.2634299 1.3245164 1.3760770 0.9016673 1.2830207 2.3182883 2.0284786 2.3059214 1.5451596 1.5947053 1.4495341 1.6154895 1.5673896 1.6218034 1.8184631 1.5894459 1.7177661 0.9619430 0.7545089 0.8178829 0.9083873 1.0241977 1.1194511 0.8513073 0.9982923 1.1452475 2.2040565 1.2309809 
VII_Mp3g05910.1                                                                                                  4.7095185 5.9149341 5.3368039 1.4792880 4.1069049 3.5940877 3.1312297 2.7462441 3.5996073 2.8650224 3.0247496 3.4368546 4.7521986 3.9046408 3.7363173 4.3351101 4.4387243 3.3111268 1.8691174 1.1476744 2.3176167 2.9581305 2.9683511 0.9953627 0.9038864 2.4140059 2.1692830 0.8110763 0.0000000 1.2640322 1.8934692 1.5330637 1.5022482 0.7961051 0.9226686 0.9384887 1.1304831 1.0277029 1.7518583 1.9955762 2.5630595 2.1557175 2.4596123 2.4794501 2.0740488 2.0593205 2.3825206 0.9722574 2.5521762 4.6172891 4.4054702 2.4621448 2.0952615 2.5565274 2.6028915 3.7596670 2.8905100 3.2871380 2.9681876 2.7066358 3.1926168 1.9473944 1.2050633 1.7593109 1.2174440 1.8974719 2.0681198 1.4343475 1.4008507 2.0686813 2.9519787 3.1781484 
VII_ENA_MN199011_MN199011.1_Selaginella_moellendorffii                                                           4.4347775 4.5935155 5.0711927 1.9780155 4.5299199 4.7704400 4.1543081 3.8647002 2.8766659 3.4865324 3.3003341 3.7282422 5.3595110 4.9105903 3.8702373 4.5173422 4.2486914 3.7489835 2.0086395 1.1316812 2.0764486 2.1003729 2.7118368 1.0233373 1.0370400 3.1792112 2.4315610 0.7522712 1.2640322 0.0000000 1.8097698 2.3598178 1.6425136 1.5822082 1.4235486 1.2607918 1.3587051 1.3344580 1.8579579 1.8934100 2.5679837 2.3531119 1.9581811 2.2895610 1.9971348 2.4216454 2.1710352 1.1054288 3.0438595 3.6542217 5.4749784 3.1339865 2.2274936 2.8367392 3.4620665 3.8781007 2.4587743 2.3917197 2.8922294 2.8222392 2.9050180 1.7742234 1.1596164 1.4497374 1.9836429 1.8115537 2.0963092 1.7114721 2.0119838 2.3463435 3.3393132 2.6959458 
VII_Sacu_v1.1_s0002.g001222_Myb_transcription_factor__0.077_                                                     7.6056663 8.9999986 8.9999987 2.5782095 5.8266902 5.6146499 5.5841529 4.3795716 5.2274830 5.2233579 4.4035850 5.5676526 6.5424613 4.6661645 5.0432281 4.9868350 4.0621217 4.3999109 1.8721653 1.0923128 2.3029208 2.6398551 2.8427609 0.9313864 0.9236556 3.3377923 2.6099168 1.0584219 1.8934692 1.8097698 0.0000000 1.5586571 2.1552560 2.1094799 2.1507575 1.8112453 2.3511467 1.9579459 2.3228563 2.8372077 3.5025431 2.9519028 2.9036207 3.2193076 2.9099363 3.1889540 2.8315906 1.1407235 3.3544307 5.0643918 6.4172630 3.0237583 2.9410875 2.4134911 4.2472979 4.4019585 3.2167697 3.8311104 3.6782166 4.1721520 4.1343439 2.0015375 2.1435997 2.3793120 1.9952377 2.0908336 2.1445294 1.8197457 1.6513039 2.2133798 2.9348975 3.8021592 
VII_Sacu_v1.1_s0041.g012546_Myb_transcription_factor__0.077_                                                     6.6862974 8.0745769 8.8684977 2.3054952 4.4646805 5.0099197 4.5790204 2.9890750 3.8696420 5.2103259 3.5509684 4.1358855 5.2547917 4.2167419 5.5567142 3.8992787 4.2637141 3.6406005 1.5016352 1.0695534 2.3153232 2.5471380 2.4684101 1.2101754 1.1041432 2.9758955 1.9190480 1.1203410 1.5330637 2.3598178 1.5586571 0.0000000 1.9931337 2.1157154 1.8094405 2.1563510 1.8815696 2.2559952 1.7362388 2.2974143 3.6602500 2.3462381 2.8124421 2.4712502 2.5974307 2.1329014 2.4314614 1.3102997 2.5414004 4.9091532 5.3209939 2.9720459 2.3812642 2.6159736 3.3753060 3.9362773 3.1736477 4.0502539 3.3129231 4.7456382 3.7536078 1.9155431 1.8700665 2.3767918 2.2835111 2.4741687 2.3529654 0.9881892 1.3991093 1.9222560 4.1967003 3.8743789 
VII_Sacu_v1.1_s0272.g027033_Myb_transcription_factor__0.077_                                                     3.9677249 5.0967403 5.4329907 1.8644724 3.5589663 4.3439173 3.2059624 3.8993453 2.8051619 3.4728963 3.4287258 3.4439931 4.2754078 3.9815832 4.6398093 3.7257491 3.0226238 2.9121270 1.6767599 1.0661053 2.3347075 2.4474966 2.4932189 1.0910709 0.9886057 2.9884946 2.6542019 0.9486511 1.5022482 1.6425136 2.1552560 1.9931337 0.0000000 2.1204124 1.5675346 1.6587840 1.9012555 1.5307733 1.7176938 2.5830368 2.3551623 2.4565574 2.0703440 2.2582060 2.3446561 1.7845169 2.8454164 1.1652908 2.6283012 4.7819048 5.1928630 3.2360600 2.9223245 3.1507168 3.4609489 3.5428952 1.9764594 2.8348624 2.6732248 3.4987066 2.6628939 2.1137787 1.7140289 1.7437602 2.0953638 2.1308345 2.6280851 1.4166616 1.4748204 2.4582168 2.5851000 3.6314318 
VII_MA_96853p0010_582_residues__                                                                                 5.1955412 5.7765844 5.9847693 1.6005653 3.2392491 5.1136878 3.3290134 2.9531929 3.3379059 3.3940873 3.2262294 2.9472284 4.4050630 3.4916469 3.5461724 3.7166674 3.5558346 3.6028265 1.8220041 1.2432840 2.2828791 2.7511449 2.6066841 1.1472244 1.1311543 2.0851226 2.0889601 0.8139241 0.7961051 1.5822082 2.1094799 2.1157154 2.1204124 0.0000000 0.7834048 1.3003924 1.0157826 0.9850992 1.6265143 2.3186222 2.7304738 2.5238991 2.2083082 2.3958775 2.5006157 2.6240808 2.4195968 1.1282138 3.4167385 3.7570198 4.5142274 3.1998703 1.9378442 2.6104436 3.2081133 3.1328107 2.8362699 3.1781442 2.9356152 3.1822942 2.8190935 1.8358000 1.1425568 1.6370325 1.4224110 1.6439393 2.6016030 1.8715607 1.8886892 2.1399330 3.0756940 3.1169396 
VII_MA_10208000p0010_602_residues__                                                                              5.6806114 6.0785066 5.7148718 1.5944715 3.0613032 4.6500592 3.1256285 3.1717128 2.8534554 2.7174670 2.6553762 2.8032255 4.2740579 4.5428463 3.3436744 4.1680734 3.5440906 3.1536150 2.0174341 1.2303867 1.9517975 2.4460024 2.6414495 1.2259861 1.1442032 2.4693570 1.7756930 0.6933318 0.9226686 1.4235486 2.1507575 1.8094405 1.5675346 0.7834048 0.0000000 1.0124398 0.9168399 1.0368467 1.4773342 2.0674075 2.2637399 1.9840273 1.9632921 2.0723436 2.3949044 2.1517370 2.2709752 1.3383430 2.4121897 3.4720387 4.4748407 2.7790593 2.1105831 2.5747350 2.9552556 3.2427296 2.3484531 2.6787070 2.6997571 3.0042271 2.2110788 1.5974687 0.8408729 1.7105331 1.1958518 1.8885290 2.3500377 1.7395555 1.4732732 1.9980613 2.6201446 2.7894806 
VII_MA_20462p0010_470_residues__                                                                                 4.5418247 5.9222993 5.4579426 1.5898594 3.9380666 3.6360004 4.0781163 3.2202416 3.1023070 3.4971420 3.4190261 3.5558851 4.7484196 4.0009718 3.8798724 4.9704709 3.7440066 3.1502265 1.7818567 1.0846671 2.2998720 2.2751868 3.4391002 1.1222380 0.9748162 2.6683579 2.2497249 0.8765134 0.9384887 1.2607918 1.8112453 2.1563510 1.6587840 1.3003924 1.0124398 0.0000000 1.2191089 1.0680465 1.7876266 1.9756526 2.6673497 1.9191559 2.1252943 2.4067208 2.0121600 1.9789101 2.3356283 1.2726535 2.6106873 3.4903735 4.4370661 2.4996597 1.9810597 2.7901350 2.8685531 3.3077005 2.1243530 2.6422539 2.6807720 3.1789926 2.6848445 2.0538897 1.1568793 1.6775098 1.3155014 2.0876344 1.8143802 1.3130691 1.7924829 1.9387696 2.7699006 2.9262445 
VII_AmTr_v1.0_scaffold00038.91                                                                                   6.3174290 7.1058160 6.2272719 1.5194793 3.5526688 4.3768005 3.2919962 2.6143818 2.6312583 2.8863519 2.8191014 2.5407087 3.8016956 3.2097666 3.9060134 3.3953520 3.3369044 2.9233643 1.6525977 1.2453968 2.1080165 2.4674707 2.5913802 1.2323286 1.1982752 2.8674555 1.9074543 0.7694301 1.1304831 1.3587051 2.3511467 1.8815696 1.9012555 1.0157826 0.9168399 1.2191089 0.0000000 1.0498545 1.4272096 1.9684051 2.9130530 1.9970029 1.9914077 2.2143948 2.1111977 2.2867043 2.5278057 1.2698253 2.9474216 3.4051924 4.4579015 2.5883689 2.2995293 2.7800482 2.6411542 3.0982256 2.3876953 2.6208041 2.6307756 3.5049662 2.6562761 1.9295208 1.4056531 1.3259300 1.3111503 1.7405882 2.5348799 1.6969118 1.6220008 2.2151022 2.8793807 3.3238009 
VII_AmTr_v1.0_scaffold00037.85                                                                                   5.4705014 6.3137601 6.5118196 1.6181840 3.5658464 3.9271040 2.9897326 3.0640161 2.6191702 3.1053441 2.8707425 3.0824681 4.0353287 3.5075931 4.1619139 4.3934970 2.8793854 2.7379483 1.7252278 1.1189430 2.0949673 2.2901951 2.9522186 1.0728035 0.9979119 2.6688667 1.9665273 0.7404281 1.0277029 1.3344580 1.9579459 2.2559952 1.5307733 0.9850992 1.0368467 1.0680465 1.0498545 0.0000000 1.5807673 1.9723859 2.7905722 2.0258527 1.9408186 2.3544848 2.0298718 2.0860870 2.6848475 1.0540407 2.9551625 3.3672943 4.0762113 2.9592652 2.5306792 2.5755350 2.6587168 3.4645780 2.1293140 2.8094627 2.6258155 3.2038532 3.1523478 2.0345638 1.0061512 1.5284348 1.2978007 1.9163943 2.2362390 1.2545053 1.6329607 1.8838072 2.7726072 2.9343986 
VIII_MN199016_QIN53292.1_R2R3-MYB_transcription_factor__Selaginella_moellendorffii_                              3.9685175 4.4413128 4.4371071 1.4092316 2.4963839 3.0294564 3.1743933 2.7775947 3.8064427 3.5002979 4.4235505 3.4805534 3.2082823 2.9319355 3.9615891 2.5731803 3.1168801 2.7187167 1.9587583 1.2443638 2.6486652 2.4851290 2.8624620 1.3158608 1.2019739 2.7574248 2.2341348 0.8198223 1.7518583 1.8579579 2.3228563 1.7362388 1.7176938 1.6265143 1.4773342 1.7876266 1.4272096 1.5807673 0.0000000 1.3129552 1.6743674 1.0874306 1.3574876 1.4416145 1.2959536 2.6588414 2.1419054 1.2828838 1.7232662 3.9489037 3.5908322 3.0313794 1.9831512 2.3063533 2.4433033 3.3728304 2.4609175 3.0918955 3.4842532 3.6137271 2.4985438 1.6592519 1.5154741 1.9134789 1.7423304 0.9324430 1.5458251 1.9817097 1.8795377 1.1548447 2.8466895 2.1044970 
VIII_XM_024668296.1_XP_024524064.1_transcription_factor_MYB26__Selaginella_moellendorffii_                       3.7623938 4.7508144 4.8041067 1.5411724 3.3415700 2.9132488 4.2037222 3.1340435 3.3538388 3.5611025 4.9395055 3.6004540 3.2692875 3.1073396 4.5363647 2.7507079 2.9484017 2.7565231 1.4870434 1.1327779 2.8668505 3.0042302 3.0529736 1.6902867 1.4754310 3.1545088 2.2545580 1.1030493 1.9955762 1.8934100 2.8372077 2.2974143 2.5830368 2.3186222 2.0674075 1.9756526 1.9684051 1.9723859 1.3129552 0.0000000 2.0880465 1.7420208 1.6355245 1.8459298 1.3716084 1.6835318 1.5306950 1.7386983 1.7466292 3.7262998 3.5602172 2.8195346 2.1950322 2.3460744 2.0166259 3.9111291 3.3416348 4.7294490 3.0656689 2.9578034 3.0156243 1.9495214 2.1684895 1.8816432 2.4411086 1.1740443 2.1460597 2.5164086 2.4142452 1.4104218 2.7944246 1.8293558 
VIII_Mapoly0073s0038_PTQ35164.1_hypothetical_protein_MARPO_0073s0038__Marchantia_polymorpha_                     3.8956277 4.1921374 3.6044341 1.6225348 3.6802352 3.8237321 4.0799781 3.8149090 3.5202744 4.1890281 4.0936877 4.6227700 4.2663267 3.5607463 3.8711319 3.7325017 3.0025033 3.3749161 1.6189904 0.9743112 3.1010466 3.4780955 3.1927783 1.7765381 1.7155376 2.8804019 2.9459155 1.4401110 2.5630595 2.5679837 3.5025431 3.6602500 2.3551623 2.7304738 2.2637399 2.6673497 2.9130530 2.7905722 1.6743674 2.0880465 0.0000000 1.7592737 1.7545604 1.7023883 1.8271454 2.2682823 1.9177918 1.7155701 2.1012603 4.8822076 3.0013310 3.1885557 2.4662077 2.7553236 3.1469796 3.0803645 2.7154608 3.8960137 3.7543687 3.1936166 2.8395009 2.1721700 2.0963514 2.7610524 2.6775872 1.5500298 2.1424058 2.6927074 2.8422723 1.6181835 2.6889720 2.3856845 
VIII_Mapoly0006s0226_PTQ48220.1_hypothetical_protein_MARPO_0006s0226__Marchantia_polymorpha_                     4.3799018 5.1325887 4.7355954 1.8696020 3.5128383 3.2298826 3.2477768 2.9875999 2.6943355 3.9334181 3.9839817 3.4789928 4.3110625 2.7120732 2.9654275 2.8268974 3.0047351 2.8730139 1.8885094 1.1864068 3.3062916 2.9342935 2.9226856 1.4327142 1.2549898 2.9973072 2.6295633 0.9944298 2.1557175 2.3531119 2.9519028 2.3462381 2.4565574 2.5238991 1.9840273 1.9191559 1.9970029 2.0258527 1.0874306 1.7420208 1.7592737 0.0000000 1.0506902 1.3333407 1.9065039 2.2052460 2.3832490 1.3581529 1.7535882 4.0434198 4.1546221 2.9671250 2.5420724 2.4642954 2.8555621 3.0902850 2.7479406 3.1844257 2.5225243 2.9405572 2.1055590 2.1751630 1.9403944 2.1379931 2.4382170 1.2411869 1.5805063 2.2436190 2.8618178 1.0343109 2.5855471 2.8018682 
VIII_XM_024680104.1_XP_024535872.1_transcription_factor_MYB8-like__Selaginella_moellendorffii_                   5.7235922 6.1881300 5.2884446 1.7214146 2.8594114 2.5811013 2.8324824 3.4463864 3.7762579 3.0701889 3.0663305 2.9653584 3.5485329 2.8655219 2.5037698 2.6715618 2.9534099 2.5847265 2.1307706 1.4823828 2.9676536 2.3466954 3.5772412 1.7401203 1.5590874 2.7514405 3.0303753 1.1419326 2.4596123 1.9581811 2.9036207 2.8124421 2.0703440 2.2083082 1.9632921 2.1252943 1.9914077 1.9408186 1.3574876 1.6355245 1.7545604 1.0506902 0.0000000 1.1717919 1.7084377 2.1584297 2.0705091 1.6587375 1.7110226 3.4491397 2.9766105 2.8224234 2.8814652 3.2310642 2.6765649 3.3046262 2.0330666 2.7396081 2.7208650 3.1032975 2.2132819 2.4062343 1.7972880 2.0153563 2.8386417 1.7501666 1.2847563 2.4931431 2.5240038 1.5274561 2.3339177 2.2764856 
VIII_MN199020_QIN53296.1_R2R3-MYB_transcription_factor__Selaginella_moellendorffii_                              3.8379520 4.1919202 4.4779973 1.4977677 2.9542666 3.1793273 2.7910744 2.3650540 2.5487760 3.1205524 2.9921862 2.7420652 3.6389302 3.3026158 3.7856157 2.7394049 2.9653200 3.1112936 2.1345392 1.3503727 2.8309877 2.3598783 3.0246848 1.6596677 1.4864657 2.8834468 2.4988755 1.2152016 2.4794501 2.2895610 3.2193076 2.4712502 2.2582060 2.3958775 2.0723436 2.4067208 2.2143948 2.3544848 1.4416145 1.8459298 1.7023883 1.3333407 1.1717919 0.0000000 1.7920682 2.5770623 1.9156862 1.5898280 1.7847317 3.4448789 3.8356791 2.9032408 2.4841181 2.5963169 3.0489130 2.3787307 2.1238812 3.0333085 3.0108787 2.8870405 2.2064799 2.8245656 1.6662037 2.2665056 2.3172571 1.4097323 2.1104956 2.6048391 2.4441002 1.0704960 2.4720759 3.5385274 
Azfi_s0014.g013584                                                                                               3.5042817 4.0853407 3.8101108 1.8106798 2.6191755 2.9872637 2.6212027 2.9205057 2.3372114 2.9421950 3.1515694 3.1805753 2.8760784 3.1779433 4.1094688 3.7361088 3.2728532 3.3452461 1.7718334 1.3152059 2.8010147 3.1723079 2.8856832 1.5549063 1.4783937 2.9867628 2.4464777 1.2634299 2.0740488 1.9971348 2.9099363 2.5974307 2.3446561 2.5006157 2.3949044 2.0121600 2.1111977 2.0298718 1.2959536 1.3716084 1.8271454 1.9065039 1.7084377 1.7920682 0.0000000 2.4089072 1.9577635 1.5831216 1.6369967 3.3650323 2.7089794 2.4945985 2.2655561 2.3646878 2.2749156 3.1153961 2.5029579 2.9818367 3.8035449 3.0780949 3.1926300 2.1120100 2.0637996 2.4935293 2.6004561 1.1772719 1.9917609 2.3012025 2.3132438 1.5192151 2.5493083 2.6580333 
Azfi_s0035.g025508                                                                                               4.0125075 4.2608524 4.5179369 1.6593403 2.6686774 3.1426586 3.3552648 3.5298276 3.3697368 2.8439028 3.9021731 3.2205496 2.9996665 3.0881947 3.0128508 2.9297857 3.1377666 2.7150878 1.6367681 1.1883436 2.4780251 2.9121662 2.1462170 1.4563687 1.4216972 3.2138941 2.3428282 1.3245164 2.0593205 2.4216454 3.1889540 2.1329014 1.7845169 2.6240808 2.1517370 1.9789101 2.2867043 2.0860870 2.6588414 1.6835318 2.2682823 2.2052460 2.1584297 2.5770623 2.4089072 0.0000000 1.6578221 1.4398940 2.0136105 4.8764270 3.9451110 2.7486723 2.3503956 2.6055813 2.1144555 3.5831988 2.0047691 2.5139361 2.2569248 2.3145437 2.4534061 1.9508465 1.8973901 2.3525764 2.6689879 2.6878807 2.1715342 1.9405644 1.9501880 1.9663852 2.3483347 2.2043269 
Azfi_s0041.g026722                                                                                               4.0706116 4.9034535 4.4441814 1.7904336 3.5249993 3.8969509 4.5682281 3.9001899 4.2297199 4.1461003 4.4177196 4.3223015 4.1635190 4.6461508 4.4507672 5.0352389 3.4101823 3.4133893 1.6532302 1.1220139 2.7678801 2.8227337 3.1163951 1.3838437 1.2318160 2.9758675 2.7426044 1.3760770 2.3825206 2.1710352 2.8315906 2.4314614 2.8454164 2.4195968 2.2709752 2.3356283 2.5278057 2.6848475 2.1419054 1.5306950 1.9177918 2.3832490 2.0705091 1.9156862 1.9577635 1.6578221 0.0000000 1.3939691 1.7402701 4.2152620 3.3584804 2.7092740 2.2354110 2.3902387 3.1009754 3.1912859 3.2207802 4.4671776 3.2886044 3.3491987 2.8475249 2.1773503 2.2027968 2.3593294 2.6422606 1.4232700 1.9979899 2.9860054 2.2908085 1.8001919 2.6036957 2.0333693 
