75
CDC5_XM_024686040.1_XP_024541808.1_cell_division_cycle_5-like_protein                                            0.0000000 0.0190164 0.2815006 2.6878064 3.2775099 3.6046199 3.1998150 3.8980913 3.7016900 3.7633470 3.4774271 3.4648389 4.5219763 4.3406966 3.4413217 4.1670549 3.5250137 4.8654462 3.0436434 2.6090743 3.5535675 3.4608050 4.3273559 2.7937820 2.8845813 4.0953312 3.7348729 3.0751758 3.2671067 4.4583856 4.0271461 3.2988897 3.0841626 3.1610429 3.4168419 2.8700516 3.4504204 3.0697736 5.2301334 2.9334784 4.5978391 4.4409290 3.5427937 3.2083700 4.1985857 3.3533642 3.3239208 3.5411190 3.4955743 2.8046217 3.7225967 3.2924267 4.0800461 2.4515008 2.9059836 3.6821298 3.0883840 3.8994625 2.5698856 3.6290364 3.0763257 2.7662156 2.6703618 4.6061667 3.8314453 5.3783477 3.8387333 3.4383490 2.7074438 4.1985857 3.3239208 3.5221116 2.8873554 4.5615596 4.6932488 
CDC5_XM_002981114.2_XP_002981160.1_cell_division_cycle_5-like_protein__Selaginella_moellendorffii_               0.0190164 0.0000000 0.3471827 2.7416637 3.4955888 4.0308169 3.4237960 3.9109107 3.9942470 3.9480198 3.9096088 3.6915100 5.0158399 5.4358482 3.7900726 4.1828228 3.8635872 4.7184038 2.9475814 2.5219458 3.9530433 4.0084592 4.1752306 2.7258622 2.8052257 4.0013493 3.6356148 3.0875637 3.6900133 4.9258089 4.5659942 3.6756900 3.4095270 3.6285006 3.8971897 3.3551010 3.8158585 3.3109071 4.8965484 3.1109777 5.1993295 5.2467607 4.2163136 4.1360127 4.6436870 3.5508280 3.8393296 3.5147164 4.8334333 2.7329143 3.9269148 3.8765849 4.6416612 2.6682175 3.0478223 3.6753835 3.0411331 4.3421120 2.9966039 4.5158013 3.5294890 3.4144317 2.7896497 4.8644915 4.5492345 5.6513627 4.4569108 3.5143612 2.7823752 4.6436870 3.8393296 3.8077781 3.1607557 5.7232615 5.5180452 
CDC5_Mapoly0014s0195_PTQ45693.1_hypothetical_protein_MARPO_0014s0195__Marchantia_polymorpha_                     0.2815006 0.3471827 0.0000000 2.5744735 3.5356345 4.0291507 3.7525629 4.3609983 3.8794916 3.7927136 3.7070251 3.5203442 4.6693335 3.8850382 3.6120093 3.9013935 3.4994672 5.1625095 2.9113896 2.5219458 3.5815571 3.5447953 3.7322580 3.1410450 3.2853399 3.9707261 4.7925193 2.9810807 3.9189058 4.7700165 4.2074370 4.3748550 4.0736476 3.4647853 3.7731433 3.4463515 3.5604007 3.2404704 4.7682748 3.3146630 5.6588467 5.0823709 3.5837093 4.0211085 5.4018485 4.2111554 4.1092542 3.9927901 4.5115612 3.0251756 4.2953487 3.2733082 4.0298421 3.0288490 2.9290104 3.9235972 3.2279027 4.6911578 3.1840773 4.0837560 3.7219554 3.2876599 2.9416056 6.0134869 4.5381121 5.1909494 4.5341557 3.8689320 3.0143380 5.4018485 4.1092542 3.8966826 3.1099112 5.0693800 5.5705325 
I_Mapoly0085s0092_PTQ33890.1_hypothetical_protein_MARPO_0085s0092__Marchantia_polymorpha_                        2.6878064 2.7416637 2.5744735 0.0000000 1.3410106 1.3986213 1.7611285 1.5177171 1.7714194 1.6987860 1.7683663 1.5844392 2.0170595 1.8852870 1.8342390 1.8288057 1.7637758 2.4034644 1.4025679 1.4698823 2.4404379 2.1009996 2.0381821 2.1922523 2.1094211 2.2321826 2.0332000 1.6210858 1.7686570 2.2572184 2.5655050 2.2120503 1.9921095 2.0268989 2.1681499 2.0913659 2.1897112 2.0011458 2.0413412 2.1642626 2.2680172 2.2689795 2.0243859 2.2256078 2.0360140 2.0887802 2.0554761 2.3945631 1.7514427 2.1781966 1.8801169 1.7535429 1.6581419 1.5162589 1.5054436 1.4230391 1.7858763 2.2686729 1.4305955 1.5407866 1.4789009 1.8560900 1.4949414 2.1148833 2.3089430 1.8374306 2.1962884 1.9398778 2.1238307 2.0360140 2.0554761 2.0515836 1.5645650 3.4480981 3.1019301 
II_Mapoly0001s0061_PTQ49997.1_hypothetical_protein_MARPO_0001s0061__Marchantia_polymorpha_                       3.2775099 3.4955888 3.5356345 1.3410106 0.0000000 1.6183035 2.3070418 2.7603423 2.5606583 2.9773469 2.5789548 2.7591365 2.9348541 2.4742281 2.4962585 3.4973286 2.6636780 3.7893706 2.0317227 1.4382977 2.8302268 3.6546561 2.8974819 2.6472191 2.6132573 3.0687614 3.2856224 1.9200302 3.1335154 3.1582230 3.3578062 3.2814111 2.8527095 2.5634763 3.0239390 2.7371859 3.3879918 2.4712655 2.8531906 3.2773606 3.5306644 4.2885864 3.6837712 3.0626105 3.0131553 3.0715415 2.7551689 2.7185469 3.0829747 2.6069144 2.9599496 2.2439488 2.6791841 1.6077087 1.8385210 1.4272843 1.5392188 2.4976994 2.4724757 2.7934357 1.9336091 2.2290680 2.3152798 3.2198289 2.9316725 3.3582804 3.5972775 2.2921430 2.9038473 3.0131553 2.7551689 3.6036835 1.9528860 8.8002784 5.5468565 
III_XM_002991980.2_XP_002992026.2_myb-related_protein_B__Selaginella_moellendorffii_                             3.6046199 4.0308169 4.0291507 1.3986213 1.6183035 0.0000000 2.4787808 2.3276008 3.3637946 2.8744622 2.7376009 2.7461139 2.3732546 2.2839854 2.1658699 3.1099205 1.9215779 3.0224240 1.7826320 1.6182840 3.4012672 2.8917822 3.0093253 2.3382918 2.2842177 3.6353299 3.1820863 1.8595963 4.0243017 3.0144687 3.7707052 3.2378141 3.0850753 3.5845583 3.3512145 3.0668632 3.5099991 2.8269626 2.6567284 2.7859740 3.6404832 4.1022158 3.5235083 3.7596882 3.2060495 2.9631396 3.1927353 3.0934093 2.8152783 2.4406536 3.7875713 2.2686730 2.2444504 1.9353356 1.4458713 1.6298510 1.9576649 2.7433509 2.4230798 2.7060688 2.2284276 2.4101871 1.8904330 3.6018699 3.7102713 3.3263407 3.6245691 2.6705817 2.6644524 3.2060495 3.1927353 4.6551501 1.8844750 4.3578150 6.2719237 
III_Mapoly0007s0271_PTQ47916.1_hypothetical_protein_MARPO_0007s0271__Marchantia_polymorpha_                      3.1998150 3.4237960 3.7525629 1.7611285 2.3070418 2.4787808 0.0000000 1.0729924 1.5054351 1.3924874 1.2880708 1.2779284 2.2191787 1.5135892 1.5458414 1.8397087 1.8251937 2.6165760 2.0049655 1.3063284 2.6468766 2.7121446 2.6679742 1.6622590 1.7114784 2.9124347 2.7754071 1.6276515 2.3314065 2.6997302 2.6585003 2.7553708 2.3967309 2.5958933 2.5017290 2.5715418 2.4978915 1.9734176 2.5150966 3.0423138 3.2315325 2.8592948 2.8526847 2.2912067 2.4530316 3.2013795 2.5692972 2.6795316 2.7634127 1.8689683 2.8249657 2.6947974 2.7835992 1.6409603 2.6796863 2.8289212 2.0792311 1.9457393 1.1434450 1.4584205 1.4668037 1.4531392 1.4046407 2.8854331 2.6678724 2.8690346 2.7928240 2.7368905 2.8085324 2.4530316 2.5692972 3.6412019 1.2437678 4.0591884 3.7440375 
III_XM_002971992.2_XP_002972038.2_transcription_factor_MYB1__Selaginella_moellendorffii_                         3.8980913 3.9109107 4.3609983 1.5177171 2.7603423 2.3276008 1.0729924 0.0000000 1.1490515 1.1314165 1.2143799 1.2298813 1.7438183 1.6399741 1.3726130 1.6260768 1.2255977 2.2539813 1.5389854 1.2184584 2.0135631 1.9271423 1.9847669 1.4664561 1.3017740 2.0916553 2.0703986 1.1960149 1.7707768 1.9834425 2.2688302 2.0431905 2.0359066 2.0811970 2.3410326 2.1254096 2.1571300 1.7543560 2.1443573 2.2133201 2.5345167 2.2570991 1.9765924 2.1717738 2.3295175 2.0167132 1.9433957 2.2057966 2.1196366 1.4482138 2.3511487 2.2477335 2.0155812 1.2941874 1.4379831 2.2225749 1.8049021 1.4616695 0.9410628 1.0300818 1.3716606 1.4484783 1.4303257 2.1950028 1.7797921 2.1748446 1.9874245 2.3171098 1.8593753 2.3295175 1.9433957 2.2970196 1.1973605 3.2725611 3.0832690 
IV_MN199005_QIN53281.1_R2R3-MYB_transcription_factor__Selaginella_moellendorffii_                                3.7016900 3.9942470 3.8794916 1.7714194 2.5606583 3.3637946 1.5054351 1.1490515 0.0000000 0.9395572 0.8715943 1.0203975 2.0059219 1.6813107 1.8575128 1.6601232 1.4813410 2.6010369 1.6628004 1.1493496 2.4178658 2.1853129 2.6326628 1.5692798 1.6174286 2.3608432 1.8535141 1.3062158 2.5576606 2.9025357 2.9279974 2.5404130 2.6624826 2.7080596 2.4831832 2.2514766 2.5765700 2.0690887 3.0723735 2.3837745 2.4570688 3.1222646 2.1762474 2.6973160 2.3666234 3.1900979 2.5990987 1.9714395 2.7399401 1.6388556 2.9407685 2.0126621 2.3073910 1.2963187 1.7598575 2.5935963 1.9703424 1.6313578 0.8286263 0.9696572 1.6312227 1.2318423 1.5535059 2.0808093 2.4807247 2.9893007 2.2783836 3.0945791 2.4470564 2.3666234 2.5990987 3.1795734 1.4960544 3.7212806 3.3128512 
IV_MN199007_QIN53283.1_R2R3-MYB_transcription_factor__Selaginella_moellendorffii_                                3.7633470 3.9480198 3.7927136 1.6987860 2.9773469 2.8744622 1.3924874 1.1314165 0.9395572 0.0000000 1.2800599 0.9132505 1.7815452 1.5647521 1.6888901 1.8398471 1.5983634 3.1191228 1.7670816 1.2600531 3.1453293 2.4696078 2.6445437 1.4612491 1.4937321 2.9492599 2.1509476 1.1384930 1.8522949 2.5001716 2.5662614 2.6191001 2.7521197 2.3580959 2.2412072 2.4625502 2.3229325 1.7923777 3.0670888 2.1973897 3.0925316 2.8736134 2.6798423 2.4650690 2.1992830 2.8261361 2.6660931 1.9052239 2.8595027 1.5203652 3.0199394 2.1526282 2.4775191 1.6190642 1.9610052 2.5079768 1.9655354 2.1749729 1.0194550 1.0359242 1.6839463 1.4659684 1.3077173 2.3481497 2.0439361 2.8846767 2.4653084 2.6455156 2.2458388 2.1992830 2.6660931 3.6190377 1.2087388 4.0548947 3.5045140 
IV_MN199006_QIN53282.1_R2R3-MYB_transcription_factor__Selaginella_moellendorffii_                                3.4774271 3.9096088 3.7070251 1.7683663 2.5789548 2.7376009 1.2880708 1.2143799 0.8715943 1.2800599 0.0000000 1.2046606 2.0504875 1.6059395 1.7632465 1.6590056 1.6379677 3.0945558 1.9758897 1.2655208 2.5527267 2.6116089 2.8211545 1.4990913 1.5042864 2.3226797 2.4702897 1.5182980 2.3405319 2.6899538 2.8506979 2.2748870 3.1527919 2.7111017 2.7098852 2.4345662 2.8804837 2.1265249 3.9491897 2.5892132 3.6294611 3.4488613 3.0160218 3.0637531 2.2845257 4.0341653 3.3666769 2.6054526 3.5960894 1.5345979 3.1682166 3.0123624 2.7871763 1.2705367 1.6643319 2.1434110 2.2939834 1.8755411 1.0220264 1.0800488 1.7963948 1.3926880 1.2259271 2.4856809 2.8887672 3.2189748 2.5642553 3.3325554 2.6189864 2.2845257 3.3666769 4.2702959 1.3324034 4.6755272 4.5887204 
IV_Mapoly0032s0153_PTQ41991.1_hypothetical_protein_MARPO_0032s0153__Marchantia_polymorpha_                       3.4648389 3.6915100 3.5203442 1.5844392 2.7591365 2.7461139 1.2779284 1.2298813 1.0203975 0.9132505 1.2046606 0.0000000 2.3269641 1.5647712 1.6099701 1.8023609 1.6632589 2.6775970 1.6250550 1.2110094 2.4479968 2.6274706 3.0036904 1.6481275 1.7042518 2.6380770 2.0961237 1.3900646 2.2188120 2.6503030 2.5452439 2.7950662 2.3985473 2.1740540 2.0119567 2.4899186 2.5576328 1.9335786 3.1408976 2.8564291 2.8521244 2.9366936 2.5585805 2.5746123 2.1812967 3.1464980 2.6331271 2.6639910 2.6620273 1.7860767 2.4478203 2.0000225 2.3652933 1.6505214 1.4912258 1.9578135 1.8106304 1.6542849 0.9358738 0.8788045 1.8435394 1.2740493 1.1839523 2.3809996 2.2324152 2.3831133 2.4869172 2.8782240 2.2628330 2.1812967 2.6331271 4.0715613 1.2517214 3.7184084 4.2688245 
V_Mapoly0008s0029_PTQ47242.1_hypothetical_protein_MARPO_0008s0029__Marchantia_polymorpha_                        4.5219763 5.0158399 4.6693335 2.0170595 2.9348541 2.3732546 2.2191787 1.7438183 2.0059219 1.7815452 2.0504875 2.3269641 0.0000000 1.0769368 1.1298591 1.2789893 0.8385833 2.6051460 1.5864857 1.1238833 2.8567753 2.9798569 2.8405954 1.5824512 1.7808601 2.8414994 2.7677178 1.6186145 3.0150015 3.1322056 3.7071899 3.1641033 3.2371302 2.7650804 3.2830162 3.2719550 3.1237254 3.1630355 2.8183914 3.2795931 3.6321377 3.1853866 2.6982728 3.1881006 2.5737995 3.2362081 3.0140750 2.7843426 3.8035193 1.6365620 3.3307369 3.0127509 3.8015404 1.8935732 2.2432036 2.3268054 2.1525071 2.2501693 1.7785130 1.9155502 0.9498308 1.0034712 1.2249479 2.8781544 3.9901577 2.7084479 3.8997699 3.1946289 2.6104044 2.5737995 3.0140750 3.1529844 1.0458664 6.6466514 4.4139218 
V_XM_002977602.2_XP_002977648.2_uncharacterized_protein_LOC9657152__Selaginella_moellendorffii_                  4.3406966 5.4358482 3.8850382 1.8852870 2.4742281 2.2839854 1.5135892 1.6399741 1.6813107 1.5647521 1.6059395 1.5647712 1.0769368 0.0000000 0.8547096 0.9477530 0.8766627 2.2672927 1.3563544 1.1641881 2.5058915 2.4774623 2.2009902 1.5229397 1.5367014 2.6452711 1.9361122 1.5964535 2.7347747 2.1974905 2.8318144 2.5420412 2.5027240 2.6617698 2.8720652 2.4042077 2.4616515 2.2289908 2.3875515 2.4079380 2.4869241 3.2109027 2.4782337 2.4378992 2.4208137 2.5407019 2.8201584 1.9134235 2.5139534 1.4478480 3.9846623 2.7543454 2.7146887 1.7827219 2.3973453 1.8703042 2.2695329 1.6341448 1.4848271 1.5196566 0.6194065 0.7405964 0.7320200 2.3236463 2.8323619 2.4268216 2.5394991 2.2479066 2.4356343 2.4208137 2.8201584 2.9046426 0.9561587 3.8397001 3.2269365 
V_MN199008_QIN53284.1_R2R3-MYB_transcription_factor__Selaginella_moellendorffii_                                 3.4413217 3.7900726 3.6120093 1.8342390 2.4962585 2.1658699 1.5458414 1.3726130 1.8575128 1.6888901 1.7632465 1.6099701 1.1298591 0.8547096 0.0000000 1.0851730 0.7891969 2.2213061 1.4384600 1.0959938 2.3381643 2.3155023 2.3824007 1.3569972 1.4072886 2.4988243 1.9669021 1.4343152 2.0190655 2.2900178 2.6072866 2.4913853 1.9330678 1.8617972 1.8994202 2.4382267 2.1508584 2.3436879 2.3100449 2.3280371 3.6812626 2.5071767 2.2436065 2.4647172 2.2532143 2.1960289 2.3385214 2.5109288 2.3557969 1.4043882 2.8464939 2.5428477 2.5061554 1.6960601 1.9487021 1.7980368 1.7662015 1.6991722 1.3607134 1.5395514 0.7911937 0.8744536 0.8496026 1.9990397 2.5584755 2.3672204 3.0663620 2.4057954 2.2959203 2.2532143 2.3385214 3.0026562 0.8098843 4.5706352 2.9679516 
V_MN199009_QIN53285.1_R2R3-MYB_transcription_factor__Selaginella_moellendorffii_                                 4.1670549 4.1828228 3.9013935 1.8288057 3.4973286 3.1099205 1.8397087 1.6260768 1.6601232 1.8398471 1.6590056 1.8023609 1.2789893 0.9477530 1.0851730 0.0000000 0.8557272 2.3321664 1.5743099 1.1446889 2.8859192 2.9814535 2.4522854 1.2354373 1.3483746 2.9388264 2.7252364 1.4138068 3.1881657 2.4909242 2.9414093 3.1622371 3.1149178 2.6151202 3.2483222 2.8568425 2.6918177 2.4650171 3.2225844 2.6989326 3.2138344 3.0873270 2.4818267 3.3405837 2.1906038 2.8113089 2.8205048 2.5289359 3.3756529 1.4302269 3.0714730 2.5598968 3.3362574 1.9515654 2.2975743 2.1591074 2.4014920 1.7823052 1.6525640 1.4203052 0.9875336 1.1252397 0.6779262 2.7575271 2.9462373 2.3275609 2.8036303 2.6209647 2.2095731 2.1906038 2.8205048 2.6916782 0.9862098 4.3891317 4.1406972 
V_MN199010_QIN53286.1_R2R3-MYB_transcription_factor__Selaginella_moellendorffii_                                 3.5250137 3.8635872 3.4994672 1.7637758 2.6636780 1.9215779 1.8251937 1.2255977 1.4813410 1.5983634 1.6379677 1.6632589 0.8385833 0.8766627 0.7891969 0.8557272 0.0000000 1.9230108 1.3564257 1.1126693 2.6576641 2.3368043 2.1603905 1.3021493 1.2840936 2.3595763 2.2771787 1.5131314 2.7223575 1.8888040 3.1004212 2.5686278 2.5365419 2.3666885 2.3786441 2.3118579 1.9485861 2.5943682 2.7287493 2.1191901 2.7526734 3.4295493 2.1943168 2.4484922 1.8092035 2.1054767 2.5149806 1.9334531 2.5679014 1.1796900 2.6692848 2.2715877 2.7079872 1.5829560 2.0221608 1.6864569 1.7841705 1.6692879 1.4559149 1.6174216 0.7255775 0.6933293 0.8053857 1.9872473 2.3419536 2.0847092 2.3602992 2.2694499 2.3954632 1.8092035 2.5149806 2.6364313 0.7189017 3.9008389 3.5843315 
VI_g8575.t1_length                                                                                               4.8654462 4.7184038 5.1625095 2.4034644 3.7893706 3.0224240 2.6165760 2.2539813 2.6010369 3.1191228 3.0945558 2.6775970 2.6051460 2.2672927 2.2213061 2.3321664 1.9230108 0.0000000 0.0763125 0.0691881 1.9443017 1.8360716 1.8445400 1.2309969 1.1732871 2.2483197 1.4276696 1.5800311 2.3574951 2.4741482 2.7820886 2.1991011 2.2710351 2.3930009 2.6013941 2.7048999 2.7452036 2.6686842 2.0913053 2.5682369 3.1084413 2.8450733 2.6809554 3.4438959 2.3976672 2.1783859 2.1198669 2.1172974 2.6220429 1.1698428 3.9398880 3.6115089 4.3886186 2.8986605 2.8348925 2.5964251 2.8485692 2.2467878 1.9488911 2.4008947 2.1255080 2.2162006 2.1577238 2.0098721 2.1824235 2.1445882 2.5910603 2.7027525 1.8574358 2.3976672 2.1198669 2.8236563 2.0367092 4.6277390 3.9512466 
VI_BBG43567_LC221833_MYB_transcription_factor                                                                    3.0436434 2.9475814 2.9113896 1.4025679 2.0317227 1.7826320 2.0049655 1.5389854 1.6628004 1.7670816 1.9758897 1.6250550 1.5864857 1.3563544 1.4384600 1.5743099 1.3564257 0.0763125 0.0000000 0.0916637 1.0935076 1.1334740 1.0825035 0.7683508 0.7388634 0.9020409 0.7778578 1.2228433 1.2245441 1.4525225 1.3018745 1.3755167 1.1830452 1.3397163 1.3215770 1.1274834 1.2183570 1.2356061 1.7483704 1.6451081 1.8665848 1.8633440 2.0446937 1.9981026 1.3282330 1.8377715 0.9879608 1.2655612 1.2994277 0.7618059 1.7299987 1.5597502 1.9471193 1.8120337 1.6124932 1.7103641 1.7918237 1.3471118 1.2542253 1.4802305 1.1450602 1.2683227 1.2531459 1.0635903 1.3763995 1.2896497 1.2557612 1.9382906 1.3461447 1.3282330 0.9879608 1.7497131 1.1104973 5.4327139 3.0424666 
BBG43566_LC221832_Chara_leptospora_mRNA_for_MYB_transcription_factor                                             2.6090743 2.5219458 2.5219458 1.4698823 1.4382977 1.6182840 1.3063284 1.2184584 1.1493496 1.2600531 1.2655208 1.2110094 1.1238833 1.1641881 1.0959938 1.1446889 1.1126693 0.0691881 0.0916637 0.0000000 0.7346647 0.7346647 0.8203734 0.7944321 0.7651390 0.7961577 0.8023915 1.2446275 0.9462773 0.9710653 1.0521594 0.9163703 0.9395278 1.0572361 1.0478027 1.0255173 1.0502123 1.0522178 1.4362817 1.1817724 1.3195567 1.4355637 1.4537005 1.3653613 0.9772162 1.3122318 0.8565575 1.1112314 0.9782091 0.7875938 1.2402599 1.3869368 1.4293666 1.4845576 1.5888496 1.5022193 1.6136049 0.9293834 1.1050242 1.3264100 1.0405073 1.0050603 1.2190614 0.8578461 0.9942959 0.9282364 0.9993956 1.2742932 1.1400614 0.9772162 0.8565575 1.3193930 1.0512804 3.7676189 1.6815914 
VI_Mapoly0019s0071.1                                                                                             3.5535675 3.9530433 3.5815571 2.4404379 2.8302268 3.4012672 2.6468766 2.0135631 2.4178658 3.1453293 2.5527267 2.4479968 2.8567753 2.5058915 2.3381643 2.8859192 2.6576641 1.9443017 1.0935076 0.7346647 0.0000000 0.6282999 0.7268336 0.1799870 0.1666646 0.6660708 0.7421535 1.0098327 1.7222592 1.8104956 2.1569409 1.9637625 2.4719612 1.9120380 1.8854883 1.7597846 2.0317874 1.7364257 2.5395583 2.2194782 2.3498691 2.5789241 2.1720195 2.5368408 2.2678255 2.2874588 1.9893762 1.6373624 1.7564413 0.2228147 2.0991573 3.7733294 3.8494769 2.2446670 2.0554476 2.3028086 3.3834228 2.1422595 1.7576871 2.1460453 1.7998469 1.5842949 2.0267714 0.8690106 1.8518249 2.1097873 2.1608174 1.8917962 1.7078628 2.2678255 1.9893762 2.5157869 1.6538278 6.3920016 3.4699226 
VI_XM_024688730.1__XP_024544498.1                                                                                3.4608050 4.0084592 3.5447953 2.1009996 3.6546561 2.8917822 2.7121446 1.9271423 2.1853129 2.4696078 2.6116089 2.6274706 2.9798569 2.4774623 2.3155023 2.9814535 2.3368043 1.8360716 1.1334740 0.7346647 0.6282999 0.0000000 0.7363198 0.1036312 0.0864207 0.6785193 0.7296866 0.9692300 2.0654872 1.8228307 1.8371948 1.7901611 2.3538023 2.0568695 1.7811507 1.9086789 2.0737325 1.6401363 2.4752284 2.1278892 2.5273569 2.2438847 2.1432840 2.2599231 1.9738453 2.1198652 1.8206982 1.4422629 1.8008694 0.1289796 2.0268970 3.0387245 3.2682847 2.1082785 1.7226302 2.6939871 2.9417034 2.1094895 1.8520412 2.0088382 1.9994917 1.6672433 1.9184795 0.7237592 1.5717367 2.0076026 2.0163834 1.7566375 1.5051477 1.9738453 1.8206982 2.3068203 1.4486687 3.9933477 3.4421984 
VI_XM_024688389.1_XP_024524157.1_transcription_repressor_MYB4__Selaginella_moellendorffii_                       4.3273559 4.1752306 3.7322580 2.0381821 2.8974819 3.0093253 2.6679742 1.9847669 2.6326628 2.6445437 2.8211545 3.0036904 2.8405954 2.2009902 2.3824007 2.4522854 2.1603905 1.8445400 1.0825035 0.8203734 0.7268336 0.7363198 0.0000000 0.2016801 0.1508256 0.9504705 0.8880403 1.0400523 1.9339892 1.7296428 2.2388252 2.2766814 2.3478512 2.0866780 2.0973124 2.0283504 1.9734311 1.6419162 2.1420522 2.0382459 1.9437722 2.4872282 2.0748357 2.1531574 1.9095705 2.1879416 1.5437739 1.3809212 1.8632061 0.2362089 1.8998198 3.0096276 2.2718573 2.1765783 2.3075526 2.1362527 2.8718258 1.8885582 2.0322781 2.2861362 1.8105318 1.6920839 2.0153134 0.9133389 1.8075806 1.8698699 2.1017964 1.8890290 1.8522887 1.9095705 1.5437739 1.6107243 1.6905462 8.3606819 3.5411649 
VI_Sacu_v1.1_s1503.g028048_Myb_transcription_factor__0.077_                                                      2.7937820 2.7258622 3.1410450 2.1922523 2.6472191 2.3382918 1.6622590 1.4664561 1.5692798 1.4612491 1.4990913 1.6481275 1.5824512 1.5229397 1.3569972 1.2354373 1.3021493 1.2309969 0.7683508 0.7944321 0.1799870 0.1036312 0.2016801 0.0000000 0.0000010 0.3312799 0.2605001 0.9790244 1.0277954 1.0136969 1.0711896 1.0920987 1.2872103 1.1519981 1.2084956 1.0383034 0.9818098 1.1634922 1.5971353 1.3519609 1.5355046 1.7086290 1.4726289 1.2644185 1.3485208 1.2556800 1.3646033 0.9934146 0.9296315 0.0748160 1.1691844 1.9942497 1.9835930 1.6733769 1.9173600 1.6362148 1.8803804 1.4350658 1.2162811 1.4645829 1.2318142 1.1474210 1.5647225 0.3904466 0.9082798 1.1785877 1.2409237 1.0927526 1.0813294 1.3485208 1.3646033 1.5346990 1.5565500 4.4548901 1.9273894 
VI_Sacu_v1.1_s0147.g023157_Myb_transcription_factor__0.077_                                                      2.8845813 2.8052257 3.2853399 2.1094211 2.6132573 2.2842177 1.7114784 1.3017740 1.6174286 1.4937321 1.5042864 1.7042518 1.7808601 1.5367014 1.4072886 1.3483746 1.2840936 1.1732871 0.7388634 0.7651390 0.1666646 0.0864207 0.1508256 0.0000010 0.0000000 0.2256599 0.2497159 1.0231361 1.0847192 0.8927265 0.9832583 1.0403755 1.2044030 1.1376972 1.1452005 1.0989164 1.0542119 1.0821317 1.6955631 1.3780401 1.6329879 1.7944665 1.5055599 1.3056371 1.2612938 1.2728780 1.2552156 1.0055004 0.9163057 0.0646134 1.1471554 2.0717820 1.9099385 1.6656141 1.7553318 1.6735226 2.1117693 1.2572635 1.2329574 1.5053008 1.2133275 1.1654786 1.4852094 0.3805850 0.9744159 1.2124638 1.1403119 1.1191477 1.1071935 1.2612938 1.2552156 1.5622819 1.2653113 3.8696876 2.3008820 
VI_MA_130648p0010_437_residues__                                                                                 4.0953312 4.0013493 3.9707261 2.2321826 3.0687614 3.6353299 2.9124347 2.0916553 2.3608432 2.9492599 2.3226797 2.6380770 2.8414994 2.6452711 2.4988243 2.9388264 2.3595763 2.2483197 0.9020409 0.7961577 0.6660708 0.6785193 0.9504705 0.3312799 0.2256599 0.0000000 0.7781217 1.0870739 2.1048339 2.2010393 2.2033135 2.0497749 2.4196381 2.3499478 2.1573793 2.1143009 2.4280379 2.1218514 2.6012846 2.1428232 2.4003760 2.7682335 1.9041550 2.4321230 2.3192661 2.1569727 2.0137121 1.5426564 1.6987083 0.3761380 1.7969194 3.4060632 3.9628617 2.3454007 2.1765453 2.4638397 2.9227129 2.1511037 1.4817620 1.7401334 1.9494785 1.8639429 1.9614832 1.1133231 1.9711180 1.6830736 2.2096202 1.9636421 1.8696705 2.3192661 2.0137121 2.2925741 2.0546925 8.4621145 2.7536650 
VI_AmTr_v1.0_scaffold00111.43_locus_evm_27.TU.AmTr_v1.0_scaffold00111.43                                         3.7348729 3.6356148 4.7925193 2.0332000 3.2856224 3.1820863 2.7754071 2.0703986 1.8535141 2.1509476 2.4702897 2.0961237 2.7677178 1.9361122 1.9669021 2.7252364 2.2771787 1.4276696 0.7778578 0.8023915 0.7421535 0.7296866 0.8880403 0.2605001 0.2497159 0.7781217 0.0000000 1.0039798 1.5858098 1.4172555 1.8736356 1.4044916 1.8050529 1.5277444 1.6737654 1.6963574 1.8426911 1.4981226 1.7310501 1.5342908 2.0824189 2.3224972 1.8925408 2.0295298 1.9766128 1.7982926 1.6933514 1.2856218 1.5984064 0.3094391 1.6226408 2.4092918 2.4460282 2.1254476 2.3999354 2.2415650 2.6667137 1.8439598 1.4387802 1.8626017 1.6847756 1.4963838 1.5232562 0.6725079 1.2219509 1.4886494 1.3389519 1.1743797 1.4541354 1.9766128 1.6933514 1.9601682 1.6412207 3.5130887 2.1962661 
VII_HAOX-0009745                                                                                                 3.0751758 3.0875637 2.9810807 1.6210858 1.9200302 1.8595963 1.6276515 1.1960149 1.3062158 1.1384930 1.5182980 1.3900646 1.6186145 1.5964535 1.4343152 1.4138068 1.5131314 1.5800311 1.2228433 1.2446275 1.0098327 0.9692300 1.0400523 0.9790244 1.0231361 1.0870739 1.0039798 0.0000000 0.5423464 0.5253291 0.8956726 0.6548370 0.9107836 0.3932949 0.5298595 0.8694750 0.5325533 0.5434623 0.8107301 0.8727964 1.2186381 1.1872091 1.0367718 0.7735134 0.7009544 0.7913985 0.8351065 0.8706252 1.0320936 0.9611105 0.7923846 1.6698457 1.5546939 1.6747394 1.3047836 1.7321716 1.5710931 1.3016159 1.3110317 1.0956167 1.5893470 1.2850855 1.5536737 1.0836808 0.4957253 0.7310100 0.6854106 0.8963548 1.2788532 0.7009544 0.8351065 0.9301005 1.4382913 4.9830633 1.4566349 
VII_Mp3g05910.1                                                                                                  3.2671067 3.6900133 3.9189058 1.7686570 3.1335154 4.0243017 2.3314065 1.7707768 2.5576606 1.8522949 2.3405319 2.2188120 3.0150015 2.7347747 2.0190655 3.1881657 2.7223575 2.3574951 1.2245441 0.9462773 1.7222592 2.0654872 1.9339892 1.0277954 1.0847192 2.1048339 1.5858098 0.5423464 0.0000000 1.1230635 1.6311229 1.3659594 1.5309796 0.7794855 0.8599131 1.1310438 1.0981151 1.1061556 1.4819659 1.7456673 2.3756214 2.0759947 2.0347806 1.9088726 1.2110788 1.5801017 1.3351466 1.4589721 1.5238921 0.9542761 1.6776459 3.8134342 3.9525769 2.2963606 1.7908730 2.6395304 1.6717689 2.1713004 1.9600021 2.0302808 2.1243444 2.0247420 1.8526089 1.6906114 1.2349756 1.5396120 1.2703003 1.5475576 1.5790810 1.2110788 1.3351466 1.8479773 2.0404818 4.8496255 2.2108427 
VII_ENA_MN199011_MN199011.1_Selaginella_moellendorffii                                                           4.4583856 4.9258089 4.7700165 2.2572184 3.1582230 3.0144687 2.6997302 1.9834425 2.9025357 2.5001716 2.6899538 2.6503030 3.1322056 2.1974905 2.2900178 2.4909242 1.8888040 2.4741482 1.4525225 0.9710653 1.8104956 1.8228307 1.7296428 1.0136969 0.8927265 2.2010393 1.4172555 0.5253291 1.1230635 0.0000000 1.7825898 1.5702185 1.6817311 1.3488251 1.3592186 1.3131775 1.2339864 1.2801036 1.3138597 1.3893101 1.6556425 1.8582852 1.6075452 1.6993427 1.3096733 1.5115620 1.6547578 1.2987419 1.7488153 0.9551758 1.9235304 3.6159661 4.0918035 2.6976177 2.0038317 2.3713791 2.4111347 1.8504992 2.1812349 1.9086205 2.1435085 2.2119062 1.9519852 1.4874673 1.0492508 1.0516668 1.4740496 1.1913493 1.3484258 1.3096733 1.6547578 1.6364811 2.5808574 7.8687313 3.1379778 
VII_Sacu_v1.1_s0002.g001222_Myb_transcription_factor__0.077_                                                     4.0271461 4.5659942 4.2074370 2.5655050 3.3578062 3.7707052 2.6585003 2.2688302 2.9279974 2.5662614 2.8506979 2.5452439 3.7071899 2.8318144 2.6072866 2.9414093 3.1004212 2.7820886 1.3018745 1.0521594 2.1569409 1.8371948 2.2388252 1.0711896 0.9832583 2.2033135 1.8736356 0.8956726 1.6311229 1.7825898 0.0000000 1.2620715 1.7814559 1.7344633 1.8924569 1.5876957 1.9330550 1.9683401 1.8089997 2.1701999 2.6991603 2.7434298 2.2460514 2.2795494 1.6795254 2.2743752 1.3316810 2.3358825 2.0403000 1.0804532 2.4389430 3.9533277 4.4625465 2.7974686 2.8246256 2.6937525 2.4828735 2.2359923 2.4262917 2.9994725 2.4555998 2.2268554 2.2678826 1.6907623 1.6740046 2.0034093 1.7607614 1.7748729 1.9376260 1.6795254 1.3316810 2.3030343 2.5423564 5.4451151 3.0636472 
VII_Sacu_v1.1_s0041.g012546_Myb_transcription_factor__0.077_                                                     3.2988897 3.6756900 4.3748550 2.2120503 3.2814111 3.2378141 2.7553708 2.0431905 2.5404130 2.6191001 2.2748870 2.7950662 3.1641033 2.5420412 2.4913853 3.1622371 2.5686278 2.1991011 1.3755167 0.9163703 1.9637625 1.7901611 2.2766814 1.0920987 1.0403755 2.0497749 1.4044916 0.6548370 1.3659594 1.5702185 1.2620715 0.0000000 1.3572474 1.4616436 1.4902051 1.5753634 1.6170685 1.5567379 1.8517881 1.7716867 2.2563953 2.2253009 2.3224526 1.8995025 0.7916575 1.8616244 1.1781148 1.4813676 1.6594092 1.0857619 2.1451371 3.3156904 3.7365196 2.3736212 2.1313389 2.2481843 2.2659697 2.0577426 1.9634262 2.5392337 2.2650373 1.9605592 2.2678755 1.5315229 1.2707550 1.7317285 1.4289539 1.8041245 2.0324788 0.7916575 1.1781148 2.0102569 2.2460844 3.8699958 3.1889140 
VII_Sacu_v1.1_s0272.g027033_Myb_transcription_factor__0.077_                                                     3.0841626 3.4095270 4.0736476 1.9921095 2.8527095 3.0850753 2.3967309 2.0359066 2.6624826 2.7521197 3.1527919 2.3985473 3.2371302 2.5027240 1.9330678 3.1149178 2.5365419 2.2710351 1.1830452 0.9395278 2.4719612 2.3538023 2.3478512 1.2872103 1.2044030 2.4196381 1.8050529 0.9107836 1.5309796 1.6817311 1.7814559 1.3572474 0.0000000 1.7559341 2.1110356 2.0065720 2.1778584 1.5756788 1.5730286 1.7494111 2.5639870 2.1620944 2.3754217 2.3198821 1.3062854 1.9022560 1.2019656 1.7525413 1.8966120 1.2587059 1.9817610 3.7266278 3.9157359 2.4395332 2.1741838 2.2428698 2.3428441 1.8207855 1.8066024 2.1727513 2.3257846 2.2814626 2.4382095 1.9485621 1.5334501 1.6333720 2.0210060 1.6281006 1.3258444 1.3062854 1.2019656 1.9844544 2.1113545 4.7548253 2.9294581 
VII_MA_96853p0010_582_residues__                                                                                 3.1610429 3.6285006 3.4647853 2.0268989 2.5634763 3.5845583 2.5958933 2.0811970 2.7080596 2.3580959 2.7111017 2.1740540 2.7650804 2.6617698 1.8617972 2.6151202 2.3666885 2.3930009 1.3397163 1.0572361 1.9120380 2.0568695 2.0866780 1.1519981 1.1376972 2.3499478 1.5277444 0.3932949 0.7794855 1.3488251 1.7344633 1.4616436 1.7559341 0.0000000 0.5946119 1.4023624 0.9087488 0.7771783 1.5462644 1.5717979 2.2686910 1.9981294 2.2460637 1.6788113 1.2467343 1.9968849 1.6521754 1.5717252 1.5931101 1.0994941 2.2274852 2.9373141 3.0851344 2.4832416 1.8824646 2.2705335 2.2749489 2.1653435 2.0153883 2.1699850 2.1159002 1.8538932 1.8857576 1.8075574 1.0073877 1.4409393 1.0538314 1.5492783 1.8944661 1.2467343 1.6521754 1.6676789 1.8653531 4.1874210 2.4319881 
VII_MA_10208000p0010_602_residues__                                                                              3.4168419 3.8971897 3.7731433 2.1681499 3.0239390 3.3512145 2.5017290 2.3410326 2.4831832 2.2412072 2.7098852 2.0119567 3.2830162 2.8720652 1.8994202 3.2483222 2.3786441 2.6013941 1.3215770 1.0478027 1.8854883 1.7811507 2.0973124 1.2084956 1.1452005 2.1573793 1.6737654 0.5298595 0.8599131 1.3592186 1.8924569 1.4902051 2.1110356 0.5946119 0.0000000 1.3345724 0.7570440 0.9521723 1.5662166 1.6051028 2.3437777 1.8735956 2.0076927 1.7574265 1.5535662 1.7933910 1.7531211 1.5683802 1.6345841 1.1559958 1.9937522 3.0801467 3.2187695 3.0596119 2.1689401 3.0300076 2.2490093 2.4408463 1.9628402 2.1383792 2.1413301 1.9297621 1.8204998 1.4679915 1.0151394 1.7436053 1.1598309 1.6899878 1.8805432 1.5535662 1.7531211 1.8126257 2.0194691 3.3511136 2.7112499 
VII_MA_20462p0010_470_residues__                                                                                 2.8700516 3.3551010 3.4463515 2.0913659 2.7371859 3.0668632 2.5715418 2.1254096 2.2514766 2.4625502 2.4345662 2.4899186 3.2719550 2.4042077 2.4382267 2.8568425 2.3118579 2.7048999 1.1274834 1.0255173 1.7597846 1.9086789 2.0283504 1.0383034 1.0989164 2.1143009 1.6963574 0.8694750 1.1310438 1.3131775 1.5876957 1.5753634 2.0065720 1.4023624 1.3345724 0.0000000 1.5459242 1.3331304 1.6299096 1.6070706 2.2747763 1.9087828 2.2866164 1.8266033 1.5590698 1.7592030 1.5627520 1.6112696 1.4948882 1.0621362 2.0394606 3.3007751 3.2252742 2.1137995 2.2747465 2.4498666 2.0241497 2.3417387 1.7546953 2.1273735 2.2530770 1.6536980 1.5707659 1.9351725 1.3038749 1.6324775 1.5180236 1.4689175 1.5267081 1.5590698 1.5627520 2.0513265 2.4660211 5.4323878 2.1687447 
VII_AmTr_v1.0_scaffold00038.91                                                                                   3.4504204 3.8158585 3.5604007 2.1897112 3.3879918 3.5099991 2.4978915 2.1571300 2.5765700 2.3229325 2.8804837 2.5576328 3.1237254 2.4616515 2.1508584 2.6918177 1.9485861 2.7452036 1.2183570 1.0502123 2.0317874 2.0737325 1.9734311 0.9818098 1.0542119 2.4280379 1.8426911 0.5325533 1.0981151 1.2339864 1.9330550 1.6170685 2.1778584 0.9087488 0.7570440 1.5459242 0.0000000 1.1113443 1.7190238 1.8425161 2.2287540 2.1543751 2.3806172 2.1451362 1.5346391 2.1540133 1.8754026 1.7041595 1.6408761 1.0009797 2.2688101 3.3469613 3.6673436 2.2000309 2.2776268 2.9111040 2.3003134 2.6828912 2.1350831 2.8342216 2.4998900 1.9283074 1.8487688 1.7381962 1.2081198 1.8412850 1.2967747 1.6895367 2.0136572 1.5346391 1.8754026 2.0050913 2.2343263 3.5798572 3.0153506 
VII_AmTr_v1.0_scaffold00037.85                                                                                   3.0697736 3.3109071 3.2404704 2.0011458 2.4712655 2.8269626 1.9734176 1.7543560 2.0690887 1.7923777 2.1265249 1.9335786 3.1630355 2.2289908 2.3436879 2.4650171 2.5943682 2.6686842 1.2356061 1.0522178 1.7364257 1.6401363 1.6419162 1.1634922 1.0821317 2.1218514 1.4981226 0.5434623 1.1061556 1.2801036 1.9683401 1.5567379 1.5756788 0.7771783 0.9521723 1.3331304 1.1113443 0.0000000 1.4490224 1.7272937 2.1739492 1.7507194 2.1579662 1.6210541 1.4176140 1.6109694 1.7793813 1.6068620 1.6285471 1.1103060 2.0699994 2.5546090 3.1706215 1.9812464 2.5482914 2.2441826 2.1026728 2.3739499 1.8553769 2.2220192 2.3310707 2.2156617 1.8275365 1.6095247 0.9618758 1.8310697 1.4834494 1.4665990 1.5646652 1.4176140 1.7793813 1.9798559 2.0115727 4.6139951 2.7167948 
VIII_MN199016_QIN53292.1_R2R3-MYB_transcription_factor__Selaginella_moellendorffii_                              5.2301334 4.8965484 4.7682748 2.0413412 2.8531906 2.6567284 2.5150966 2.1443573 3.0723735 3.0670888 3.9491897 3.1408976 2.8183914 2.3875515 2.3100449 3.2225844 2.7287493 2.0913053 1.7483704 1.4362817 2.5395583 2.4752284 2.1420522 1.5971353 1.6955631 2.6012846 1.7310501 0.8107301 1.4819659 1.3138597 1.8089997 1.8517881 1.5730286 1.5462644 1.5662166 1.6299096 1.7190238 1.4490224 0.0000000 0.9768319 1.5114476 1.4364979 1.3864405 1.3088381 1.7083260 1.3327817 1.6537990 1.9778628 1.3173677 1.6301766 1.3624080 3.8152983 3.0491044 2.5207977 1.8975644 2.6533567 2.4310371 2.6326244 2.6078033 2.2341839 2.3198277 2.3041848 2.3076971 2.1035499 1.3689921 1.4853144 1.4755662 0.9502258 1.4655368 1.7083260 1.6537990 1.2510090 2.4696466 4.9227012 2.0959755 
VIII_XM_024668296.1_XP_024524064.1_transcription_factor_MYB26__Selaginella_moellendorffii_                       2.9334784 3.1109777 3.3146630 2.1642626 3.2773606 2.7859740 3.0423138 2.2133201 2.3837745 2.1973897 2.5892132 2.8564291 3.2795931 2.4079380 2.3280371 2.6989326 2.1191901 2.5682369 1.6451081 1.1817724 2.2194782 2.1278892 2.0382459 1.3519609 1.3780401 2.1428232 1.5342908 0.8727964 1.7456673 1.3893101 2.1701999 1.7716867 1.7494111 1.5717979 1.6051028 1.6070706 1.8425161 1.7272937 0.9768319 0.0000000 1.3845704 1.3082669 1.5125536 1.5797343 1.6882102 1.5887302 1.9906824 1.4789955 1.0841678 1.3785823 1.2595190 2.5896968 2.4390974 2.2839692 2.1647957 2.5975281 2.4359128 2.9768137 2.0776359 2.5613061 2.3172680 2.5404622 2.0560003 1.7701435 1.6828799 1.4958604 1.5719990 0.8645615 1.4953197 1.6882102 1.9906824 1.2577440 2.0081503 4.4925500 1.8566373 
VIII_Mapoly0073s0038_PTQ35164.1_hypothetical_protein_MARPO_0073s0038__Marchantia_polymorpha_                     4.5978391 5.1993295 5.6588467 2.2680172 3.5306644 3.6404832 3.2315325 2.5345167 2.4570688 3.0925316 3.6294611 2.8521244 3.6321377 2.4869241 3.6812626 3.2138344 2.7526734 3.1084413 1.8665848 1.3195567 2.3498691 2.5273569 1.9437722 1.5355046 1.6329879 2.4003760 2.0824189 1.2186381 2.3756214 1.6556425 2.6991603 2.2563953 2.5639870 2.2686910 2.3437777 2.2747763 2.2287540 2.1739492 1.5114476 1.3845704 0.0000000 1.2653484 1.3865947 1.6879601 1.9993476 1.8712908 2.2946375 1.9192659 1.9535786 1.5501986 1.7518268 3.6008549 3.1849652 2.5787454 2.5776928 3.2319991 2.9890264 2.8866775 2.3974918 2.6972889 2.7669046 2.8676963 2.5274996 2.4978887 2.0321841 2.0941287 2.6104905 1.3772405 1.6547580 1.9993476 2.2946375 1.2504018 2.3506985 4.3655206 3.1216349 
VIII_Mapoly0006s0226_PTQ48220.1_hypothetical_protein_MARPO_0006s0226__Marchantia_polymorpha_                     4.4409290 5.2467607 5.0823709 2.2689795 4.2885864 4.1022158 2.8592948 2.2570991 3.1222646 2.8736134 3.4488613 2.9366936 3.1853866 3.2109027 2.5071767 3.0873270 3.4295493 2.8450733 1.8633440 1.4355637 2.5789241 2.2438847 2.4872282 1.7086290 1.7944665 2.7682335 2.3224972 1.1872091 2.0759947 1.8582852 2.7434298 2.2253009 2.1620944 1.9981294 1.8735956 1.9087828 2.1543751 1.7507194 1.4364979 1.3082669 1.2653484 0.0000000 1.4055735 1.3996657 2.3082882 1.5700098 2.2282285 2.3260698 1.6525042 1.7549697 1.3768994 3.0087749 2.8900742 2.2845205 2.1682232 3.7387263 2.2073101 3.5085545 2.4321920 2.8058073 2.3156231 2.6804361 2.5564750 2.1679724 1.9521828 2.1355271 2.3851973 1.3386119 1.8755189 2.3082882 2.2282285 1.1429101 2.2104697 4.5121488 3.0887321 
VIII_XM_024680104.1_XP_024535872.1_transcription_factor_MYB8-like__Selaginella_moellendorffii_                   3.5427937 4.2163136 3.5837093 2.0243859 3.6837712 3.5235083 2.8526847 1.9765924 2.1762474 2.6798423 3.0160218 2.5585805 2.6982728 2.4782337 2.2436065 2.4818267 2.1943168 2.6809554 2.0446937 1.4537005 2.1720195 2.1432840 2.0748357 1.4726289 1.5055599 1.9041550 1.8925408 1.0367718 2.0347806 1.6075452 2.2460514 2.3224526 2.3754217 2.2460637 2.0076927 2.2866164 2.3806172 2.1579662 1.3864405 1.5125536 1.3865947 1.4055735 0.0000000 1.5788379 2.0142217 1.4241819 2.3648494 1.7820246 1.7599907 1.5619015 1.4004898 3.4960933 2.9528791 2.7920482 2.3259324 2.6931403 2.6067211 2.5542305 1.7689419 2.0657180 2.4438320 2.2169358 2.0556669 2.2033235 2.3535370 1.3137536 2.1472267 1.4127667 1.3130965 2.0142217 2.3648494 1.2946481 2.0315076 5.5230610 2.7796338 
VIII_MN199020_QIN53296.1_R2R3-MYB_transcription_factor__Selaginella_moellendorffii_                              3.2083700 4.1360127 4.0211085 2.2256078 3.0626105 3.7596882 2.2912067 2.1717738 2.6973160 2.4650690 3.0637531 2.5746123 3.1881006 2.4378992 2.4647172 3.3405837 2.4484922 3.4438959 1.9981026 1.3653613 2.5368408 2.2599231 2.1531574 1.2644185 1.3056371 2.4321230 2.0295298 0.7735134 1.9088726 1.6993427 2.2795494 1.8995025 2.3198821 1.6788113 1.7574265 1.8266033 2.1451362 1.6210541 1.3088381 1.5797343 1.6879601 1.3996657 1.5788379 0.0000000 2.2493541 1.6676782 2.2547318 2.0646676 1.8478106 1.4141912 1.5166079 2.8448017 2.5488101 2.2206120 1.7646816 2.4094249 2.9300851 2.7136276 2.4902835 2.6075418 2.2716688 2.0681975 2.1542799 2.2911934 1.8405150 1.9450767 1.8853614 1.2663832 1.5185883 2.2493541 2.2547318 1.2110648 1.6390491 4.1733769 2.7881771 
Azfi_s0004.g008455                                                                                               4.1985857 4.6436870 5.4018485 2.0360140 3.0131553 3.2060495 2.4530316 2.3295175 2.3666234 2.1992830 2.2845257 2.1812967 2.5737995 2.4208137 2.2532143 2.1906038 1.8092035 2.3976672 1.3282330 0.9772162 2.2678255 1.9738453 1.9095705 1.3485208 1.2612938 2.3192661 1.9766128 0.7009544 1.2110788 1.3096733 1.6795254 0.7916575 1.3062854 1.2467343 1.5535662 1.5590698 1.5346391 1.4176140 1.7083260 1.6882102 1.9993476 2.3082882 2.0142217 2.2493541 0.0000000 2.0121064 1.1058190 1.7900236 1.5761694 1.1913463 1.9367855 3.0754668 3.6939589 2.1582367 2.4535432 2.1987649 2.4387478 2.2571906 1.7892258 1.7942229 1.8256591 1.7816177 1.9530300 1.7242563 1.4049100 1.7091181 1.6746066 1.8030632 1.7262153 0.0000010 1.1058190 2.0935904 1.9430056 4.4673008 3.2447637 
Azfi_s0014.g013584                                                                                               3.3533642 3.5508280 4.2111554 2.0887802 3.0715415 2.9631396 3.2013795 2.0167132 3.1900979 2.8261361 4.0341653 3.1464980 3.2362081 2.5407019 2.1960289 2.8113089 2.1054767 2.1783859 1.8377715 1.3122318 2.2874588 2.1198652 2.1879416 1.2556800 1.2728780 2.1569727 1.7982926 0.7913985 1.5801017 1.5115620 2.2743752 1.8616244 1.9022560 1.9968849 1.7933910 1.7592030 2.1540133 1.6109694 1.3327817 1.5887302 1.8712908 1.5700098 1.4241819 1.6676782 2.0121064 0.0000000 1.7767911 1.7799022 1.5835717 1.2900757 1.4175450 3.8103946 4.7032323 2.5340877 2.1728075 2.8852350 2.7568804 2.7389647 2.6453263 2.6417241 2.0800801 2.1382045 1.8820269 1.8899789 1.7749840 1.8910511 2.0382477 1.3493066 1.3827676 2.0121064 1.7767911 1.4683639 2.3999242 4.9529814 2.3433307 
