75
CDC5_XM_024686040.1_XP_024541808.1_cell_division_cycle_5-like_protein                                            0.0000000 0.0230454 0.3299421 3.3916344 3.8821123 5.1618988 4.6956234 4.4573989 5.5424179 5.4701964 5.2043904 4.9571258 4.8986398 4.7217932 4.3518267 4.0723894 4.0238897 5.4918563 3.8267734 3.3336928 4.9237772 4.9138914 5.8143758 4.1102372 4.2155994 5.5993089 4.4186027 3.5627557 4.2184173 4.6497022 4.8422965 4.2081133 4.2053206 4.1657377 4.2876905 4.0295291 4.8503777 4.6774353 5.6904152 4.1256779 4.6611238 5.1615707 4.2221264 4.0884030 4.5112037 5.0024301 4.1037698 4.2824669 4.4065898 3.9002438 4.7357604 4.8743192 5.1150732 3.3578279 3.6046852 4.9587198 4.5052322 4.6347667 3.4370188 4.4864408 3.2897501 3.0577110 3.0443028 5.7119721 4.4486993 5.9126315 4.4615233 3.7703869 4.4135729 4.5112037 4.1037698 4.7520147 3.5325036 5.4049363 5.4534487 
CDC5_XM_002981114.2_XP_002981160.1_cell_division_cycle_5-like_protein__Selaginella_moellendorffii_               0.0230454 0.0000000 0.3817103 3.3830889 4.1393157 5.6453714 4.8410049 4.3849768 5.8716992 6.0321328 5.5649017 5.2260318 5.6762543 5.4093962 4.5729050 4.2298981 4.5953811 5.8649134 3.5724670 3.0861108 5.1059589 5.3917451 5.2913563 3.8495272 3.9229080 5.3194997 4.4985947 3.4963715 4.4260199 4.9535392 5.2758553 4.5496766 4.7642265 4.3692096 4.5324384 4.9603661 5.2255766 4.8706691 5.3362476 4.2695369 4.9991761 5.4838877 4.7904465 5.0122032 4.6417950 5.0186904 4.6323903 4.2257820 5.4814139 3.6472205 4.8790303 5.3721022 5.8328437 3.4471613 3.5401515 4.8294556 4.5580113 4.8538554 3.7384801 5.1539617 3.5993763 3.5389239 3.0293797 5.6010786 4.9380372 5.7687211 4.8205888 3.7821316 4.4128010 4.6417950 4.6323903 5.2942479 3.6019038 6.3015535 5.7304138 
CDC5_Mapoly0014s0195_PTQ45693.1_hypothetical_protein_MARPO_0014s0195__Marchantia_polymorpha_                     0.3299421 0.3817103 0.0000000 3.2843701 3.9001376 5.5242846 4.9670566 4.7214486 5.6227153 5.5781702 5.8787913 4.7900338 5.2534193 4.4509805 4.4528240 4.2361460 4.3676211 6.4902560 3.5327091 3.0861108 5.0440734 5.3467695 5.0550731 4.2725226 4.3916865 5.9222786 5.4829981 3.4752781 4.5708216 5.2546276 5.0923257 5.3642805 5.6022970 4.3601203 4.4549468 4.8179702 4.9692187 4.5996734 5.3647769 4.2963239 5.3704691 5.6383174 4.7809881 4.8421877 5.1073034 5.3724918 4.9939972 4.4012888 4.9738625 3.9528122 4.8838121 4.9920674 5.4834218 3.7376757 3.3453709 4.8730540 4.8118284 4.9163203 3.9595158 4.7894854 3.8057913 3.4655996 3.1500564 6.2350807 5.0891804 5.9052163 4.7421287 4.1574221 4.7543779 5.1073034 4.9939972 5.6679379 3.6115196 5.1671464 5.6936899 
I_Mapoly0085s0092_PTQ33890.1_hypothetical_protein_MARPO_0085s0092__Marchantia_polymorpha_                        3.3916344 3.3830889 3.2843701 0.0000000 1.8038219 1.6050553 1.8752444 1.5709366 2.0312703 1.8378368 2.0076016 1.9192927 2.5239054 2.0827913 2.1648011 2.0787351 1.7216913 2.7562039 1.7809593 1.7883841 2.8510523 2.3756597 2.3097426 2.1556764 1.9316211 2.8743074 2.5831796 1.7175731 1.7819972 2.3121420 2.8184431 2.2517502 2.0453838 2.4379115 2.0773616 2.1322109 2.3471995 2.0940621 1.9997689 2.1244643 2.1491358 2.3163906 2.4560145 2.3648304 2.0610832 2.1040386 2.1676774 2.5416982 1.8690306 2.3001571 2.5014723 2.0099292 1.9723530 1.6682758 1.6578927 1.7146576 1.9424493 2.4538553 1.7067287 2.0584798 1.4767069 2.0142639 1.6637778 2.5145095 2.1857537 2.1721792 2.0505064 2.0697450 2.4835899 2.0610832 2.1676774 1.9721639 2.0350177 4.4309571 3.0440462 
II_Mapoly0001s0061_PTQ49997.1_hypothetical_protein_MARPO_0001s0061__Marchantia_polymorpha_                       3.8821123 4.1393157 3.9001376 1.8038219 0.0000000 2.1048982 2.9861661 3.1472292 2.6938574 3.0083252 2.7028856 3.0094194 3.3742606 2.9436281 2.8161876 3.8571250 3.0708163 4.5436399 2.2288593 1.6864708 4.0241019 4.3175140 3.6825790 2.6065007 2.4944916 4.1555242 3.6348905 2.2708357 3.5061881 3.5003478 4.9500448 4.3314507 3.9510555 3.5225332 3.3316268 3.3705960 4.2083374 3.0884711 2.9013860 3.0523934 3.9718798 4.2892631 3.7649159 3.0323246 3.2974559 3.4522425 3.6803570 2.7214125 3.2802257 2.6726294 3.3078236 2.7572693 2.9986783 1.7649283 1.8720889 1.7697974 1.7264742 2.8553914 2.2818845 2.6249636 2.3587530 2.6240940 2.3307831 3.4945504 3.3909118 3.7582834 3.6019404 2.6421364 3.2188823 3.2974559 3.6803570 4.2854358 2.3455510 7.8606743 4.7567078 
III_XM_002991980.2_XP_002992026.2_myb-related_protein_B__Selaginella_moellendorffii_                             5.1618988 5.6453714 5.5242846 1.6050553 2.1048982 0.0000000 2.7084843 2.3618239 3.5221739 3.1546153 3.1191321 3.2287451 3.4404034 2.9520104 2.5854618 3.8192898 2.5422192 3.7281914 2.0633408 1.9261135 4.2295107 3.6662632 3.7590598 2.3137112 2.1577410 4.0525468 3.3653615 2.0123553 4.5581339 3.8414951 4.5030030 3.7745168 4.4560580 4.7288855 4.0323155 3.7105655 4.1580157 3.5167146 2.8056496 2.9120427 3.6887585 3.9945907 3.4748251 4.1441580 3.8667076 3.1120433 4.0490466 2.7549053 3.3611519 2.5144850 4.0563214 2.8790448 2.7970810 2.3145485 1.5477372 2.0540289 1.8989769 2.9544938 2.7871190 2.9646699 2.8132788 2.9573453 2.3390049 3.4657222 3.9597474 4.0786466 3.9184650 3.0303548 3.2871569 3.8667076 4.0490466 3.9737174 2.5323947 6.6975665 4.0409834 
III_Mapoly0007s0271_PTQ47916.1_hypothetical_protein_MARPO_0007s0271__Marchantia_polymorpha_                      4.6956234 4.8410049 4.9670566 1.8752444 2.9861661 2.7084843 0.0000000 1.1202470 1.8446198 1.6968587 1.5647774 1.5731976 2.9904663 2.1710791 2.0552489 2.6883190 2.4896953 3.9361253 2.9527641 2.0066939 3.3168937 3.4403262 3.2776700 1.7424844 1.7096354 3.5105525 3.2970888 1.8822388 3.0361449 3.1712503 3.3312865 4.0856615 3.7421512 3.5589446 3.0988486 3.6521707 3.5308321 2.6267433 2.9143284 3.2359075 3.3694696 3.3803725 3.2703818 2.7767019 3.0762240 3.2274719 3.7179523 2.9258595 3.3237253 2.0792971 3.3068109 2.8466804 2.7345944 1.9507130 2.5161871 2.8094059 2.4760209 2.0715581 1.4150880 1.7691051 1.8891843 2.1435642 1.7709968 3.5268027 3.3700278 3.3413626 3.3536094 3.6283547 3.3132669 3.0762240 3.7179523 3.3722594 1.8108393 5.4816351 3.9197299 
III_XM_002971992.2_XP_002972038.2_transcription_factor_MYB1__Selaginella_moellendorffii_                         4.4573989 4.3849768 4.7214486 1.5709366 3.1472292 2.3618239 1.1202470 0.0000000 1.5686325 1.4697974 1.5055168 1.5457424 2.3743017 2.2350537 1.9707678 2.2553087 1.9825748 3.4305428 2.5949586 1.9099936 2.5751899 2.4895748 2.5047210 1.7070077 1.5617410 2.7815490 2.4554536 1.4590515 2.4635827 2.2280052 2.7679826 2.9224030 2.7983999 2.7805907 2.7904232 2.4820394 2.6789308 2.2392420 2.4743520 2.7263467 2.6151077 2.6395056 2.5764224 2.5692306 2.7228370 2.3786340 2.6851469 2.6696414 2.3204344 1.6955900 2.6197991 2.3845367 2.1091912 1.9643538 1.9468960 2.5957325 2.4012939 1.6998646 1.2267226 1.3136301 1.7905618 2.0713847 1.8853398 2.5428170 2.1986159 2.6797835 2.3166825 2.8509688 2.4354810 2.7228370 2.6851469 2.6031063 1.9499246 4.6148749 3.6852183 
IV_MN199005_QIN53281.1_R2R3-MYB_transcription_factor__Selaginella_moellendorffii_                                5.5424179 5.8716992 5.6227153 2.0312703 2.6938574 3.5221739 1.8446198 1.5686325 0.0000000 0.9869611 1.0792745 1.2109183 2.9586871 2.4305353 2.5701713 2.5509471 2.2995611 4.2733575 2.6184103 1.7664477 3.1164861 2.8006337 3.4306590 1.8947001 1.9139395 3.2493015 2.4684058 1.8490820 3.6428396 3.8296238 3.9970914 3.9504684 3.9202648 3.6794910 3.7557368 3.0140443 3.7079697 3.1079336 3.0635746 2.9934435 3.1794635 3.5643313 3.2548970 3.2313937 3.1640612 3.8798201 3.9868750 2.4526359 3.2781326 2.1283017 3.4448087 2.4410236 2.5875391 1.8303262 2.1535566 2.8144568 2.2941259 2.0298388 1.0042888 1.2111225 2.1147862 1.8265868 2.2257761 2.9465124 3.3692067 3.7296031 3.0243720 3.1714865 3.5868301 3.1640612 3.9868750 3.8895455 1.8448930 5.7461693 3.3198588 
IV_MN199007_QIN53283.1_R2R3-MYB_transcription_factor__Selaginella_moellendorffii_                                5.4701964 6.0321328 5.5781702 1.8378368 3.0083252 3.1546153 1.6968587 1.4697974 0.9869611 0.0000000 1.1170203 1.0195826 2.8061363 2.4622893 2.3408363 2.9374771 2.5227296 4.4920123 2.7867854 1.8399466 4.0873019 3.1779383 3.0921996 1.7567265 1.6552341 3.7435055 2.7208541 1.5425297 2.6787884 3.3529428 4.0633362 4.2313477 3.7706498 3.5143026 3.0431728 3.0480202 3.4884207 2.6407495 3.3047407 2.8085278 3.6156237 3.3569183 3.5826494 3.0611243 3.1047894 2.9871513 3.6116687 2.3190828 3.6210395 1.8637764 3.5049813 2.8946006 2.9710357 2.1908683 2.0536507 2.9584209 2.3584263 2.3895020 1.1639650 1.1937822 2.3358293 2.1750157 1.8717568 3.1418907 2.7770504 3.9553464 2.9594054 2.9147456 2.7941235 3.1047894 3.6116687 3.9985747 1.7094506 5.9047042 3.5142965 
IV_MN199006_QIN53282.1_R2R3-MYB_transcription_factor__Selaginella_moellendorffii_                                5.2043904 5.5649017 5.8787913 2.0076016 2.7028856 3.1191321 1.5647774 1.5055168 1.0792745 1.1170203 0.0000000 1.1768696 2.9373614 2.3496158 2.3368733 2.2787929 2.5387005 4.2636775 2.7151405 1.6374006 3.5702964 3.5081534 3.2557267 1.7393376 1.6072689 3.0238071 2.7946465 1.7248431 3.1361438 3.5627041 3.8966594 3.5091544 4.2295543 3.7700042 3.3444110 2.9832250 3.8929157 2.7134791 3.5135231 2.8856859 3.7241840 3.5690881 3.5821493 3.3193308 2.8800589 3.5992605 4.2024376 2.8641040 4.0588631 1.8239815 3.4295231 2.8499426 2.9189848 1.6007121 1.8698141 2.3406691 2.5248346 2.2928930 1.1354151 1.1579566 2.1656211 1.9266112 1.7739059 3.1217904 3.4438988 3.9638962 3.0034368 3.6372154 3.2153267 2.8800589 4.2024376 4.0133822 1.6490386 8.2474931 3.8732503 
IV_Mapoly0032s0153_PTQ41991.1_hypothetical_protein_MARPO_0032s0153__Marchantia_polymorpha_                       4.9571258 5.2260318 4.7900338 1.9192927 3.0094194 3.2287451 1.5731976 1.5457424 1.2109183 1.0195826 1.1768696 0.0000000 3.1727378 2.3768746 2.4700444 2.6909527 2.6761173 4.5800619 2.4938103 1.8471725 3.5053825 3.5510797 3.9133366 2.0658488 2.0375533 3.7244533 2.7005751 1.9651165 3.1144045 3.4965775 3.9211811 3.8864064 3.7438242 3.2207298 3.0560778 3.1004427 3.4797070 2.9418765 3.5337338 3.3457624 3.4863378 3.8633510 3.5629999 3.3740341 2.9340077 3.7503618 3.7261139 3.0641844 3.2856484 2.3347975 3.1007712 2.4422869 2.7081023 1.8516967 1.7607233 2.4560163 2.2165776 2.0708940 1.1051015 1.0780851 2.5347842 1.9866299 1.9175399 3.1709987 3.0085219 3.4805805 3.1752334 3.4362448 3.3353689 2.9340077 3.7261139 4.7140677 1.7485153 5.6403634 4.2289869 
V_Mapoly0008s0029_PTQ47242.1_hypothetical_protein_MARPO_0008s0029__Marchantia_polymorpha_                        4.8986398 5.6762543 5.2534193 2.5239054 3.3742606 3.4404034 2.9904663 2.3743017 2.9586871 2.8061363 2.9373614 3.1727378 0.0000000 1.2384194 1.2917111 1.5637358 1.1297781 4.1319143 2.3675014 1.8209730 4.3556660 5.0000879 4.0576738 2.3626355 2.2864886 4.7063763 4.0091325 2.6808602 4.3289414 4.4897586 4.6310512 4.9476147 4.5067321 4.4331064 4.5806025 4.5335179 4.5154617 3.8719652 3.6330688 3.6870401 4.2708322 3.7349052 3.7135566 4.3324694 3.8285428 4.1170996 4.5384063 3.2343392 4.3319637 2.4413617 4.1204880 3.8862349 4.2028309 2.1299023 2.9620471 3.4202957 2.9945230 3.0318788 2.4723171 2.7995921 1.2188950 1.3321359 1.2704193 3.9277841 5.1120971 3.6969124 4.3282243 4.2688069 3.4996727 3.8285428 4.5384063 3.7824544 1.1957441 7.4868757 5.1144500 
V_XM_002977602.2_XP_002977648.2_uncharacterized_protein_LOC9657152__Selaginella_moellendorffii_                  4.7217932 5.4093962 4.4509805 2.0827913 2.9436281 2.9520104 2.1710791 2.2350537 2.4305353 2.4622893 2.3496158 2.3768746 1.2384194 0.0000000 0.9772791 1.2569991 1.1133387 3.3316670 2.2770120 1.8326637 3.8321002 3.4818551 3.1036407 2.2169295 2.1611223 3.9819395 3.0272025 2.4721371 3.7803850 3.4919779 3.7496870 3.9708237 3.9147574 4.3472175 3.5226035 3.5953211 3.4758141 3.1268533 3.0324532 2.7365226 2.9731713 3.8325433 3.1038092 3.1873172 3.7301809 3.0031115 4.1081557 2.2825625 3.2709161 2.1747314 4.4302113 3.3553815 3.4028673 2.3493463 3.2141282 2.6503734 2.9803588 2.3786514 2.0803140 2.1737200 0.8338717 1.0000219 0.9237626 3.5265714 3.5062201 3.7924272 3.3826009 3.0873450 3.3770337 3.7301809 4.1081557 3.1139432 1.1799361 5.6385955 3.4823815 
V_MN199008_QIN53284.1_R2R3-MYB_transcription_factor__Selaginella_moellendorffii_                                 4.3518267 4.5729050 4.4528240 2.1648011 2.8161876 2.5854618 2.0552489 1.9707678 2.5701713 2.3408363 2.3368733 2.4700444 1.2917111 0.9772791 0.0000000 1.1603908 0.9223355 3.2213863 2.0698377 1.7793739 3.7399039 3.7663023 3.4986769 2.1492219 2.0916231 3.8428610 2.9548312 2.3225049 3.4861362 3.1743074 4.3128516 4.1844714 3.3251869 3.2156110 3.0962492 3.5964417 3.6947274 3.3989887 2.6933782 2.9058303 3.6839466 3.1753295 2.9763888 3.0155382 3.6620295 2.8226743 4.2052976 2.7207456 3.1509292 2.3105583 3.4361993 2.9556441 2.9655372 1.9204206 2.6164602 2.2825384 2.2012734 2.3992846 2.0025869 2.0177503 1.0036438 1.0411243 0.8993146 2.9503057 3.5684228 3.2726849 3.9956058 3.1803304 3.2750971 3.6620295 4.2052976 3.3906832 0.9139212 7.1706703 2.8035453 
V_MN199009_QIN53285.1_R2R3-MYB_transcription_factor__Selaginella_moellendorffii_                                 4.0723894 4.2298981 4.2361460 2.0787351 3.8571250 3.8192898 2.6883190 2.2553087 2.5509471 2.9374771 2.2787929 2.6909527 1.5637358 1.2569991 1.1603908 0.0000000 1.0951296 3.6499841 2.2671911 1.8011781 4.5563271 4.6985273 3.5200575 2.0143458 1.9393840 4.3187704 4.2667999 2.0899729 4.4713064 3.3419850 4.0172213 4.5949211 4.6297191 4.4146582 4.1319327 4.1217950 4.2091875 3.1937719 3.2462986 2.9144784 3.7274671 3.4645446 3.1718205 3.9613894 3.2261341 3.8073315 4.1835239 2.7726659 3.5120113 2.3587743 3.4382576 3.3510714 3.7400041 2.5666068 3.0559848 3.1418659 2.9602218 2.4739488 2.3238107 2.2140488 1.1403786 1.2892999 0.7355796 3.8333693 4.1387203 3.3028535 3.4325410 3.2510442 2.9930232 3.2261341 4.1835239 3.4147374 1.2436303 6.4804864 4.3286903 
V_MN199010_QIN53286.1_R2R3-MYB_transcription_factor__Selaginella_moellendorffii_                                 4.0238897 4.5953811 4.3676211 1.7216913 3.0708163 2.5422192 2.4896953 1.9825748 2.2995611 2.5227296 2.5387005 2.6761173 1.1297781 1.1133387 0.9223355 1.0951296 0.0000000 3.1165963 2.0298036 1.7070733 4.2706716 4.1168989 3.2312342 2.0722419 2.0767880 3.8023218 2.9973031 2.2979027 3.9161208 3.1053416 4.3683363 4.3675556 4.5162094 3.9003635 3.2015603 3.4861131 3.2473703 3.2920687 3.1186629 2.7884825 3.4078682 3.6318842 3.1400839 3.4152162 3.2008097 2.9109495 3.9993782 2.6744529 3.5443801 2.0342771 3.4387573 3.2827281 3.4502526 1.9164951 2.7268833 2.3853185 2.3643679 2.6003897 2.2368711 2.4022415 1.1219222 1.1662382 0.8321789 2.9544324 3.1474906 3.2370767 3.2468002 2.9847454 3.3855233 3.2008097 3.9993782 3.0523044 0.9901118 7.2563718 3.5268854 
VI_g8575.t1_length                                                                                               5.4918563 5.8649134 6.4902560 2.7562039 4.5436399 3.7281914 3.9361253 3.4305428 4.2733575 4.4920123 4.2636775 4.5800619 4.1319143 3.3316670 3.2213863 3.6499841 3.1165963 0.0000000 0.0371903 0.0543038 2.5869952 2.3179020 2.3711308 1.2421412 1.1836474 3.0334466 1.8314050 1.7188220 3.2400639 3.6584752 3.6668332 3.5894229 3.5812506 3.5107881 3.2090073 3.3468874 3.6113433 3.6050270 2.7061642 2.8896861 4.0173584 3.4272044 3.1573574 3.9720498 3.1489795 2.9539897 3.3185035 2.2527257 3.7086096 1.2403203 3.7507163 4.7102484 5.7558588 4.4756533 3.4909276 3.8030572 3.3392620 3.6944776 2.9110005 3.4145321 3.1781359 3.2815082 2.5976763 2.4421892 3.0890361 3.0296781 3.4734637 3.6779184 2.5047154 3.1489795 3.3185035 3.1035636 2.7504405 8.9999987 4.3881003 
VI_BBG43567_LC221833_MYB_transcription_factor                                                                    3.8267734 3.5724670 3.5327091 1.7809593 2.2288593 2.0633408 2.9527641 2.5949586 2.6184103 2.7867854 2.7151405 2.4938103 2.3675014 2.2770120 2.0698377 2.2671911 2.0298036 0.0371903 0.0000000 0.0623978 1.2717457 1.2801455 1.2613963 0.7868739 0.7268018 1.0424245 0.7630133 1.1812418 1.6264995 1.7471726 1.8078354 1.5502431 1.7189034 1.6900972 1.6576718 1.4404371 1.5254160 1.4886553 1.8442459 1.6278216 2.0260008 2.0895205 2.1241465 2.1354026 1.5881347 1.8142553 1.3819205 1.4082816 1.6987535 0.8287148 1.6958224 2.3111697 2.7172165 2.6231382 1.8027051 2.4341511 1.8016043 2.3701486 1.7831617 1.9107864 1.8697648 1.7355092 1.6941357 1.0950380 1.6796013 1.8394266 1.4835088 2.2289901 1.7192216 1.5881347 1.3819205 1.8909316 1.6013275 8.9999990 2.6934989 
BBG43566_LC221832_Chara_leptospora_mRNA_for_MYB_transcription_factor                                             3.3336928 3.0861108 3.0861108 1.7883841 1.6864708 1.9261135 2.0066939 1.9099936 1.7664477 1.8399466 1.6374006 1.8471725 1.8209730 1.8326637 1.7793739 1.8011781 1.7070733 0.0543038 0.0623978 0.0000000 0.9418246 0.8784496 0.9387078 0.7825762 0.7231021 0.8517907 0.7613390 1.1465606 1.2460133 1.2252286 1.3003498 1.1418245 1.2715559 1.4013171 1.2866114 1.2898518 1.3657832 1.2988432 1.4137032 1.2124630 1.3918966 1.4694964 1.5893751 1.5337038 1.1839422 1.3891237 1.1582035 1.3009123 1.2705788 0.8238371 1.2578848 1.9005484 1.9850781 2.0471840 1.8447538 1.9349760 1.6323475 1.8079600 1.5695004 1.6950250 1.8080646 1.6044441 1.6704277 0.8500404 1.1990791 1.2849076 1.2437609 1.4676921 1.3883452 1.1839422 1.1582035 1.4488817 1.5996557 6.7717186 1.6699966 
VI_Mapoly0019s0071.1                                                                                             4.9237772 5.1059589 5.0440734 2.8510523 4.0241019 4.2295107 3.3168937 2.5751899 3.1164861 4.0873019 3.5702964 3.5053825 4.3556660 3.8321002 3.7399039 4.5563271 4.2706716 2.5869952 1.2717457 0.9418246 0.0000000 0.6744780 0.9745307 0.2877246 0.2754966 0.8582803 1.0098076 1.0965205 2.3396202 2.3282973 2.9358604 2.5813573 3.3853491 2.5825158 2.1880028 2.5095715 2.5865785 2.3207366 2.8234309 2.7638290 3.0366900 3.2329674 2.5930887 3.2317226 2.4647898 2.9158331 2.5678868 2.2865649 2.4975072 0.3275512 2.8056426 4.5885610 4.9892569 2.8487040 2.4527302 2.9906128 3.8937067 3.2832012 2.6231945 2.9982367 2.7534086 2.9456450 2.9103092 1.2406536 2.3560685 2.8202540 2.9493042 2.8784177 2.3768680 2.4647898 2.5678868 3.2308411 2.5339543 8.9999989 3.9842263 
VI_XM_024688730.1__XP_024544498.1                                                                                4.9138914 5.3917451 5.3467695 2.3756597 4.3175140 3.6662632 3.4403262 2.4895748 2.8006337 3.1779383 3.5081534 3.5510797 5.0000879 3.4818551 3.7663023 4.6985273 4.1168989 2.3179020 1.2801455 0.8784496 0.6744780 0.0000000 0.8340163 0.1680589 0.1342868 0.8597661 0.9304692 1.0842882 2.4559951 2.1482872 2.8674181 2.5545147 3.3018074 2.5583430 2.1885025 2.3871419 2.6671638 2.1383582 2.9179382 2.4919596 3.0544007 2.7588281 2.4922075 2.7856230 2.3149232 2.8920965 2.3945781 1.7995511 2.8379417 0.2062325 2.6105302 3.6962826 4.5402620 2.6555638 2.1086116 2.9352563 3.1529281 3.3000555 2.7517676 2.9553845 2.8850852 2.9183014 2.5405469 0.9438068 2.0798395 2.4771738 2.6618980 2.5560186 1.8992796 2.3149232 2.3945781 2.8903607 2.2154459 8.9999980 3.4017835 
VI_XM_024688389.1_XP_024524157.1_transcription_repressor_MYB4__Selaginella_moellendorffii_                       5.8143758 5.2913563 5.0550731 2.3097426 3.6825790 3.7590598 3.2776700 2.5047210 3.4306590 3.0921996 3.2557267 3.9133366 4.0576738 3.1036407 3.4986769 3.5200575 3.2312342 2.3711308 1.2613963 0.9387078 0.9745307 0.8340163 0.0000000 0.3335142 0.2988900 1.3332753 1.0652194 1.2125524 2.5245360 2.0846895 3.2293352 2.8610064 3.1359143 2.5938826 2.5598988 2.3275367 2.5835146 2.1692124 2.5313511 2.4487112 2.8793612 2.7940640 2.5157932 2.5220927 2.3802723 2.9790346 2.3554727 1.7839260 2.5403805 0.3887301 2.4393319 3.9301194 3.5339793 2.5091092 2.5493800 2.6959366 3.1444118 2.6342916 2.6507130 2.8155813 2.5020555 2.5400330 2.8470521 1.1999118 2.0732605 2.7263217 2.8940725 2.3015644 2.2971226 2.3802723 2.3554727 2.2135088 2.6698468 8.9999989 4.4807310 
VI_Sacu_v1.1_s1503.g028048_Myb_transcription_factor__0.077_                                                      4.1102372 3.8495272 4.2725226 2.1556764 2.6065007 2.3137112 1.7424844 1.7070077 1.8947001 1.7567265 1.7393376 2.0658488 2.3626355 2.2169295 2.1492219 2.0143458 2.0722419 1.2421412 0.7868739 0.7825762 0.2877246 0.1680589 0.3335142 0.0000000 0.0000010 0.4261774 0.2996233 1.0394584 1.0957950 1.1690167 1.2533486 1.2672809 1.3989432 1.2655726 1.2205560 1.1955814 1.3083009 1.1665163 1.5617507 1.3226224 1.6826990 1.9773772 1.5313126 1.4105235 1.4150119 1.3609368 1.4883991 1.1928450 1.2197623 0.0864844 1.3485715 2.1534866 2.3260944 1.9626212 1.8834835 1.9118401 1.9035814 1.8397808 1.4691669 1.7384040 1.8642880 1.8136492 2.1785543 0.5094751 1.0884148 1.3348131 1.3943518 1.6843456 1.2610836 1.4150119 1.4883991 1.7061188 2.3212516 8.9999985 2.2260550 
VI_Sacu_v1.1_s0147.g023157_Myb_transcription_factor__0.077_                                                      4.2155994 3.9229080 4.3916865 1.9316211 2.4944916 2.1577410 1.7096354 1.5617410 1.9139395 1.6552341 1.6072689 2.0375533 2.2864886 2.1611223 2.0916231 1.9393840 2.0767880 1.1836474 0.7268018 0.7231021 0.2754966 0.1342868 0.2988900 0.0000010 0.0000000 0.3250522 0.2792373 1.0659997 1.1241360 1.0748199 1.2148767 1.2564091 1.2916093 1.2259352 1.1954603 1.2348515 1.2590504 1.1435949 1.5969447 1.3271932 1.7659514 1.9991382 1.5121719 1.3915770 1.3130162 1.3987441 1.3502289 1.1982245 1.1982174 0.0679835 1.3095108 2.1042570 2.3430795 1.7849678 1.6524375 1.7735062 1.8323663 1.6395493 1.4011893 1.6777855 1.7902377 1.7996101 1.9998915 0.4983989 1.1437786 1.3351482 1.2776144 1.6937798 1.2342289 1.3130162 1.3502289 1.6675416 1.9350034 8.2869725 2.0477916 
VI_MA_130648p0010_437_residues__                                                                                 5.5993089 5.3194997 5.9222786 2.8743074 4.1555242 4.0525468 3.5105525 2.7815490 3.2493015 3.7435055 3.0238071 3.7244533 4.7063763 3.9819395 3.8428610 4.3187704 3.8023218 3.0334466 1.0424245 0.8517907 0.8582803 0.8597661 1.3332753 0.4261774 0.3250522 0.0000000 0.9593697 1.2019880 2.7075293 2.6711486 3.1995890 2.8894101 3.6565892 3.0126095 2.5903416 2.7270652 3.1600648 2.5772131 3.0465605 2.5599399 3.2399899 3.6196621 2.5193923 3.1216432 3.0095971 3.0393176 2.9247089 2.2523509 2.4712101 0.4501923 2.3984129 4.2987904 5.0078559 2.9324355 2.6076348 3.0314375 3.5243913 3.0626411 2.1360830 2.4990227 2.6912262 3.0116753 2.7669336 1.4168567 2.4215916 2.5714428 3.0573363 2.7211621 2.4848928 3.0095971 2.9247089 2.7475594 2.8936531 8.9999990 3.3610307 
VI_AmTr_v1.0_scaffold00111.43_locus_evm_27.TU.AmTr_v1.0_scaffold00111.43                                         4.4186027 4.4985947 5.4829981 2.5831796 3.6348905 3.3653615 3.2970888 2.4554536 2.4684058 2.7208541 2.7946465 2.7005751 4.0091325 3.0272025 2.9548312 4.2667999 2.9973031 1.8314050 0.7630133 0.7613390 1.0098076 0.9304692 1.0652194 0.2996233 0.2792373 0.9593697 0.0000000 0.9550652 2.0561103 1.9594840 2.3516720 1.7889346 2.4590169 1.8593606 1.9049231 2.2363675 2.0289010 1.8785115 1.9730253 1.9538228 2.4692104 2.4704758 2.3371011 2.5777302 1.8701134 2.1701212 2.1788773 1.6316788 2.1038730 0.3899540 1.9562570 3.1455083 3.2698870 2.4224467 2.8438626 2.7668159 3.0517360 2.7018418 1.9368246 2.2564198 2.5903483 2.5808451 2.2587345 0.9011546 1.6379709 2.1368413 1.7103457 1.5884686 1.8908029 1.8701134 2.1788773 2.4009494 2.3143521 7.5507659 2.7942927 
VII_HAOX-0009745                                                                                                 3.5627557 3.4963715 3.4752781 1.7175731 2.2708357 2.0123553 1.8822388 1.4590515 1.8490820 1.5425297 1.7248431 1.9651165 2.6808602 2.4721371 2.3225049 2.0899729 2.2979027 1.7188220 1.1812418 1.1465606 1.0965205 1.0842882 1.2125524 1.0394584 1.0659997 1.2019880 0.9550652 0.0000000 0.6724055 0.6256408 0.9913206 0.8131655 1.0693516 0.5278034 0.5827295 0.8540816 0.6372287 0.6216768 0.9836428 1.0960257 1.3766485 1.1936995 1.2423615 0.9965759 0.8123353 1.0273613 0.9175738 1.1637777 1.2481009 0.9823122 0.9791744 1.8994263 1.9562056 1.8333712 1.5076044 2.0358538 1.8023175 1.6948364 1.8329932 1.6858614 2.3417547 1.9809206 2.2444020 1.0890584 0.5953457 0.8883764 0.7462989 1.1626049 1.1986160 0.8123353 0.9175738 1.1987912 2.1643373 8.9999981 1.9802668 
VII_Mp3g05910.1                                                                                                  4.2184173 4.4260199 4.5708216 1.7819972 3.5061881 4.5581339 3.0361449 2.4635827 3.6428396 2.6787884 3.1361438 3.1144045 4.3289414 3.7803850 3.4861362 4.4713064 3.9161208 3.2400639 1.6264995 1.2460133 2.3396202 2.4559951 2.5245360 1.0957950 1.1241360 2.7075293 2.0561103 0.6724055 0.0000000 1.1818151 1.9690785 1.6343115 1.8240709 0.8973290 0.9179819 1.0606172 1.1854767 1.1538825 1.8912749 2.0784976 2.6915392 2.7639682 2.2301189 2.6512663 1.2868285 2.2478301 1.6103806 1.8154299 2.2576768 1.1300151 2.1412299 3.6978075 4.2079763 2.9234088 2.0550344 3.0963424 2.4294901 3.0995407 2.4665275 2.9280154 2.8865678 2.8567137 2.5980061 2.2772861 1.2477367 1.7565083 1.2649035 1.8864754 1.9076081 1.2868285 1.6103806 2.2864574 2.5919800 8.2402147 2.7649961 
VII_ENA_MN199011_MN199011.1_Selaginella_moellendorffii                                                           4.6497022 4.9535392 5.2546276 2.3121420 3.5003478 3.8414951 3.1712503 2.2280052 3.8296238 3.3529428 3.5627041 3.4965775 4.4897586 3.4919779 3.1743074 3.3419850 3.1053416 3.6584752 1.7471726 1.2252286 2.3282973 2.1482872 2.0846895 1.1690167 1.0748199 2.6711486 1.9594840 0.6256408 1.1818151 0.0000000 2.0323760 1.8729503 2.0237621 1.5043414 1.4481794 1.2646978 1.3924841 1.2357683 1.7014475 1.6132377 2.1360698 2.4369260 2.0968829 2.2132583 1.4185429 1.8961737 1.9636556 1.6399454 2.4186181 1.1142377 2.2842248 3.8309458 4.7061796 3.0999817 2.1321747 3.1354754 3.3805077 2.9888719 2.6347653 2.5573979 3.1721042 2.9919019 2.9740407 2.1676042 1.0531610 1.4034025 1.5295577 1.7346675 1.7205373 1.4185429 1.9636556 2.0603116 3.3178859 8.9999980 3.7076270 
VII_Sacu_v1.1_s0002.g001222_Myb_transcription_factor__0.077_                                                     4.8422965 5.2758553 5.0923257 2.8184431 4.9500448 4.5030030 3.3312865 2.7679826 3.9970914 4.0633362 3.8966594 3.9211811 4.6310512 3.7496870 4.3128516 4.0172213 4.3683363 3.6668332 1.8078354 1.3003498 2.9358604 2.8674181 3.2293352 1.2533486 1.2148767 3.1995890 2.3516720 0.9913206 1.9690785 2.0323760 0.0000000 1.6124027 2.0633669 2.0838622 1.9144664 1.8251686 2.3204560 2.0241360 2.1445974 2.4470958 3.0091098 3.0288767 2.8132222 3.0637506 1.7042255 2.7538808 1.6246737 2.3543736 2.8292065 1.3159374 2.7208017 4.1054454 5.1271064 3.8300127 3.1811683 3.7341396 3.6296355 3.5600908 3.2114075 3.7756468 3.7015390 3.2147407 3.0435200 2.4635169 1.8790225 2.2551695 2.0863462 2.5354617 2.1771757 1.7042255 1.6246737 2.6451296 3.3441606 8.1956131 3.8462164 
VII_Sacu_v1.1_s0041.g012546_Myb_transcription_factor__0.077_                                                     4.2081133 4.5496766 5.3642805 2.2517502 4.3314507 3.7745168 4.0856615 2.9224030 3.9504684 4.2313477 3.5091544 3.8864064 4.9476147 3.9708237 4.1844714 4.5949211 4.3675556 3.5894229 1.5502431 1.1418245 2.5813573 2.5545147 2.8610064 1.2672809 1.2564091 2.8894101 1.7889346 0.8131655 1.6343115 1.8729503 1.6124027 0.0000000 1.7155169 1.7134608 1.6609493 1.7153910 2.0332942 1.6344831 2.0580943 2.1770836 2.7346476 2.6470693 2.6862768 2.7232578 0.8746927 2.2997440 1.2958854 1.7039124 2.1746612 1.2596342 2.2722098 4.4050675 4.5981785 3.0954729 2.1703024 3.0908750 2.9654261 3.5332021 3.0264605 3.7321365 3.1894169 3.2432496 2.8484129 2.0890291 1.5026699 2.1399349 1.6508980 2.3075793 2.2552077 0.8746927 1.2958854 2.4516864 3.3850052 7.2930092 3.6198809 
VII_Sacu_v1.1_s0272.g027033_Myb_transcription_factor__0.077_                                                     4.2053206 4.7642265 5.6022970 2.0453838 3.9510555 4.4560580 3.7421512 2.7983999 3.9202648 3.7706498 4.2295543 3.7438242 4.5067321 3.9147574 3.3251869 4.6297191 4.5162094 3.5812506 1.7189034 1.2715559 3.3853491 3.3018074 3.1359143 1.3989432 1.2916093 3.6565892 2.4590169 1.0693516 1.8240709 2.0237621 2.0633669 1.7155169 0.0000000 2.1836020 2.1644294 2.0538350 2.5103295 1.7513572 2.0644222 2.1477732 3.1812010 2.8489757 3.1074863 3.3094334 1.4879146 2.6255430 1.5028055 1.8939260 2.6193849 1.4341825 2.4974129 4.7045708 4.6887200 3.0686319 2.5400454 2.8969134 3.2216157 3.2557745 2.6243545 3.2356374 3.0063494 3.0480987 2.7418256 2.6712161 1.9202585 2.0545819 2.1932703 2.2096041 2.0215369 1.4879146 1.5028055 2.5688671 2.7820356 7.7707481 3.6900811 
VII_MA_96853p0010_582_residues__                                                                                 4.1657377 4.3692096 4.3601203 2.4379115 3.5225332 4.7288855 3.5589446 2.7805907 3.6794910 3.5143026 3.7700042 3.2207298 4.4331064 4.3472175 3.2156110 4.4146582 3.9003635 3.5107881 1.6900972 1.4013171 2.5825158 2.5583430 2.5938826 1.2655726 1.2259352 3.0126095 1.8593606 0.5278034 0.8973290 1.5043414 2.0838622 1.7134608 2.1836020 0.0000000 0.7396280 1.5004478 1.1265708 0.9280978 1.9411188 2.0778389 2.9233976 2.7455579 2.6862108 2.6483768 1.5801515 2.7693825 1.7190757 2.2341774 2.2700960 1.2869872 2.6569670 3.9190369 4.0539108 2.8172468 2.1889951 3.0337681 3.2657355 3.1449185 2.5782587 3.0248277 2.8368277 2.7200409 2.7943177 2.0865980 1.0697466 1.8887815 1.1915403 2.0523717 2.3441638 1.5801515 1.7190757 2.3707996 2.6026223 7.1857666 3.0787276 
VII_MA_10208000p0010_602_residues__                                                                              4.2876905 4.5324384 4.4549468 2.0773616 3.3316268 4.0323155 3.0988486 2.7904232 3.7557368 3.0431728 3.3444110 3.0560778 4.5806025 3.5226035 3.0962492 4.1319327 3.2015603 3.2090073 1.6576718 1.2866114 2.1880028 2.1885025 2.5598988 1.2205560 1.1954603 2.5903416 1.9049231 0.5827295 0.9179819 1.4481794 1.9144664 1.6609493 2.1644294 0.7396280 0.0000000 1.2953716 0.8104958 0.9642327 1.9487782 1.9961307 2.9582646 2.4316489 2.2087858 2.4154758 1.5474555 2.4429740 1.6463400 1.9724501 2.3420411 1.2877648 2.1301262 3.6471511 3.8875973 2.9133218 2.3382203 3.2336314 2.7554118 2.9567808 2.4605726 2.7043170 2.6703061 2.5445757 2.4296493 1.9732211 0.9910842 2.0198917 1.1906148 2.2059652 2.2341371 1.5474555 1.6463400 2.2610621 2.7710134 4.9944243 3.2237308 
VII_MA_20462p0010_470_residues__                                                                                 4.0295291 4.9603661 4.8179702 2.1322109 3.3705960 3.7105655 3.6521707 2.4820394 3.0140443 3.0480202 2.9832250 3.1004427 4.5335179 3.5953211 3.5964417 4.1217950 3.4861131 3.3468874 1.4404371 1.2898518 2.5095715 2.3871419 2.3275367 1.1955814 1.2348515 2.7270652 2.2363675 0.8540816 1.0606172 1.2646978 1.8251686 1.7153910 2.0538350 1.5004478 1.2953716 0.0000000 1.5264112 1.2896398 1.9251055 1.9689012 2.9115210 2.5220303 2.7344114 2.4652779 1.4927128 2.4372670 1.7036003 2.0437344 2.0534181 1.3316459 2.3621112 3.8220363 4.1145382 2.4885227 2.3527024 2.7017513 2.5554339 3.0621058 2.5028575 2.8136868 3.0129541 2.8114398 2.3301616 2.3483336 1.3559523 1.6679860 1.5285437 1.9969363 1.7433875 1.4927128 1.7036003 2.1847124 2.9527762 7.3831010 2.9145930 
VII_AmTr_v1.0_scaffold00038.91                                                                                   4.8503777 5.2255766 4.9692187 2.3471995 4.2083374 4.1580157 3.5308321 2.6789308 3.7079697 3.4884207 3.8929157 3.4797070 4.5154617 3.4758141 3.6947274 4.2091875 3.2473703 3.6113433 1.5254160 1.3657832 2.5865785 2.6671638 2.5835146 1.3083009 1.2590504 3.1600648 2.0289010 0.6372287 1.1854767 1.3924841 2.3204560 2.0332942 2.5103295 1.1265708 0.8104958 1.5264112 0.0000000 1.2539015 2.1778182 2.2639671 2.9900262 2.8348049 2.6855510 3.0519772 1.6291709 2.9778811 1.9820695 2.1122222 2.4606175 1.4053186 2.6314428 3.8738475 4.5117750 2.5881912 2.4508704 3.3747973 3.2213267 3.3550203 2.8855935 3.7136053 3.2660890 2.9797090 2.6449307 2.2791977 1.3496542 2.0752620 1.2917096 2.1673346 2.4637122 1.6291709 1.9820695 2.3945344 2.8131547 6.8114091 3.6165996 
VII_AmTr_v1.0_scaffold00037.85                                                                                   4.6774353 4.8706691 4.5996734 2.0940621 3.0884711 3.5167146 2.6267433 2.2392420 3.1079336 2.6407495 2.7134791 2.9418765 3.8719652 3.1268533 3.3989887 3.1937719 3.2920687 3.6050270 1.4886553 1.2988432 2.3207366 2.1383582 2.1692124 1.1665163 1.1435949 2.5772131 1.8785115 0.6216768 1.1538825 1.2357683 2.0241360 1.6344831 1.7513572 0.9280978 0.9642327 1.2896398 1.2539015 0.0000000 1.7744308 2.0746070 2.5777199 2.2800235 2.3699514 2.3543515 1.5340585 2.2514903 1.9484488 2.0950169 2.0260844 1.1086522 2.1054748 2.9590137 3.8444448 2.3230130 2.3811447 2.5613926 2.4197388 3.0160031 2.4617148 2.9981569 2.5517968 3.0145060 2.5833433 1.8725799 0.9710428 1.7697148 1.3701139 1.7982746 1.8679448 1.5340585 1.9484488 2.1321886 2.6863821 7.2378316 3.2535661 
VIII_MN199016_QIN53292.1_R2R3-MYB_transcription_factor__Selaginella_moellendorffii_                              5.6904152 5.3362476 5.3647769 1.9997689 2.9013860 2.8056496 2.9143284 2.4743520 3.0635746 3.3047407 3.5135231 3.5337338 3.6330688 3.0324532 2.6933782 3.2462986 3.1186629 2.7061642 1.8442459 1.4137032 2.8234309 2.9179382 2.5313511 1.5617507 1.5969447 3.0465605 1.9730253 0.9836428 1.8912749 1.7014475 2.1445974 2.0580943 2.0644222 1.9411188 1.9487782 1.9251055 2.1778182 1.7744308 0.0000000 1.0810980 1.9060539 1.5813674 1.5032653 1.2775286 1.8968423 1.3131938 2.0967883 1.8923880 1.3523181 1.6263586 1.2191794 3.3329573 3.1904528 2.5175253 2.2082252 2.8313696 2.6812166 3.0769134 2.4740321 2.4750858 2.7097250 3.1590518 2.4483663 2.2471246 1.5889607 2.0500714 1.7299148 1.1826634 1.4517641 1.8968423 2.0967883 1.1817087 2.4577483 7.4424280 2.1139150 
VIII_XM_024668296.1_XP_024524064.1_transcription_factor_MYB26__Selaginella_moellendorffii_                       4.1256779 4.2695369 4.2963239 2.1244643 3.0523934 2.9120427 3.2359075 2.7263467 2.9934435 2.8085278 2.8856859 3.3457624 3.6870401 2.7365226 2.9058303 2.9144784 2.7884825 2.8896861 1.6278216 1.2124630 2.7638290 2.4919596 2.4487112 1.3226224 1.3271932 2.5599399 1.9538228 1.0960257 2.0784976 1.6132377 2.4470958 2.1770836 2.1477732 2.0778389 1.9961307 1.9689012 2.2639671 2.0746070 1.0810980 0.0000000 1.7240981 1.6211012 1.6945165 1.7864717 1.8203371 1.4958839 2.3922821 1.5117098 1.2322002 1.4164480 1.3393960 2.8422588 3.0577339 2.3590170 2.1480853 2.8609093 2.4256010 3.1320718 2.4212828 2.9665143 2.3389769 2.7048256 2.1160655 2.0977263 2.1540417 1.9497875 1.7967524 1.2187674 1.5674512 1.8203371 2.3922821 1.2280758 2.0741811 5.8500304 1.7055932 
VIII_Mapoly0073s0038_PTQ35164.1_hypothetical_protein_MARPO_0073s0038__Marchantia_polymorpha_                     4.6611238 4.9991761 5.3704691 2.1491358 3.9718798 3.6887585 3.3694696 2.6151077 3.1794635 3.6156237 3.7241840 3.4863378 4.2708322 2.9731713 3.6839466 3.7274671 3.4078682 4.0173584 2.0260008 1.3918966 3.0366900 3.0544007 2.8793612 1.6826990 1.7659514 3.2399899 2.4692104 1.3766485 2.6915392 2.1360698 3.0091098 2.7346476 3.1812010 2.9233976 2.9582646 2.9115210 2.9900262 2.5777199 1.9060539 1.7240981 0.0000000 1.6242724 1.6115341 1.9482084 2.3803261 2.1820038 2.8925358 1.8717862 2.2717671 1.7903131 1.6348237 3.9171686 4.0255952 2.7949715 2.7129660 3.6113070 3.4572475 3.2586837 2.6479475 3.3628099 3.0631484 3.0927663 2.7219372 2.8871558 2.3774128 2.6150149 2.9500740 1.5705482 1.6172482 2.3803261 2.8925358 1.6898487 2.7634410 7.0112914 3.1425316 
VIII_Mapoly0006s0226_PTQ48220.1_hypothetical_protein_MARPO_0006s0226__Marchantia_polymorpha_                     5.1615707 5.4838877 5.6383174 2.3163906 4.2892631 3.9945907 3.3803725 2.6395056 3.5643313 3.3569183 3.5690881 3.8633510 3.7349052 3.8325433 3.1753295 3.4645446 3.6318842 3.4272044 2.0895205 1.4694964 3.2329674 2.7588281 2.7940640 1.9773772 1.9991382 3.6196621 2.4704758 1.1936995 2.7639682 2.4369260 3.0288767 2.6470693 2.8489757 2.7455579 2.4316489 2.5220303 2.8348049 2.2800235 1.5813674 1.6211012 1.6242724 0.0000000 1.6830479 1.4571999 2.4397955 1.9680537 2.9530682 2.3912423 1.8802653 1.9856685 1.5804946 3.3947543 3.5098839 2.6837588 2.3998994 3.3499402 3.0537983 3.7097169 2.5559097 2.9148712 2.9023818 3.2785417 2.6833238 2.7888927 2.3695372 2.6354435 2.6842015 1.3996215 2.0461283 2.4397955 2.9530682 1.1664056 2.7591078 6.7715407 3.1144597 
VIII_XM_024680104.1_XP_024535872.1_transcription_factor_MYB8-like__Selaginella_moellendorffii_                   4.2221264 4.7904465 4.7809881 2.4560145 3.7649159 3.4748251 3.2703818 2.5764224 3.2548970 3.5826494 3.5821493 3.5629999 3.7135566 3.1038092 2.9763888 3.1718205 3.1400839 3.1573574 2.1241465 1.5893751 2.5930887 2.4922075 2.5157932 1.5313126 1.5121719 2.5193923 2.3371011 1.2423615 2.2301189 2.0968829 2.8132222 2.6862768 3.1074863 2.6862108 2.2087858 2.7344114 2.6855510 2.3699514 1.5032653 1.6945165 1.6115341 1.6830479 0.0000000 1.5711747 2.2151418 1.7974154 2.4348543 2.0323827 1.9523085 1.6601489 1.4614859 4.1593595 4.0262853 3.4736270 2.9429314 3.1102324 3.1768696 3.0530467 2.6555873 2.8802771 3.2247886 2.9631381 2.3264174 2.5599470 2.4977202 2.0362583 2.5701618 1.8297528 1.7106937 2.2151418 2.4348543 1.4112124 2.6332103 7.0203147 2.6701557 
VIII_MN199020_QIN53296.1_R2R3-MYB_transcription_factor__Selaginella_moellendorffii_                              4.0884030 5.0122032 4.8421877 2.3648304 3.0323246 4.1441580 2.7767019 2.5692306 3.2313937 3.0611243 3.3193308 3.3740341 4.3324694 3.1873172 3.0155382 3.9613894 3.4152162 3.9720498 2.1354026 1.5337038 3.2317226 2.7856230 2.5220927 1.4105235 1.3915770 3.1216432 2.5777302 0.9965759 2.6512663 2.2132583 3.0637506 2.7232578 3.3094334 2.6483768 2.4154758 2.4652779 3.0519772 2.3543515 1.2775286 1.7864717 1.9482084 1.4571999 1.5711747 0.0000000 2.4302419 1.9186505 2.8336395 2.2170125 1.9718912 1.6080721 1.6807186 3.8038658 3.6016498 2.6262824 2.1630262 3.0822244 3.5139788 3.2271422 2.9225561 2.8535010 2.8829750 3.2018091 2.1409798 2.8739317 2.2957774 2.3697886 2.5469019 1.5227989 1.6295609 2.4302419 2.8336395 1.2545276 2.1419668 5.9604272 3.0009559 
Azfi_s0004.g008455                                                                                               4.5112037 4.6417950 5.1073034 2.0610832 3.2974559 3.8667076 3.0762240 2.7228370 3.1640612 3.1047894 2.8800589 2.9340077 3.8285428 3.7301809 3.6620295 3.2261341 3.2008097 3.1489795 1.5881347 1.1839422 2.4647898 2.3149232 2.3802723 1.4150119 1.3130162 3.0095971 1.8701134 0.8123353 1.2868285 1.4185429 1.7042255 0.8746927 1.4879146 1.5801515 1.5474555 1.4927128 1.6291709 1.5340585 1.8968423 1.8203371 2.3803261 2.4397955 2.2151418 2.4302419 0.0000000 2.2084027 1.2257218 1.9383690 2.0454108 1.3205867 2.1683248 3.8809467 4.1325322 2.6024283 2.3743508 2.6845945 2.7796507 3.4628079 2.1493028 2.3216334 2.5847411 2.7101145 2.7727391 1.9072985 1.4944446 1.8688404 1.7625107 2.2180004 2.0109874 0.0000010 1.2257218 2.2830985 2.9693058 6.2372740 3.7139447 
Azfi_s0014.g013584                                                                                               5.0024301 5.0186904 5.3724918 2.1040386 3.4522425 3.1120433 3.2274719 2.3786340 3.8798201 2.9871513 3.5992605 3.7503618 4.1170996 3.0031115 2.8226743 3.8073315 2.9109495 2.9539897 1.8142553 1.3891237 2.9158331 2.8920965 2.9790346 1.3609368 1.3987441 3.0393176 2.1701212 1.0273613 2.2478301 1.8961737 2.7538808 2.2997440 2.6255430 2.7693825 2.4429740 2.4372670 2.9778811 2.2514903 1.3131938 1.4958839 2.1820038 1.9680537 1.7974154 1.9186505 2.2084027 0.0000000 2.4998320 2.0730514 1.8557769 1.5564332 1.6137286 4.0423071 4.6122529 2.7580687 2.6050743 3.3634586 2.9843132 3.0451972 2.5969763 2.9360060 2.5568520 2.8429831 2.2637841 2.1784942 2.2946366 2.4818699 2.5780931 1.5611483 1.4650356 2.2084027 2.4998320 1.6535442 2.6486341 8.9999981 2.8147282 
