72
CDC5_XM_024686040.1_XP_024541808.1_cell_division_cycle_5-like_protein                                            0.0000000 0.0395599 0.3129121 2.7113589 4.5691853 4.3499864 4.7036195 4.7065090 4.8870252 4.4098826 4.8654622 5.0546019 4.5498371 4.3559456 4.3038247 3.8987968 4.1177135 4.4857375 3.7782063 3.3248352 5.1120133 5.4781266 6.1694809 4.5623731 4.8259823 5.3138346 5.1127669 3.2863544 4.4698666 3.5897273 5.6558389 4.6761383 3.8557254 4.2873481 4.8737661 4.0170839 5.9762989 4.9855078 3.5363979 4.1050494 4.6658091 3.9469980 4.5668465 3.9385771 4.1132343 4.3540588 4.1236060 3.9965171 4.0613863 4.6316790 4.1036469 3.4248529 4.1065638 4.3973095 3.8142830 5.9475014 4.1709303 4.3088894 3.9488339 3.0678238 3.9161054 5.0192613 5.1729252 4.9484492 4.6713319 3.4402134 4.1508704 4.7705685 4.2084711 4.9948884 3.8237719 4.7335372 
CDC5_XM_002981114.2_XP_002981160.1_cell_division_cycle_5-like_protein__Selaginella_moellendorffii_               0.0395599 0.0000000 0.3540087 3.1018781 5.2960518 4.7357735 5.4571695 5.1350481 5.8833738 5.4955249 5.5745704 5.5291598 5.2720906 4.7324141 4.7710252 3.8969201 4.4429900 4.9168543 3.5293894 3.0720538 5.2010955 5.2556503 5.7005706 4.2471629 4.4472781 5.1778332 5.0384315 3.1905692 5.0703157 3.8448160 6.1692858 5.1944695 4.6643404 4.7289328 5.2336408 4.7943403 6.2558226 5.5432615 3.9442267 4.7473517 4.9577065 4.2840099 4.6381199 4.3541005 4.5071802 4.4615380 4.9635271 3.7310458 4.6433982 5.5393348 4.8592603 3.2521038 4.1104240 4.7117924 4.1481817 6.2064618 4.4479531 4.6463512 4.7098249 3.0035279 4.1319171 5.2510332 5.4132237 4.8967409 5.3355274 3.5745387 4.4039456 5.5431217 4.6665320 5.5256351 4.2545299 4.9571804 
CDC5_Mapoly0014s0195_PTQ45693.1_hypothetical_protein_MARPO_0014s0195__Marchantia_polymorpha_                     0.3129121 0.3540087 0.0000000 3.0075381 5.3933965 4.8947704 5.2168943 5.1048646 5.2486281 5.2974953 5.3063075 5.4209572 4.9235946 4.8814298 4.6575151 4.1429298 4.5133184 5.0639982 3.6858498 3.0720538 4.9878564 5.2271665 5.4729624 4.1587887 4.3445227 4.9206969 5.7487880 3.3650592 4.9265271 4.3052577 6.3918076 5.6479178 4.7801495 4.8349386 4.9241991 4.6885014 5.9013237 5.2903202 4.1096730 4.7241836 4.3856783 4.3927467 4.3282420 4.4961828 4.5161625 4.2303637 5.0064146 3.7449960 4.8256548 5.0733792 4.6542508 3.4199173 4.0586488 4.5579935 4.1004074 5.9445324 4.5422219 4.9343586 4.5815679 3.0264864 3.7381202 5.1232126 5.9204275 5.0635269 5.0461293 3.4141451 4.6406245 5.0696740 4.8586587 5.6152408 3.6742758 4.8797740 
I_Mapoly0085s0092_PTQ33890.1_hypothetical_protein_MARPO_0085s0092__Marchantia_polymorpha_                        2.7113589 3.1018781 3.0075381 0.0000000 1.6563230 1.5896577 1.9356783 1.9851945 2.0135633 2.1202101 1.7930245 2.1034052 2.2905035 2.3300588 2.3925193 2.1564437 1.8069219 2.9974337 1.8033063 1.8104964 2.4636560 2.4183036 2.9938674 2.1156859 1.7843535 2.9315640 2.8130858 1.7829430 1.9893036 2.4561374 3.0523821 2.3812602 2.5594222 2.2431333 2.3087417 2.3007471 2.2244824 2.3349926 1.7547715 2.2581783 1.8651373 2.6061260 2.1032016 1.8716479 2.3163739 1.9299644 2.3481421 2.1224246 2.6724538 2.1125302 2.2024724 1.9331414 1.5149425 1.8734327 1.7975913 2.0938706 1.8604370 1.9972610 1.5455855 2.1826615 1.9279480 2.5271653 2.1955506 2.0224450 2.2913234 1.9672977 2.2530001 2.0937968 2.4421537 1.9737283 2.3575275 2.9293079 
II_Mapoly0001s0061_PTQ49997.1_hypothetical_protein_MARPO_0001s0061__Marchantia_polymorpha_                       4.5691853 5.2960518 5.3933965 1.6563230 0.0000000 2.2216891 3.0603369 2.8817233 2.8770495 2.8678135 2.6386094 3.4163447 3.3260581 2.8049533 2.9997940 3.3259126 2.6947935 4.1917316 2.1882555 1.7186722 3.9431229 4.4980239 3.7514730 2.2674409 2.2111017 4.1852899 4.0307300 2.1070281 3.8346593 3.6146255 5.3130872 3.8014021 3.5279503 3.2715052 3.4331075 3.9485758 3.9347796 4.0488377 3.1160956 3.3459522 4.1127197 3.4341337 2.7485362 2.9074477 3.0922086 2.4859754 3.1630865 2.7279437 3.4466136 3.0288225 3.2760880 2.3210978 1.6517490 2.0490165 1.8117078 3.2126808 2.6186746 2.5429697 2.7371197 2.7943196 2.4994597 3.2162495 3.8131265 3.8787877 4.3978335 2.3557910 3.4057044 3.7875934 3.6300600 3.1832700 2.4480365 4.4226997 
III_XM_002991980.2_XP_002992026.2_myb-related_protein_B__Selaginella_moellendorffii_                             4.3499864 4.7357735 4.8947704 1.5896577 2.2216891 0.0000000 2.9571017 2.4931227 3.0709424 2.6022445 2.8387934 2.9635161 3.0531805 2.9227004 2.8817444 3.4507388 2.7408282 3.6262096 1.7892679 1.9160646 3.0888300 3.6599180 3.6417293 2.3330267 2.1406625 3.5455885 3.1913712 2.1670460 3.5990981 3.5209215 4.1657422 3.5293740 3.3401719 4.0280723 3.6641345 3.3192412 3.4842605 3.4347597 2.8224270 2.9681775 3.8096506 3.3914131 2.9098912 3.0071427 3.2798722 2.9096558 3.6123878 2.3329045 4.0102820 2.8355859 3.0598654 2.2410313 1.8530548 1.8809001 1.8248199 2.4857624 2.4870150 2.3251964 2.6508733 2.8511299 2.6057174 3.0115194 3.6243438 3.0547871 3.6235538 2.6596956 2.4467870 3.1442658 3.6339404 3.3660153 2.6645733 3.0969449 
III_Mapoly0007s0271_PTQ47916.1_hypothetical_protein_MARPO_0007s0271__Marchantia_polymorpha_                      4.7036195 5.4571695 5.2168943 1.9356783 3.0603369 2.9571017 0.0000000 1.5135848 1.8542237 1.8556550 1.5241574 2.0957819 3.3604716 2.9629009 2.9253720 3.0391957 2.9323693 4.5345182 2.8582052 2.0519087 3.5245263 3.7325375 4.0201846 2.1039350 2.0528969 3.6862327 3.6819468 1.7713310 3.0189982 3.5599351 4.1202349 4.1159898 3.5289324 3.4974545 3.2116018 3.9819929 3.6185970 3.2066281 3.2980100 3.8111877 4.2487712 3.5673485 3.0136084 3.0152328 3.4287646 2.9441988 4.0402419 2.3592616 4.6722563 3.0671944 3.2506372 2.1632226 2.6063894 2.5519270 2.4068318 1.7825025 1.5342369 1.8174088 2.3281443 2.2294999 2.2309555 2.9017484 3.5795575 3.5759445 3.8432994 3.7765595 3.0509735 3.3054338 3.8088853 3.5440054 2.2899862 4.0171032 
III_XM_002971992.2_XP_002972038.2_transcription_factor_MYB1__Selaginella_moellendorffii_                         4.7065090 5.1350481 5.1048646 1.9851945 2.8817233 2.4931227 1.5135848 0.0000000 1.6784394 1.5681975 1.7273771 1.7376992 2.7555702 2.4512392 2.5978286 2.6191889 2.2763877 3.5303317 2.0004142 1.7345338 3.0277081 2.9934481 3.1262200 2.1390509 1.8546911 3.2943291 3.0508925 1.5235583 2.6764337 2.6389269 3.6511668 2.7791535 3.2987970 3.1329919 3.1924906 3.1337023 3.1427898 3.2748891 2.7465038 3.0444747 3.2465743 3.2172575 2.8877147 2.5463931 2.8982203 3.0436773 3.2544414 1.9564839 3.4086796 2.1949229 2.5086734 1.8851101 2.2435793 2.7156137 2.0260108 1.7338933 1.3312474 1.5722870 1.9865693 2.3911898 1.9539142 2.7354144 3.2670202 3.0719785 3.0583229 3.3189111 2.4183489 3.2450011 3.4489841 2.8590039 2.0079590 3.4970036 
IV_MN199005_QIN53281.1_R2R3-MYB_transcription_factor__Selaginella_moellendorffii_                                4.8870252 5.8833738 5.2486281 2.0135633 2.8770495 3.0709424 1.8542237 1.6784394 0.0000000 0.9640668 1.1210104 1.1863736 2.7202536 2.5780132 2.4751395 2.4410914 2.5992175 3.7573990 2.3152789 1.6389586 3.4203385 3.2437552 3.4819087 2.1351434 2.0844311 3.1049549 2.9255619 1.7066679 3.1269732 2.7818226 3.9867617 3.5219596 2.9578116 3.3687173 3.0338582 3.0498391 3.1106342 2.8788840 3.5045582 2.9827557 3.4837451 2.8979472 3.4178541 2.8020164 2.6151558 2.8758552 3.7585061 2.4627393 3.5307233 2.6558033 2.8482175 1.7397522 2.2047712 2.4690828 2.2117117 2.2635279 1.0311086 1.2771211 1.8894256 1.7552049 1.7567476 2.3320169 3.3465588 3.1733639 3.0837193 2.9244263 3.0497898 3.2374679 3.6611947 3.4469764 2.0513363 3.2176673 
IV_MN199007_QIN53283.1_R2R3-MYB_transcription_factor__Selaginella_moellendorffii_                                4.4098826 5.4955249 5.2974953 2.1202101 2.8678135 2.6022445 1.8556550 1.5681975 0.9640668 0.0000000 1.0831177 1.0759106 3.2465383 3.0158946 2.3119380 3.1989479 2.9010376 4.6247701 2.8116919 1.8640269 3.9585909 3.9601809 3.9921602 1.9766692 1.8514228 3.8512417 3.4634129 1.4650568 2.7530894 3.1677701 4.2554394 4.0269443 3.3595354 3.4413809 2.8663527 3.4837084 3.2365692 3.0452057 3.2351959 3.0745353 4.0357139 3.5810853 3.0729456 3.1978491 3.3505598 2.5002323 3.7956520 1.9316453 3.6547736 2.4950749 2.7736552 2.1783917 2.1378711 2.7915232 2.3679423 2.1907181 1.1743788 1.2822971 2.6638046 2.2220897 2.0660865 2.5276693 3.0039954 3.7067859 3.2740069 2.7863621 2.9747986 2.9761726 3.4676110 3.7657487 2.0351594 3.1086098 
IV_MN199006_QIN53282.1_R2R3-MYB_transcription_factor__Selaginella_moellendorffii_                                4.8654622 5.5745704 5.3063075 1.7930245 2.6386094 2.8387934 1.5241574 1.7273771 1.1210104 1.0831177 0.0000000 1.1167150 3.2260856 2.7666348 2.6431488 2.7387665 3.1348850 3.8153320 2.4921633 1.7600611 3.5237154 3.4738794 3.5416185 2.0836103 1.7960711 3.1507570 3.3318129 1.5392253 2.9933113 2.7024301 3.5309004 3.0398923 3.2467824 3.1344594 2.5638121 3.1382834 3.1850223 2.9165008 3.6187738 4.0022613 3.8726137 3.2900903 2.9952909 3.0756923 3.0832377 3.0557898 3.6062471 2.0838621 3.5389205 2.9115546 3.0998867 1.7218641 2.2459358 2.1153767 2.2570979 2.1161596 1.1785867 1.2141024 2.4758489 1.8940998 2.1891095 2.7794013 3.0660640 3.6726698 3.0138920 2.8931683 3.2967363 2.8356961 3.4612086 3.9525590 1.8788862 3.8113517 
IV_Mapoly0032s0153_PTQ41991.1_hypothetical_protein_MARPO_0032s0153__Marchantia_polymorpha_                       5.0546019 5.5291598 5.4209572 2.1034052 3.4163447 2.9635161 2.0957819 1.7376992 1.1863736 1.0759106 1.1167150 0.0000000 3.3550629 3.0549171 2.6974879 3.3829548 3.3317940 4.7995535 2.4898695 1.8712871 3.2130584 4.2603846 4.2122486 2.3114378 2.0548199 3.6834127 3.6798758 1.9399071 3.4682910 3.5822574 4.7152797 4.2228685 3.7051034 3.3789834 3.2269840 3.8295569 3.5340305 3.1132017 3.7240654 3.7760441 4.5728406 3.9883440 3.1837293 3.2500183 3.7723772 3.0205726 4.3834290 2.4278662 3.6170816 2.8830755 3.0446866 2.2635436 2.2851115 2.7663682 2.2911812 2.1430100 1.0348049 1.2201305 2.5273250 2.2592085 2.1795779 2.8527908 3.5573870 3.6503106 3.6443741 3.3639474 3.7400352 3.2659638 4.0933650 4.2552113 1.9052670 4.3298938 
V_Mapoly0008s0029_PTQ47242.1_hypothetical_protein_MARPO_0008s0029__Marchantia_polymorpha_                        4.5498371 5.2720906 4.9235946 2.2905035 3.3260581 3.0531805 3.3604716 2.7555702 2.7202536 3.2465383 3.2260856 3.3550629 0.0000000 1.1919000 1.2320571 1.6056874 1.0899920 3.9390624 2.1482824 1.7691541 3.5792136 3.6829925 3.7475390 2.4043299 2.4256422 4.3838795 3.8234435 2.6356719 4.6229823 4.5007723 5.0001592 4.6589752 4.2923833 4.6067818 3.8354460 4.6104516 4.3870674 4.1242266 3.4839416 3.3177902 4.4776732 3.7459533 3.1716034 3.5647492 3.3349842 3.2150956 3.8340311 2.6227216 4.1190860 4.2114617 4.6366829 2.8166713 3.2681334 2.8641133 3.1427717 2.9128701 2.4696197 2.8587516 1.1662695 1.4743069 1.0864466 2.7480487 4.2559893 3.4316561 4.1380425 3.5296496 3.9006434 4.2883499 4.2086272 3.9438912 1.2310818 2.8760051 
V_XM_002977602.2_XP_002977648.2_uncharacterized_protein_LOC9657152__Selaginella_moellendorffii_                  4.3559456 4.7324141 4.8814298 2.3300588 2.8049533 2.9227004 2.9629009 2.4512392 2.5780132 3.0158946 2.7666348 3.0549171 1.1919000 0.0000000 1.0857682 1.3675186 1.1174374 3.2269807 2.3317164 1.8800450 4.0074511 3.4871248 2.8415531 2.4853816 2.4560041 4.3847052 3.3432459 2.1399350 3.4766071 4.1728920 3.9602774 3.9108123 3.9491625 3.7621841 3.8578018 4.1463710 3.3419328 3.6884323 3.3923744 3.0655238 4.0376708 3.1215232 2.7695810 3.3092555 3.5237255 3.4152048 3.8122726 2.7117004 4.5716764 3.6286987 4.0692494 2.6178475 2.8699775 2.7818041 2.7850621 2.8839831 2.1526714 2.2107921 1.1353652 1.3952465 1.0188330 3.1629527 4.2681293 3.1276207 4.2869657 3.5935215 2.9634719 3.6093860 3.7593654 3.4978983 1.4048889 3.9651561 
V_MN199008_QIN53284.1_R2R3-MYB_transcription_factor__Selaginella_moellendorffii_                                 4.3038247 4.7710252 4.6575151 2.3925193 2.9997940 2.8817444 2.9253720 2.5978286 2.4751395 2.3119380 2.6431488 2.6974879 1.2320571 1.0857682 0.0000000 1.5413367 0.9659416 3.5341855 1.9503582 1.7688557 3.9178193 3.4049033 3.8318176 2.3098143 2.1916530 3.9747783 3.1744906 2.2076235 3.7158837 3.5744881 4.3949726 4.2685332 4.0470566 3.5140580 3.1842569 4.1472856 3.8605700 3.7496652 4.2250695 3.7422241 4.4089672 3.8151829 2.7809089 3.9206486 3.9347439 2.8371561 4.0114698 2.6044824 5.9990256 3.5026843 3.5282234 2.9809433 3.1714452 2.7875388 2.6295459 2.5473054 2.2728006 2.3986096 1.2584362 1.2192756 0.9432142 3.0081973 3.8986546 3.6804106 3.9216653 3.3402657 3.7429635 4.2626779 4.2146267 3.2983761 1.2125238 3.6924046 
V_MN199009_QIN53285.1_R2R3-MYB_transcription_factor__Selaginella_moellendorffii_                                 3.8987968 3.8969201 4.1429298 2.1564437 3.3259126 3.4507388 3.0391957 2.6191889 2.4410914 3.1989479 2.7387665 3.3829548 1.6056874 1.3675186 1.5413367 0.0000000 1.3800513 3.0608836 2.1709174 1.8292056 4.3112360 3.5345384 3.6008586 2.2900360 2.1133157 4.4301957 3.7458567 2.2945268 3.9977858 4.0892591 4.4135717 3.6501476 3.8713070 4.2260340 3.6897055 3.9653401 3.9650540 4.1247731 2.9405068 3.0727185 4.4523437 3.3542167 2.7847311 2.9110457 3.3280085 3.1031658 3.7543921 2.5887907 4.3354874 3.4633610 3.5877337 2.2743319 3.2574450 2.9761864 2.9659289 3.0884887 2.2016492 2.2969856 1.1486424 1.4462457 0.8780716 3.1511509 4.2480482 3.2987944 4.1475451 2.8799594 3.1664492 3.3346054 4.2699935 3.3836336 1.2770653 4.1235895 
V_MN199010_QIN53286.1_R2R3-MYB_transcription_factor__Selaginella_moellendorffii_                                 4.1177135 4.4429900 4.5133184 1.8069219 2.6947935 2.7408282 2.9323693 2.2763877 2.5992175 2.9010376 3.1348850 3.3317940 1.0899920 1.1174374 0.9659416 1.3800513 0.0000000 3.0352808 2.0371395 1.7038054 4.0482566 3.5233053 3.3990004 2.2424477 2.2021332 3.5214549 3.3212364 2.2509862 4.1054692 3.6842908 3.7460830 3.7857501 3.2261129 4.2638264 3.6596598 3.7934682 3.4311738 3.5671577 3.5207113 2.9201226 3.5292930 3.0341260 2.8091290 3.1335487 3.4249777 3.4077559 3.4351620 2.4349882 3.6930409 3.1363195 3.7411065 2.1235757 2.8908677 2.2228198 2.5545884 2.4412218 2.0598298 2.2858270 1.1098098 1.2822149 0.9473316 2.9453675 3.7399618 3.4482960 3.2994285 2.5342779 3.0555162 3.5861568 3.3429046 2.9377569 0.9690915 3.2788202 
VI_g8575.t1_length                                                                                               4.4857375 4.9168543 5.0639982 2.9974337 4.1917316 3.6262096 4.5345182 3.5303317 3.7573990 4.6247701 3.8153320 4.7995535 3.9390624 3.2269807 3.5341855 3.0608836 3.0352808 0.0000000 0.0384943 0.0543420 2.3253075 2.0815484 2.4645686 1.2435084 1.0652852 2.4699924 2.0544854 1.7110258 3.3100851 3.4153827 3.6671361 3.1937664 2.9851121 3.6818883 3.1391724 3.2398078 3.3118614 3.4618115 2.6441701 3.0422653 3.7208652 3.3236902 2.4561328 3.4271563 3.2348480 2.5180102 3.5881046 1.2668099 4.1352489 4.8199381 4.6595622 3.8808237 3.3731879 3.3661536 3.3925205 3.4276279 3.2179336 3.7910482 2.9205847 3.0397015 2.6522892 2.0221092 3.1066397 2.8731049 3.7518329 2.9163236 2.7515344 2.7008623 3.1146519 2.9883963 2.7909134 3.4474532 
VI_BBG43567_LC221833_MYB_transcription_factor                                                                    3.7782063 3.5293894 3.6858498 1.8033063 2.1882555 1.7892679 2.8582052 2.0004142 2.3152789 2.8116919 2.4921633 2.4898695 2.1482824 2.3317164 1.9503582 2.1709174 2.0371395 0.0384943 0.0000000 0.0624464 1.2009624 1.3280640 1.1380278 0.8411820 0.7309120 1.0291202 1.2015960 1.1986214 1.6524507 1.7128841 1.8976003 1.4729928 1.6857316 1.7347016 1.6755001 1.7835075 1.6450491 1.6894876 1.8507636 1.5638414 1.8139762 2.0773144 2.0371160 2.2611038 1.7378094 1.7351681 1.7908547 0.8339595 1.6941908 2.5834690 2.4631074 2.2676737 1.8287501 1.8677627 1.7738931 2.2453973 1.6342544 2.0494939 1.7730976 1.5745149 1.6598441 1.0543886 1.6569059 1.6362342 1.5863315 2.1503397 1.6207398 1.5278688 1.4652058 1.8715804 1.6245972 2.0188467 
BBG43566_LC221832_Chara_leptospora_mRNA_for_MYB_transcription_factor                                             3.3248352 3.0720538 3.0720538 1.8104964 1.7186722 1.9160646 2.0519087 1.7345338 1.6389586 1.8640269 1.7600611 1.8712871 1.7691541 1.8800450 1.7688557 1.8292056 1.7038054 0.0543420 0.0624464 0.0000000 0.9486215 0.8838798 0.9224049 0.8357284 0.7267121 0.8722211 0.8960509 1.1574783 1.2577671 1.2360251 1.3148974 1.1525050 1.2845816 1.4167100 1.2996064 1.3015829 1.3796145 1.3111419 1.4298765 1.2244911 1.3484349 1.4883568 1.6097998 1.5506984 1.4073214 1.3122023 1.2852159 0.8285515 1.2715533 1.9103605 1.9217433 2.2648146 1.8714991 1.8993334 1.6541587 1.8822771 1.5216369 1.8521247 1.7336691 1.5919356 1.6999537 0.8645214 1.2103154 1.2972339 1.2554938 1.4872505 1.3583726 1.1954514 1.1685381 1.4677396 1.6225702 1.6435809 
VI_Mapoly0019s0071.1                                                                                             5.1120133 5.2010955 4.9878564 2.4636560 3.9431229 3.0888300 3.5245263 3.0277081 3.4203385 3.9585909 3.5237154 3.2130584 3.5792136 4.0074511 3.9178193 4.3112360 4.0482566 2.3253075 1.2009624 0.9486215 0.0000000 0.7104800 0.8279330 0.3010020 0.2568180 0.7562682 1.0435030 1.2249108 2.2070470 2.1866826 2.1666220 2.3590976 2.5440777 2.4349966 2.0314086 2.3428131 2.3258444 2.1656620 2.5904703 2.7012624 2.9172170 3.1625307 2.3280498 2.7238232 2.5560503 1.8790653 2.5974589 0.3346819 2.7351879 3.7968157 3.8797711 2.6691139 2.2136085 2.4630353 2.7325579 2.5033604 2.8828404 2.8364739 2.8675111 2.6934403 3.3397242 1.2316494 2.2214626 2.2868210 2.4442282 2.2413345 2.3842042 2.0658010 2.4724012 2.5802936 2.6616554 3.0297208 
VI_XM_024688730.1__XP_024544498.1                                                                                5.4781266 5.2556503 5.2271665 2.4183036 4.4980239 3.6599180 3.7325375 2.9934481 3.2437552 3.9601809 3.4738794 4.2603846 3.6829925 3.4871248 3.4049033 3.5345384 3.5233053 2.0815484 1.3280640 0.8838798 0.7104800 0.0000000 0.7403610 0.3147616 0.2680663 0.8497953 0.9793902 1.1444742 2.6680348 1.9890678 2.4167855 2.4605627 2.7301007 2.7259991 2.2505568 2.2777117 2.3524143 2.2836968 2.4351534 2.5511467 3.1114757 2.7107241 1.9543046 2.2954430 2.5888540 1.9406379 2.4863114 0.3635370 2.9067861 3.3389818 3.6536960 2.3408339 2.4765721 2.3403873 3.1194085 3.0721921 2.9169313 2.8045430 2.7769939 2.6009364 3.0032690 1.1026255 2.5505875 2.6774550 2.4990128 2.3010995 2.2703095 2.0328887 2.3789286 2.6696218 2.4965876 2.9725383 
VI_XM_024688389.1_XP_024524157.1_transcription_repressor_MYB4__Selaginella_moellendorffii_                       6.1694809 5.7005706 5.4729624 2.9938674 3.7514730 3.6417293 4.0201846 3.1262200 3.4819087 3.9921602 3.5416185 4.2122486 3.7475390 2.8415531 3.8318176 3.6008586 3.3990004 2.4645686 1.1380278 0.9224049 0.8279330 0.7403610 0.0000000 0.3859153 0.3256069 1.0506043 0.9885623 1.1821161 2.4753903 2.3033867 2.9136363 2.7105079 2.7245516 2.7403984 2.4497413 3.0724660 2.5201162 2.7295606 2.4046813 2.6867425 2.9888667 2.6923459 2.4521589 2.5088427 2.8028183 1.6847800 2.8802129 0.5565372 2.6671826 4.2191464 3.9211554 2.8860952 2.8651346 2.6433500 2.8967866 3.1873761 3.1002197 2.7686276 2.5434774 2.5374139 3.1739875 1.0653277 2.6175031 2.7261402 2.8648719 1.9704274 2.4318623 2.1228686 2.7860615 2.3969219 2.8765605 3.6075469 
VI_Sacu_v1.1_s1503.g028048_Myb_transcription_factor__0.077_                                                      4.5623731 4.2471629 4.1587887 2.1156859 2.2674409 2.3330267 2.1039350 2.1390509 2.1351434 1.9766692 2.0836103 2.3114378 2.4043299 2.4853816 2.3098143 2.2900360 2.2424477 1.2435084 0.8411820 0.8357284 0.3010020 0.3147616 0.3859153 0.0000000 0.0000010 0.3799584 0.4384849 0.9885059 1.1379035 1.1781622 1.0714240 1.4712265 1.3621226 1.3528592 1.2928380 1.3630128 1.2483219 1.2880655 1.4587650 1.6480365 1.8022605 1.7165628 1.7996593 1.7558255 1.5896424 1.2579792 1.6462018 0.1553690 1.7713015 2.4365609 2.8944890 2.5170275 2.0951541 2.1357812 2.3408929 2.5604638 1.6962835 1.7398002 1.8299970 1.9526459 2.0897803 0.5497551 1.2054059 1.3222594 1.4808199 1.8730409 1.4774554 1.3821135 1.4184333 1.9096421 2.8295411 2.2286444 
VI_Sacu_v1.1_s0147.g023157_Myb_transcription_factor__0.077_                                                      4.8259823 4.4472781 4.3445227 1.7843535 2.2111017 2.1406625 2.0528969 1.8546911 2.0844311 1.8514228 1.7960711 2.0548199 2.4256422 2.4560041 2.1916530 2.1133157 2.2021332 1.0652852 0.7309120 0.7267121 0.2568180 0.2680663 0.3256069 0.0000010 0.0000000 0.2705735 0.3864467 1.0113064 1.0626378 1.2010312 1.0454528 1.3477636 1.2548779 1.3630495 1.2279545 1.1794386 1.2175311 1.2083580 1.3451526 1.5579098 1.6657941 1.5686885 1.6053738 1.5598591 1.5063681 1.2935246 1.4801692 0.0663325 1.6634809 2.1348756 2.5838557 2.1640149 1.9042638 1.9520383 2.0727569 2.3169533 1.6675865 1.5562682 1.8452370 1.8375890 1.9337808 0.4697298 1.0931430 1.1734464 1.4201417 1.7211313 1.2808376 1.2841693 1.3783716 1.7445895 2.4380723 2.1364224 
VI_MA_130648p0010_437_residues__                                                                                 5.3138346 5.1778332 4.9206969 2.9315640 4.1852899 3.5455885 3.6862327 3.2943291 3.1049549 3.8512417 3.1507570 3.6834127 4.3838795 4.3847052 3.9747783 4.4301957 3.5214549 2.4699924 1.0291202 0.8722211 0.7562682 0.8497953 1.0506043 0.3799584 0.2705735 0.0000000 1.0138046 1.1876871 2.2849092 2.7313188 3.1099995 2.8837867 3.1089209 2.5559998 2.3393778 2.7468748 2.5690170 2.5863873 2.6421718 2.7164002 2.8027705 3.1083268 2.2881988 2.8413766 2.6253695 2.0193045 2.8767341 0.4756672 3.0761237 3.5202539 4.1738281 3.3480806 2.6549475 3.1456750 3.1619345 3.0252782 2.3838146 2.5670214 3.2372405 3.2971399 3.2830393 1.1307765 2.0986328 2.3371579 2.7701913 1.8609619 2.2542225 2.8187244 3.1552615 2.7325329 3.0901526 3.1443448 
VI_AmTr_v1.0_scaffold00111.43_locus_evm_27.TU.AmTr_v1.0_scaffold00111.43                                         5.1127669 5.0384315 5.7487880 2.8130858 4.0307300 3.1913712 3.6819468 3.0508925 2.9255619 3.4634129 3.3318129 3.6798758 3.8234435 3.3432459 3.1744906 3.7458567 3.3212364 2.0544854 1.2015960 0.8960509 1.0435030 0.9793902 0.9885623 0.4384849 0.3864467 1.0138046 0.0000000 1.0596659 2.0626814 1.9918390 2.5126849 2.0112169 2.6871704 1.8540023 1.7364497 2.3462106 2.1238141 2.0237963 2.2626583 2.1869452 2.7067897 2.7986367 2.2602464 2.6315380 2.5096709 2.0803937 2.6092193 0.4683108 2.4360437 3.9528654 3.7072471 2.9841564 2.4915340 2.4484701 3.2957074 2.8715118 2.2193115 2.6739010 2.8723569 2.5502489 3.1819916 0.9186179 2.1701629 2.2562890 2.0217423 2.3687997 2.3555355 1.9591881 2.0681486 2.3418311 2.8752545 2.9977256 
VII_HAOX-0009745                                                                                                 3.2863544 3.1905692 3.3650592 1.7829430 2.1070281 2.1670460 1.7713310 1.5235583 1.7066679 1.4650568 1.5392253 1.9399071 2.6356719 2.1399350 2.2076235 2.2945268 2.2509862 1.7110258 1.1986214 1.1574783 1.2249108 1.1444742 1.1821161 0.9885059 1.0113064 1.1876871 1.0596659 0.0000000 0.6253090 0.6268088 0.8396326 0.9055009 1.0831210 0.6105694 0.5480516 0.7115667 0.5643143 0.6092896 0.8384998 1.1649948 1.2769716 1.0121957 1.1886523 1.1289577 1.2274165 1.3137706 1.2866459 1.0223915 1.1806717 2.0016883 1.7495825 2.2426042 1.5956174 1.8280625 1.6694676 1.8558759 1.8162370 1.8639494 2.2647457 1.9643425 1.9615587 0.9719847 0.6543182 0.8072926 0.7302675 1.1650807 0.9823923 0.7836204 0.9319374 1.1034081 2.3819495 1.4899986 
VII_Mp3g05910.1                                                                                                  4.4698666 5.0703157 4.9265271 1.9893036 3.8346593 3.5990981 3.0189982 2.6764337 3.1269732 2.7530894 2.9933113 3.4682910 4.6229823 3.4766071 3.7158837 3.9977858 4.1054692 3.3100851 1.6524507 1.2577671 2.2070470 2.6680348 2.4753903 1.1379035 1.0626378 2.2849092 2.0626814 0.6253090 0.0000000 1.2706691 1.7329974 1.3813434 1.7262417 0.8534424 0.9491115 0.9019628 1.1530710 1.1567065 1.7602167 2.1919989 2.9590900 2.2138299 2.0475995 2.4215714 1.9452462 1.9379779 2.3702391 1.2210021 2.2550321 3.6975123 3.9012620 2.5125178 2.2592636 2.9202339 2.5659304 3.3806351 2.8374110 2.9804329 3.0620729 2.9088707 2.8989674 1.9544086 1.1746818 1.6431620 1.3135882 1.7635976 1.8683827 1.4891872 1.5823614 2.0541356 2.8503186 2.7505797 
VII_ENA_MN199011_MN199011.1_Selaginella_moellendorffii                                                           3.5897273 3.8448160 4.3052577 2.4561374 3.6146255 3.5209215 3.5599351 2.6389269 2.7818226 3.1677701 2.7024301 3.5822574 4.5007723 4.1728920 3.5744881 4.0892591 3.6842908 3.4153827 1.7128841 1.2360251 2.1866826 1.9890678 2.3033867 1.1781622 1.2010312 2.7313188 1.9918390 0.6268088 1.2706691 0.0000000 1.7498388 1.8832167 1.6807274 1.5889947 1.3966731 1.3764622 1.3605021 1.4187584 1.9096546 2.0943250 2.4718905 2.2668632 1.8367024 1.9213415 2.0260812 1.9188354 2.1147750 1.3132290 2.5858981 3.5057981 4.3718176 3.2039543 2.6926952 2.8060654 3.3672256 3.1589771 2.6282579 2.7715883 3.2245727 2.9233275 3.0351679 1.6542933 1.2295879 1.4369300 1.8650147 1.7846638 1.8964421 1.6404657 1.9771598 2.1183815 3.1427190 2.4621299 
VII_Sacu_v1.1_s0002.g001222_Myb_transcription_factor__0.077_                                                     5.6558389 6.1692858 6.3918076 3.0523821 5.3130872 4.1657422 4.1202349 3.6511668 3.9867617 4.2554394 3.5309004 4.7152797 5.0001592 3.9602774 4.3949726 4.4135717 3.7460830 3.6671361 1.8976003 1.3148974 2.1666220 2.4167855 2.9136363 1.0714240 1.0454528 3.1099995 2.5126849 0.8396326 1.7329974 1.7498388 0.0000000 1.4497217 1.8013513 2.0643874 1.8498717 1.5320159 2.2406365 1.8593121 2.1061670 2.5994910 3.1735926 2.6021701 2.4559734 2.5336018 2.6557509 2.4774483 2.7980869 1.3782971 3.1383794 4.0701961 4.9971764 3.2672033 3.1580971 2.8752974 3.6135979 3.7720261 3.1824111 3.8169074 3.4407337 4.1109575 3.5946524 2.1207521 1.9670987 2.2279744 2.0790355 2.2084152 2.0077713 1.4153490 1.6258045 2.2846235 3.3564750 3.1100484 
VII_Sacu_v1.1_s0041.g012546_Myb_transcription_factor__0.077_                                                     4.6761383 5.1944695 5.6479178 2.3812602 3.8014021 3.5293740 4.1159898 2.7791535 3.5219596 4.0269443 3.0398923 4.2228685 4.6589752 3.9108123 4.2685332 3.6501476 3.7857501 3.1937664 1.4729928 1.1525050 2.3590976 2.4605627 2.7105079 1.4712265 1.3477636 2.8837867 2.0112169 0.9055009 1.3813434 1.8832167 1.4497217 0.0000000 1.6645946 1.8149436 1.6434010 1.5977352 1.8601784 2.0939640 1.5826549 2.3881267 3.1200272 2.4094246 2.2722069 2.2736530 2.2460792 1.7710246 2.2465645 1.5726309 2.6033695 4.2989807 4.5711975 2.6490860 2.6691435 2.7634574 2.7592790 3.6597239 3.5613546 3.7780581 3.1010997 3.7567563 3.5190395 1.9009591 1.5655777 2.0611803 2.0686844 2.2864254 2.0996858 0.9462342 1.4287477 2.0458478 3.6651243 3.0213446 
VII_Sacu_v1.1_s0272.g027033_Myb_transcription_factor__0.077_                                                     3.8557254 4.6643404 4.7801495 2.5594222 3.5279503 3.3401719 3.5289324 3.2987970 2.9578116 3.3595354 3.2467824 3.7051034 4.2923833 3.9491625 4.0470566 3.8713070 3.2261129 2.9851121 1.6857316 1.2845816 2.5440777 2.7301007 2.7245516 1.3621226 1.2548779 3.1089209 2.6871704 1.0831210 1.7262417 1.6807274 1.8013513 1.6645946 0.0000000 2.1055338 1.7883882 1.6182733 2.1316651 1.8274717 1.7448975 2.4486120 2.7319096 2.3843317 2.2322654 2.3063260 2.4251427 1.7810980 2.5608347 1.4802912 2.6312354 4.0062233 4.4058977 2.7674227 2.9080599 2.9077069 3.0120450 3.2779483 2.4175213 3.1621480 2.8636712 3.6388075 2.8392653 2.2796636 1.8922602 2.0268959 2.3716146 2.1253772 2.2248561 1.4990605 1.4841714 2.1367029 2.5156563 3.3401432 
VII_MA_96853p0010_582_residues__                                                                                 4.2873481 4.7289328 4.8349386 2.2431333 3.2715052 4.0280723 3.4974545 3.1329919 3.3687173 3.4413809 3.1344594 3.3789834 4.6067818 3.7621841 3.5140580 4.2260340 4.2638264 3.6818883 1.7347016 1.4167100 2.4349966 2.7259991 2.7403984 1.3528592 1.3630495 2.5559998 1.8540023 0.6105694 0.8534424 1.5889947 2.0643874 1.8149436 2.1055338 0.0000000 0.7999995 1.2878394 1.1265067 1.0103764 1.8282348 2.3299442 2.8956350 2.2711351 2.1780768 2.4124380 2.2767471 2.1679878 2.3987680 1.4174564 2.9692656 3.8262401 4.3567255 3.2322940 2.7934006 2.9820086 3.4285076 3.7574331 2.7388863 3.2586707 3.1792259 3.5259013 2.8823904 1.7550698 1.0954300 1.6318132 1.4057310 1.8328246 2.3519484 1.8705979 1.9562666 2.2871850 3.0050248 3.2638148 
VII_MA_10208000p0010_602_residues__                                                                              4.8737661 5.2336408 4.9241991 2.3087417 3.4331075 3.6641345 3.2116018 3.1924906 3.0338582 2.8663527 2.5638121 3.2269840 3.8354460 3.8578018 3.1842569 3.6897055 3.6596598 3.1391724 1.6755001 1.2996064 2.0314086 2.2505568 2.4497413 1.2928380 1.2279545 2.3393778 1.7364497 0.5480516 0.9491115 1.3966731 1.8498717 1.6434010 1.7883882 0.7999995 0.0000000 1.0780836 0.9159749 1.0586350 1.8440864 2.2988165 2.6352322 2.1686401 1.8967005 2.0856045 2.1915495 2.0343977 2.3866391 1.4670938 2.3640351 3.1572662 3.8012228 2.9372085 2.5264431 2.6334213 3.1586917 3.2405159 2.4988936 2.6818079 2.9196020 2.9139267 2.3661922 1.8023518 0.9569420 1.7524616 1.2458552 2.1429653 2.2009787 1.7650686 1.6054709 2.2457018 3.0610715 2.8800657 
VII_MA_20462p0010_470_residues__                                                                                 4.0170839 4.7943403 4.6885014 2.3007471 3.9485758 3.3192412 3.9819929 3.1337023 3.0498391 3.4837084 3.1382834 3.8295569 4.6104516 4.1463710 4.1472856 3.9653401 3.7934682 3.2398078 1.7835075 1.3015829 2.3428131 2.2777117 3.0724660 1.3630128 1.1794386 2.7468748 2.3462106 0.7115667 0.9019628 1.3764622 1.5320159 1.5977352 1.6182733 1.2878394 1.0780836 0.0000000 1.3176179 1.3038091 1.6732370 2.0896133 2.6426645 2.1856955 2.1372447 2.1554985 2.0077601 1.8316671 2.4063072 1.5318297 2.3049312 3.5595840 4.2752424 2.5899853 2.3712845 3.1051448 2.9861629 3.0739118 2.6673419 3.1719903 3.1962484 3.6166864 2.9874916 2.0534551 1.2169412 1.6232272 1.4693397 2.0365570 1.7989389 1.2690661 1.6364019 1.9445341 3.0262408 2.9405166 
VII_AmTr_v1.0_scaffold00038.91                                                                                   5.9762989 6.2558226 5.9013237 2.2244824 3.9347796 3.4842605 3.6185970 3.1427898 3.1106342 3.2365692 3.1850223 3.5340305 4.3870674 3.3419328 3.8605700 3.9650540 3.4311738 3.3118614 1.6450491 1.3796145 2.3258444 2.3524143 2.5201162 1.2483219 1.2175311 2.5690170 2.1238141 0.5643143 1.1530710 1.3605021 2.2406365 1.8601784 2.1316651 1.1265067 0.9159749 1.3176179 0.0000000 1.2443201 1.9177992 2.3343055 3.1887488 2.4048539 2.0188361 2.4386078 2.4922517 2.0526572 2.7648392 1.4088420 3.1361279 3.6789153 4.4310285 2.8365820 3.0208977 3.1356805 3.2544039 3.4086620 2.8832140 3.2853714 2.8500181 3.7704151 2.9972431 2.0250037 1.3422140 1.5559439 1.3787802 2.1023849 2.3120003 1.8537629 1.7585621 2.3626496 3.1890614 3.0585240 
VII_AmTr_v1.0_scaffold00037.85                                                                                   4.9855078 5.5432615 5.2903202 2.3349926 4.0488377 3.4347597 3.2066281 3.2748891 2.8788840 3.0452057 2.9165008 3.1132017 4.1242266 3.6884323 3.7496652 4.1247731 3.5671577 3.4618115 1.6894876 1.3111419 2.1656620 2.2836968 2.7295606 1.2880655 1.2083580 2.5863873 2.0237963 0.6092896 1.1567065 1.4187584 1.8593121 2.0939640 1.8274717 1.0103764 1.0586350 1.3038091 1.2443201 0.0000000 1.8641005 2.3428318 2.9797376 2.2321810 1.9475271 2.3106892 2.1991211 2.0470928 2.6118047 1.3432967 2.8457159 3.3275805 3.7849545 2.8594196 2.9860276 3.0982782 2.7976041 3.4138571 2.3650891 2.8550192 2.9313534 3.4540743 3.1268135 1.9663348 1.0868164 1.6642813 1.3824936 2.1640811 2.1461331 1.5510050 1.8418076 2.0785980 2.9749794 3.1002137 
VIII_MN199016_QIN53292.1_R2R3-MYB_transcription_factor__Selaginella_moellendorffii_                              3.5363979 3.9442267 4.1096730 1.7547715 3.1160956 2.8224270 3.2980100 2.7465038 3.5045582 3.2351959 3.6187738 3.7240654 3.4839416 3.3923744 4.2250695 2.9405068 3.5207113 2.6441701 1.8507636 1.4298765 2.5904703 2.4351534 2.4046813 1.4587650 1.3451526 2.6421718 2.2626583 0.8384998 1.7602167 1.9096546 2.1061670 1.5826549 1.7448975 1.8282348 1.8440864 1.6732370 1.9177992 1.8641005 0.0000000 1.3504115 1.6123008 1.2964355 1.4161682 1.6426176 1.2991509 2.0587992 1.9107096 1.4605970 1.5423988 3.4908851 3.4512853 3.0160992 2.1514342 2.4708590 2.4921481 3.2885281 2.7622745 3.1271009 3.6022901 4.1884213 2.9555171 1.8380931 1.7247670 2.0003648 1.7673549 0.9849152 1.4767165 1.7974912 1.9908576 1.2005027 2.9867730 1.9996618 
VIII_XM_024668296.1_XP_024524064.1_transcription_factor_MYB26__Selaginella_moellendorffii_                       4.1050494 4.7473517 4.7241836 2.2581783 3.3459522 2.9681775 3.8111877 3.0444747 2.9827557 3.0745353 4.0022613 3.7760441 3.3177902 3.0655238 3.7422241 3.0727185 2.9201226 3.0422653 1.5638414 1.2244911 2.7012624 2.5511467 2.6867425 1.6480365 1.5579098 2.7164002 2.1869452 1.1649948 2.1919989 2.0943250 2.5994910 2.3881267 2.4486120 2.3299442 2.2988165 2.0896133 2.3343055 2.3428318 1.3504115 0.0000000 2.0667230 1.6953388 1.6084937 1.9020691 1.7248809 1.5911479 1.6800304 1.8103495 1.7171089 3.5346178 3.5306294 2.6507860 2.4146000 2.9295108 2.4151652 3.4626172 2.8452976 3.5130062 2.8334120 3.0537162 2.8516108 1.8653645 2.2438354 2.0230714 2.5149123 1.2315927 1.8610360 2.2167941 2.4641368 1.6473543 2.4208150 1.7926522 
VIII_Mapoly0073s0038_PTQ35164.1_hypothetical_protein_MARPO_0073s0038__Marchantia_polymorpha_                     4.6658091 4.9577065 4.3856783 1.8651373 4.1127197 3.8096506 4.2487712 3.2465743 3.4837451 4.0357139 3.8726137 4.5728406 4.4776732 4.0376708 4.4089672 4.4523437 3.5292930 3.7208652 1.8139762 1.3484349 2.9172170 3.1114757 2.9888667 1.8022605 1.6657941 2.8027705 2.7067897 1.2769716 2.9590900 2.4718905 3.1735926 3.1200272 2.7319096 2.8956350 2.6352322 2.6426645 3.1887488 2.9797376 1.6123008 2.0667230 0.0000000 1.4799487 1.4911009 1.7825341 2.1408202 2.2399602 2.1709498 1.7411863 2.0569222 4.0286156 3.2870844 2.9635148 2.6300637 2.8771523 3.3159791 3.3965783 2.9346845 3.9330911 4.2315923 3.5136355 3.1275212 2.3111113 2.4000774 2.4965818 2.8548140 1.5923057 2.1403704 2.6337554 2.9966686 1.7043363 2.8949075 2.6907078 
VIII_Mapoly0006s0226_PTQ48220.1_hypothetical_protein_MARPO_0006s0226__Marchantia_polymorpha_                     3.9469980 4.2840099 4.3927467 2.6061260 3.4341337 3.3914131 3.5673485 3.2172575 2.8979472 3.5810853 3.2900903 3.9883440 3.7459533 3.1215232 3.8151829 3.3542167 3.0341260 3.3236902 2.0773144 1.4883568 3.1625307 2.7107241 2.6923459 1.7165628 1.5686885 3.1083268 2.7986367 1.0121957 2.2138299 2.2668632 2.6021701 2.4094246 2.3843317 2.2711351 2.1686401 2.1856955 2.4048539 2.2321810 1.2964355 1.6953388 1.4799487 0.0000000 1.1670529 1.3665087 1.7588044 2.0288803 2.2287565 1.7121106 1.6868185 3.2110392 3.6892801 2.8994283 2.6389430 2.6238585 3.1414741 3.3028461 3.3196826 3.5430064 3.0497086 3.4896616 2.5798629 2.3916776 2.2193202 2.2388426 2.6019297 1.2012392 1.5374657 2.2555684 2.8977665 0.9934569 3.0477762 2.7167971 
VIII_XM_024680104.1_XP_024535872.1_transcription_factor_MYB8-like__Selaginella_moellendorffii_                   4.5668465 4.6381199 4.3282420 2.1032016 2.7485362 2.9098912 3.0136084 2.8877147 3.4178541 3.0729456 2.9952909 3.1837293 3.1716034 2.7695810 2.7809089 2.7847311 2.8091290 2.4561328 2.0371160 1.6097998 2.3280498 1.9543046 2.4521589 1.7996593 1.6053738 2.2881988 2.2602464 1.1886523 2.0475995 1.8367024 2.4559734 2.2722069 2.2322654 2.1780768 1.8967005 2.1372447 2.0188361 1.9475271 1.4161682 1.6084937 1.4911009 1.1670529 0.0000000 1.0622694 1.5142362 1.9301555 1.9628028 1.8177580 1.5800848 3.3785163 2.8330996 2.5008084 2.7852091 3.3457347 2.7092651 3.2134684 2.3949086 2.6560556 2.5546844 2.9783215 2.1258322 2.2585136 1.9321369 2.0420678 2.5277397 1.6292057 1.4354886 2.0903215 2.3677928 1.3926865 2.3574197 2.5998331 
VIII_MN199020_QIN53296.1_R2R3-MYB_transcription_factor__Selaginella_moellendorffii_                              3.9385771 4.3541005 4.4961828 1.8716479 2.9074477 3.0071427 3.0152328 2.5463931 2.8020164 3.1978491 3.0756923 3.2500183 3.5647492 3.3092555 3.9206486 2.9110457 3.1335487 3.4271563 2.2611038 1.5506984 2.7238232 2.2954430 2.5088427 1.7558255 1.5598591 2.8413766 2.6315380 1.1289577 2.4215714 1.9213415 2.5336018 2.2736530 2.3063260 2.4124380 2.0856045 2.1554985 2.4386078 2.3106892 1.6426176 1.9020691 1.7825341 1.3665087 1.0622694 0.0000000 1.9319756 2.3491037 1.8736619 1.7408727 1.7696105 3.5462435 3.8221188 2.9407634 2.7038250 2.5815522 2.8669676 2.6752939 2.6329026 3.1436906 3.2297685 3.1260241 2.3342815 2.4731366 1.9929073 2.3064497 2.4889591 1.5113661 1.7345998 2.4685166 2.5455552 1.2082622 2.5828557 3.2974702 
Azfi_s0014.g013584                                                                                               4.1132343 4.5071802 4.5161625 2.3163739 3.0922086 3.2798722 3.4287646 2.8982203 2.6151558 3.3505598 3.0832377 3.7723772 3.3349842 3.5237255 3.9347439 3.3280085 3.4249777 3.2348480 1.7378094 1.4073214 2.5560503 2.5888540 2.8028183 1.5896424 1.5063681 2.6253695 2.5096709 1.2274165 1.9452462 2.0260812 2.6557509 2.2460792 2.4251427 2.2767471 2.1915495 2.0077601 2.4922517 2.1991211 1.2991509 1.7248809 2.1408202 1.7588044 1.5142362 1.9319756 0.0000000 2.0661101 1.9587170 1.7207727 1.5487219 3.4108586 3.1236218 2.8742065 2.6524455 2.6280152 2.3923216 3.3687782 2.9377916 2.9993578 3.7238994 3.0378552 2.8937999 2.2070404 2.1596793 2.5014785 2.5538356 1.2831655 1.7032792 2.2567240 2.5846253 1.6448138 2.7712217 2.6241856 
Azfi_s0035.g025508                                                                                               4.3540588 4.4615380 4.2303637 1.9299644 2.4859754 2.9096558 2.9441988 3.0436773 2.8758552 2.5002323 3.0557898 3.0205726 3.2150956 3.4152048 2.8371561 3.1031658 3.4077559 2.5180102 1.7351681 1.3122023 1.8790653 1.9406379 1.6847800 1.2579792 1.2935246 2.0193045 2.0803937 1.3137706 1.9379779 1.9188354 2.4774483 1.7710246 1.7810980 2.1679878 2.0343977 1.8316671 2.0526572 2.0470928 2.0587992 1.5911479 2.2399602 2.0288803 1.9301555 2.3491037 2.0661101 0.0000000 1.5875530 1.2538537 1.9392695 3.7304997 3.4202294 2.6041319 2.3058389 2.2967486 2.1706140 3.1861310 2.0797206 2.2205399 2.4673015 2.4429234 2.3563320 1.6803989 1.9640229 2.2368032 2.1230810 2.0642664 1.7299253 1.8767418 2.1481956 1.9523786 2.4007705 2.1299955 
Azfi_s0041.g026722                                                                                               4.1236060 4.9635271 5.0064146 2.3481421 3.1630865 3.6123878 4.0402419 3.2544414 3.7585061 3.7956520 3.6062471 4.3834290 3.8340311 3.8122726 4.0114698 3.7543921 3.4351620 3.5881046 1.7908547 1.2852159 2.5974589 2.4863114 2.8802129 1.6462018 1.4801692 2.8767341 2.6092193 1.2866459 2.3702391 2.1147750 2.7980869 2.2465645 2.5608347 2.3987680 2.3866391 2.4063072 2.7648392 2.6118047 1.9107096 1.6800304 2.1709498 2.2287565 1.9628028 1.8736619 1.9587170 1.5875530 0.0000000 1.6058588 1.9512712 4.0183983 3.6590701 2.7453402 2.5289347 2.8030841 2.8215762 2.8618772 2.9942568 3.6617412 3.2366846 3.2126259 2.4929930 2.3009521 2.2181218 2.2045210 2.4585698 1.4422361 1.8941162 2.7401200 2.4146364 2.0133257 2.7709445 2.0907255 
