56
CDC5_XM_024677933.1_XP_024533701.1_transcription_factor_MYB61-like__Selaginella_moellendorffii_     0.0000000 2.7815332 2.7350815 2.6929891 1.6106470 1.9911585 1.9018338 1.6639788 1.8772441 1.5111116 1.7572127 1.7090283 1.8149946 1.9646738 1.6287558 1.7857618 1.6299508 1.7046785 1.6366637 1.1597870 1.0390799 1.3684254 1.3062369 1.4831000 1.1580193 1.0718557 1.2728014 1.4920394 1.0646106 1.3813255 1.2156683 1.4097235 1.2359606 1.4329490 1.3749787 1.2624084 1.3272770 1.3260648 1.1566245 1.0029802 0.9628735 1.2986901 1.2330013 1.2297611 1.2851890 1.2075920 0.9881294 1.3994736 0.7930817 1.0878016 1.1019093 1.1073296 2.1793526 2.1892276 1.6921827 1.2130210 
CDC5_XM_024686040.1_XP_024541808.1_cell_division_cycle_5-like_protein                               2.7815332 0.0000000 0.0426030 0.2065576 2.6379843 3.6405675 4.4227748 4.4821098 3.9972425 3.8934311 3.5992162 4.2789431 4.8335763 3.4749569 2.8527960 3.3824923 3.0956390 3.4082939 4.8511650 2.7806472 2.6400636 4.2258852 2.7145529 3.5805632 2.8039131 3.0041910 3.9040804 4.5844006 3.3709960 3.9429825 3.7150795 3.2504891 3.8555933 3.3655640 4.0342416 4.0848845 5.0573139 4.3594523 4.0475985 4.3404404 4.0058657 5.5719753 4.6757187 4.1794106 5.2301182 4.5243272 3.9387971 3.9043681 3.2967815 4.2854657 2.8190888 4.1412925 3.6374736 3.3388823 2.4850919 4.1435782 
CDC5_XM_002981114.2_XP_002981160.1_cell_division_cycle_5-like_protein__Selaginella_moellendorffii_  2.7350815 0.0426030 0.0000000 0.2262609 2.5972242 3.8691609 4.7032441 4.5699426 4.1555464 4.2371196 3.5744242 4.1681081 4.7088412 4.0223977 2.7948827 3.6620537 3.2373270 3.5988493 5.1056024 2.5827650 2.4358229 4.2357680 2.7140899 3.3667307 2.7912585 2.9813692 3.7151871 5.2598209 3.2403422 4.0039574 3.9791050 3.6209017 3.8883170 3.7491528 4.4391744 4.2804559 5.2526626 4.6924971 4.6298181 4.2428977 4.1589524 5.1270410 4.5124069 4.3442559 4.9781943 4.7827343 4.0959500 4.1637083 3.9899608 4.9582367 2.8134155 4.6709225 3.6957534 3.8392689 2.3648841 4.6666456 
CDC5_Mapoly0014s0195_PTQ45693.1_hypothetical_protein_MARPO_0014s0195__Marchantia_polymorpha_        2.6929891 0.2065576 0.2262609 0.0000000 2.4337930 4.2479027 4.2187108 4.4962557 3.8903803 3.8212209 3.8112543 3.8698840 5.0308048 3.8039917 2.9397793 3.4933849 3.2845627 3.4513119 5.0451937 2.5827650 2.4358229 3.9906594 2.9475739 3.2884766 2.7633028 2.9492488 3.7347314 4.5537544 3.0773316 4.0600680 4.1423887 3.5552337 3.8589172 4.0305822 4.3404749 4.2251818 5.5409785 5.1461613 4.4651143 4.5015681 4.3523203 5.6270846 4.2666218 3.8996577 3.8498455 4.6254867 3.8267201 4.1221518 3.6203383 5.2306132 2.7204228 4.5612671 3.7060359 3.2586120 2.1567662 4.7027636 
I_Mapoly0085s0092_PTQ33890.1_hypothetical_protein_MARPO_0085s0092__Marchantia_polymorpha_           1.6106470 2.6379843 2.5972242 2.4337930 0.0000000 1.3656752 1.3216519 1.5073232 1.5225718 1.6401352 1.5523927 1.7204991 1.6951614 1.7144668 1.6051891 1.4167745 1.5672883 1.8407913 2.2524508 1.5900573 1.3642802 2.0384712 1.6677280 2.0492913 1.5922570 1.4167930 1.9007632 2.0583204 1.5197511 1.5844436 1.7817160 1.8509809 1.6350835 1.7580981 1.7729718 1.5714677 1.6711239 1.9851176 1.5395844 1.6888135 1.7964328 2.0648507 2.2488864 1.9591123 2.1251203 1.7251970 1.8579157 1.6863234 1.9115211 1.8873571 1.5874189 1.9750365 1.4535485 1.5077832 1.0481597 1.5849985 
II_Mapoly0001s0061_PTQ49997.1_hypothetical_protein_MARPO_0001s0061__Marchantia_polymorpha_          1.9911585 3.6405675 3.8691609 4.2479027 1.3656752 0.0000000 1.1940943 2.3616977 2.2429484 2.2707051 2.2243813 2.0674282 2.2805863 2.8023356 1.9060702 2.2330625 2.2023948 2.3875988 3.1492561 1.5441821 1.2940519 2.6316211 2.2645459 2.2859164 1.5648509 1.5127791 2.7231500 2.7873100 1.7084155 2.7444906 2.8395345 3.1813369 2.9002124 2.6936546 2.2150937 2.4247007 2.9282027 2.9832853 2.5203589 2.3363306 2.9946113 2.9707072 3.0273635 2.3729449 2.8403005 2.6726978 2.8192056 2.1939864 2.4892800 2.3797317 1.6822334 2.9672692 1.9721898 2.0187708 1.2310250 3.0201306 
III_XM_002991980.2_XP_002992026.2_myb-related_protein_B__Selaginella_moellendorffii_                1.9018338 4.4227748 4.7032441 4.2187108 1.3216519 1.1940943 0.0000000 2.1517873 1.9751640 2.5300433 2.0390996 1.8229043 2.4475392 2.3292175 2.0526446 2.1128734 2.3311736 1.9431415 2.7672170 1.3858186 1.2513507 2.2095805 1.8432068 2.5953332 1.4165950 1.3135736 2.6027702 2.8923930 1.5840177 3.2484599 2.5419989 2.8364497 2.9902691 2.7988821 2.7983064 2.7334098 2.9232220 3.1683873 2.5129568 2.2867809 2.6158423 2.7286327 3.0728152 2.5629331 3.1309148 3.4311454 2.6140303 2.8024363 2.0781026 2.6149160 1.4561862 2.8220483 1.7854451 2.0211990 1.2561997 2.7536857 
III_Mapoly0007s0271_PTQ47916.1_hypothetical_protein_MARPO_0007s0271__Marchantia_polymorpha_         1.6639788 4.4821098 4.5699426 4.4962557 1.5073232 2.3616977 2.1517873 0.0000000 0.9832086 1.3677309 0.9909701 1.0019893 1.2652370 1.7962175 1.7710236 1.9403507 2.1852850 2.3882588 2.7736471 1.6067945 1.2861295 2.5994915 1.8829774 2.3884779 1.3889191 1.3771785 2.6000691 2.3432403 1.5358415 2.5201014 2.5050882 2.6123957 2.6457934 2.3821112 2.6111907 2.3781659 2.7934326 2.6256494 2.5034305 2.4206525 2.7237597 2.5948834 2.6948258 2.3949726 2.2885605 2.1872416 2.7691439 2.1685834 2.2968795 3.0486754 1.5354773 3.1181351 2.0205028 2.5762708 1.4632386 2.4569316 
III_XM_002971992.2_XP_002972038.2_transcription_factor_MYB1__Selaginella_moellendorffii_            1.8772441 3.9972425 4.1555464 3.8903803 1.5225718 2.2429484 1.9751640 0.9832086 0.0000000 1.3287809 1.2388395 1.3049619 1.5236250 1.8684255 1.6556388 1.7521430 2.0001173 2.0964938 2.7705563 1.3942242 1.1707626 2.1738376 1.6339928 2.1044271 1.4570515 1.3220281 2.1187761 2.3634100 1.4779649 2.3962370 2.2793859 2.5389093 2.4192817 2.0170450 2.5130689 2.5253360 2.5176231 2.9621038 2.2280591 2.0285789 2.4249353 2.5396798 2.5411628 2.1360146 2.3972061 2.3231603 2.4787354 2.1406906 1.8695507 2.2188672 1.5132866 2.9903515 1.6635790 2.0099816 1.4283755 2.6195241 
IV_MN199005_QIN53281.1_R2R3-MYB_transcription_factor__Selaginella_moellendorffii_                   1.5111116 3.8934311 4.2371196 3.8212209 1.6401352 2.2707051 2.5300433 1.3677309 1.3287809 0.0000000 0.6399390 0.7592103 0.8426751 2.0467657 1.6954092 1.6620098 1.7254445 1.9439700 2.4504677 1.2759244 1.1685423 2.3100428 1.8220213 2.0421716 1.5486380 1.4898473 2.0840394 1.9929132 1.5612791 2.4992164 2.4454263 2.6044798 2.3707076 2.4579376 2.4543987 2.3290649 2.3746659 2.6577834 2.4911049 2.0701245 2.7477747 2.7535002 2.6198426 1.8613290 2.3578537 2.3975858 2.4782987 2.3541090 2.0074351 2.3842891 1.7412723 2.5546122 1.8241594 2.0530061 1.3935693 2.2509199 
IV_MN199007_QIN53283.1_R2R3-MYB_transcription_factor__Selaginella_moellendorffii_                   1.7572127 3.5992162 3.5744242 3.8112543 1.5523927 2.2243813 2.0390996 0.9909701 1.2388395 0.6399390 0.0000000 0.7138897 0.7188129 2.2349402 1.5312400 1.8556944 1.9011577 2.0702287 2.3228504 1.4166376 1.2135837 2.4977177 1.7057709 2.0612044 1.3876942 1.3020373 2.1338921 2.2855333 1.2763951 2.2268238 2.0458854 2.3801380 2.1446565 2.1064397 2.0543967 1.9993873 2.1925461 2.4470582 2.2079154 2.2450617 2.2962687 2.2966858 2.8680186 1.8797096 2.3680585 2.1465213 2.1394200 2.0370006 2.0109642 2.5996136 1.5147215 2.5738753 1.8697586 2.3186845 1.3256376 2.3421465 
IV_MN199006_QIN53282.1_R2R3-MYB_transcription_factor__Selaginella_moellendorffii_                   1.7090283 4.2789431 4.1681081 3.8698840 1.7204991 2.0674282 1.8229043 1.0019893 1.3049619 0.7592103 0.7138897 0.0000000 0.7783961 1.7928990 1.5334650 1.8314876 1.8931103 1.6716262 2.2988003 1.5954121 1.2058624 2.4278689 1.8151440 2.3201230 1.5886796 1.4225144 2.1641525 1.8227443 1.3675087 2.2977622 2.0716525 2.2279253 2.1716747 2.3303442 2.1190195 1.8975824 2.3631024 2.3238838 2.3642045 2.0609521 2.6207302 2.3138680 2.5630913 2.1547294 2.0393449 2.2232480 2.5149634 2.2235171 1.9167026 2.8361344 1.5821529 2.2472411 1.9453834 2.1360698 1.4354041 2.1142112 
IV_Mapoly0032s0153_PTQ41991.1_hypothetical_protein_MARPO_0032s0153__Marchantia_polymorpha_          1.8149946 4.8335763 4.7088412 5.0308048 1.6951614 2.2805863 2.4475392 1.2652370 1.5236250 0.8426751 0.7188129 0.7783961 0.0000000 2.0941192 1.8536466 1.9041417 2.1731879 2.3278715 2.9192100 1.5959703 1.2098637 2.4059845 1.7556779 2.9609098 1.5689899 1.4386798 2.6217716 2.5356914 1.5617830 2.5095170 2.1835133 2.9761695 2.6780900 2.8056855 2.5624716 2.3856163 2.4712679 2.6163574 2.5277828 2.5962706 2.6195988 2.6973931 3.5355725 2.5335844 2.7548389 2.6757640 2.8854407 2.7516303 2.2804178 3.0912790 1.6594958 3.1072133 2.0109610 2.4012399 1.4527497 2.5091996 
V_Mapoly0008s0029_PTQ47242.1_hypothetical_protein_MARPO_0008s0029__Marchantia_polymorpha_           1.9646738 3.4749569 4.0223977 3.8039917 1.7144668 2.8023356 2.3292175 1.7962175 1.8684255 2.0467657 2.2349402 1.7928990 2.0941192 0.0000000 0.7625262 0.7974327 1.1157240 0.9631048 2.7497191 1.4770113 1.2172104 2.5951254 2.2037402 2.3720418 1.7566407 1.7018136 2.8358908 2.8050982 2.0548105 3.3538761 3.1516387 3.2686200 3.2997076 3.2021095 3.0726897 3.1561992 3.2884249 3.7705895 2.9616116 2.9520481 2.7442582 3.1197202 3.2490416 2.6739237 2.7600709 3.2732283 2.7063066 2.8552045 2.4344235 3.1605684 1.9083194 3.2745221 2.1917333 2.5639986 1.7203052 3.3479153 
V_XM_002977602.2_XP_002977648.2_uncharacterized_protein_LOC9657152__Selaginella_moellendorffii_     1.6287558 2.8527960 2.7948827 2.9397793 1.6051891 1.9060702 2.0526446 1.7710236 1.6556388 1.6954092 1.5312400 1.5334650 1.8536466 0.7625262 0.0000000 0.5703087 0.8189373 0.8191128 2.2443695 1.4139173 1.1602722 2.3668815 1.8818959 2.0527544 1.5288595 1.4036513 2.3158546 2.3162579 1.7046960 2.6938801 2.7305896 2.3929400 2.6180353 2.4345994 2.4027042 2.3785375 2.3330142 2.5082634 2.4405488 1.9728977 2.2803288 2.2227083 2.5631485 2.0061692 2.2344394 2.2571249 1.9797219 2.1848492 2.2225476 2.4189500 1.5492856 2.8850834 2.1229709 2.2481433 1.5013750 2.7573082 
V_MN199008_QIN53284.1_R2R3-MYB_transcription_factor__Selaginella_moellendorffii_                    1.7857618 3.3824923 3.6620537 3.4933849 1.4167745 2.2330625 2.1128734 1.9403507 1.7521430 1.6620098 1.8556944 1.8314876 1.9041417 0.7974327 0.5703087 0.0000000 1.0860055 0.8696933 2.3806163 1.2314553 1.1680044 2.8714798 2.3132601 2.4999619 1.8527759 1.8541047 2.5893119 2.5625138 1.8542824 3.2877596 2.3060840 2.7524845 2.8646710 2.6834319 2.6342419 2.5539408 2.9520466 2.9499630 2.2984152 2.5947458 2.5705723 2.9796479 2.8409408 2.4948787 2.8342197 2.6019897 2.6505530 2.5345827 2.5251218 3.0970011 2.0344953 3.6297873 2.3943816 2.5323852 1.8450337 3.3475347 
V_MN199009_QIN53285.1_R2R3-MYB_transcription_factor__Selaginella_moellendorffii_                    1.6299508 3.0956390 3.2373270 3.2845627 1.5672883 2.2023948 2.3311736 2.1852850 2.0001173 1.7254445 1.9011577 1.8931103 2.1731879 1.1157240 0.8189373 1.0860055 0.0000000 1.0639724 2.6702456 1.4246955 1.2176366 2.5582759 2.2137891 2.3556772 1.5988503 1.6451212 2.6666876 2.8869619 1.9957401 3.0852084 2.6177589 2.9081243 3.1624333 2.8235816 2.7099714 3.2248265 3.2949703 3.3563634 3.0277742 2.7892053 2.6582606 2.6835737 2.7661359 2.3003520 2.8160035 2.8064043 2.6795089 2.9292285 2.5779450 2.8776634 1.9406614 2.7961480 2.0719295 2.2999464 1.6609384 3.2410135 
V_MN199010_QIN53286.1_R2R3-MYB_transcription_factor__Selaginella_moellendorffii_                    1.7046785 3.4082939 3.5988493 3.4513119 1.8407913 2.3875988 1.9431415 2.3882588 2.0964938 1.9439700 2.0702287 1.6716262 2.3278715 0.9631048 0.8191128 0.8696933 1.0639724 0.0000000 2.6702244 1.4801459 1.1901570 2.3900106 2.0752622 2.0923235 1.6349580 1.5475166 2.7394067 2.5734310 1.9825390 3.3347485 3.1823379 2.8008751 3.2044389 2.9955668 3.0717036 3.0642175 3.4973306 3.0727542 3.1080221 2.4674943 2.6772216 3.2520612 2.9246789 2.5949657 2.5475889 2.8797531 2.4727363 3.0843741 2.2822914 2.9142989 1.6972062 3.3212263 2.5232812 2.6123406 1.6621429 3.1056974 
VI_g8575.t1_length                                                                                  1.6366637 4.8511650 5.1056024 5.0451937 2.2524508 3.1492561 2.7672170 2.7736471 2.7705563 2.4504677 2.3228504 2.2988003 2.9192100 2.7497191 2.2443695 2.3806163 2.6702456 2.6702244 0.0000000 0.0330195 0.0564050 1.6182593 1.3227374 1.7063600 1.1083959 1.0027813 1.7152272 1.4244248 1.3716182 2.6553238 2.1849330 2.7111506 2.2696816 2.3473039 2.3287356 2.3071399 2.2795776 2.5211108 2.3093498 2.2271162 2.4486650 2.7980979 3.1592752 2.3684436 3.2444330 2.4759955 2.2411915 2.3276036 1.9775888 2.6775056 1.1234320 2.6497106 2.8065243 3.2609511 2.2673680 2.5378463 
VI_BBG43567_LC221833_MYB_transcription_factor                                                       1.1597870 2.7806472 2.5827650 2.5827650 1.5900573 1.5441821 1.3858186 1.6067945 1.3942242 1.2759244 1.4166376 1.5954121 1.5959703 1.4770113 1.4139173 1.2314553 1.4246955 1.4801459 0.0330195 0.0000000 0.0659700 0.9179384 0.8855195 0.8296367 0.7219075 0.6308264 0.7469423 0.8520125 1.0356285 1.1466069 1.1659126 1.1588803 1.1123776 1.1660555 1.2456883 1.1840609 1.2388580 1.2605996 1.1693684 1.3079923 1.1591677 1.3806894 1.4563062 1.5671336 1.5616157 1.1838838 1.2397202 1.1411372 0.9608175 1.2440992 0.7184370 1.2653525 1.3455827 1.3618414 1.5347285 1.2004277 
BBG43566_LC221832_Chara_leptospora_mRNA_for_MYB_transcription_factor                                1.0390799 2.6400636 2.4358229 2.4358229 1.3642802 1.2940519 1.2513507 1.2861295 1.1707626 1.1685423 1.2135837 1.2058624 1.2098637 1.2172104 1.1602722 1.1680044 1.2176366 1.1901570 0.0564050 0.0659700 0.0000000 0.7213910 0.6745342 0.7049873 0.7002233 0.6085624 0.7037703 0.6814822 0.9072540 0.9659375 0.9602433 0.9677963 0.9089912 0.9779396 1.0588724 1.0017826 1.0164521 1.0698002 1.0233723 1.1159225 0.9417829 1.1068721 1.1877080 1.2785066 1.2576079 0.9294033 1.0754960 0.9208365 1.0240618 0.9642015 0.6966906 1.0464472 1.3500241 1.3661595 1.5289922 0.9828279 
VI_Mapoly0019s0071.1                                                                                1.3684254 4.2258852 4.2357680 3.9906594 2.0384712 2.6316211 2.2095805 2.5994915 2.1738376 2.3100428 2.4977177 2.4278689 2.4059845 2.5951254 2.3668815 2.8714798 2.5582759 2.3900106 1.6182593 0.9179384 0.7213910 0.0000000 0.3259961 0.4909391 0.2461017 0.2332793 0.5765622 0.9317991 1.0037442 1.8917566 1.8499616 1.7962279 1.8302680 1.6836300 1.8227091 1.6802855 1.5977174 1.9470494 1.5241385 1.7468723 2.0651859 2.1329512 2.1404007 1.9824164 2.1673424 1.8796566 2.1763616 1.8317042 1.5805098 1.7569319 0.2886856 2.0870582 2.5110832 2.4810852 1.6419001 1.7114324 
VI_XM_024688730.1__XP_024544498.1                                                                   1.3062369 2.7145529 2.7140899 2.9475739 1.6677280 2.2645459 1.8432068 1.8829774 1.6339928 1.8220213 1.7057709 1.8151440 1.7556779 2.2037402 1.8818959 2.3132601 2.2137891 2.0752622 1.3227374 0.8855195 0.6745342 0.3259961 0.0000000 0.3775322 0.1955452 0.1776117 0.3115798 0.6766659 0.9524168 1.4042018 1.2262704 1.3782729 1.5110246 1.6410008 1.4312651 1.3941353 1.3578989 1.6097857 1.2744287 1.5390751 1.5868144 1.5880588 1.7176286 1.4203327 1.7292247 1.2732209 1.6340714 1.3138754 1.4446729 1.4921247 0.2393604 1.5234549 1.8264788 2.1070166 1.4806568 1.3655561 
VI_XM_024688389.1_XP_024524157.1_transcription_repressor_MYB4__Selaginella_moellendorffii_          1.4831000 3.5805632 3.3667307 3.2884766 2.0492913 2.2859164 2.5953332 2.3884779 2.1044271 2.0421716 2.0612044 2.3201230 2.9609098 2.3720418 2.0527544 2.4999619 2.3556772 2.0923235 1.7063600 0.8296367 0.7049873 0.4909391 0.3775322 0.0000000 0.2863788 0.2597068 0.6183774 0.9620535 1.0434552 1.7332719 1.6946312 1.9802159 1.7097075 1.9472303 1.8005648 1.7642100 1.6926255 1.9120503 1.5643849 1.6664988 1.8033325 2.0767538 1.9460201 1.6756481 1.8278047 1.5957087 1.9929006 1.7404960 1.6156427 2.0453831 0.3671377 1.9002103 2.3056800 2.2914103 1.7262699 1.6695248 
VI_Sacu_v1.1_s1503.g028048_Myb_transcription_factor__0.077_                                         1.1580193 2.8039131 2.7912585 2.7633028 1.5922570 1.5648509 1.4165950 1.3889191 1.4570515 1.5486380 1.3876942 1.5886796 1.5689899 1.7566407 1.5288595 1.8527759 1.5988503 1.6349580 1.1083959 0.7219075 0.7002233 0.2461017 0.1955452 0.2863788 0.0000000 0.0000010 0.2478124 0.4219159 0.8147522 0.9959011 0.9393138 1.0368868 1.2324013 1.2542845 1.1264709 1.1176043 1.1616181 1.0539589 1.0437504 1.1156868 1.1208423 1.3446717 1.2961306 1.4809140 1.4064798 1.1174765 1.2942626 1.1589185 1.0702285 1.1412975 0.1218748 1.2968298 1.6850941 1.9902681 1.6376134 1.0835664 
VI_Sacu_v1.1_s0147.g023157_Myb_transcription_factor__0.077_                                         1.0718557 3.0041910 2.9813692 2.9492488 1.4167930 1.5127791 1.3135736 1.3771785 1.3220281 1.4898473 1.3020373 1.4225144 1.4386798 1.7018136 1.4036513 1.8541047 1.6451212 1.5475166 1.0027813 0.6308264 0.6085624 0.2332793 0.1776117 0.2597068 0.0000010 0.0000000 0.1914930 0.3806541 0.8385268 0.9719134 0.9715124 1.0648735 1.1889391 1.2212712 1.1309530 1.1174674 1.0933624 1.0759481 0.9859211 1.0651274 1.0622472 1.3857206 1.2102156 1.3507438 1.2902311 1.1129444 1.2596164 1.1429596 1.1026267 1.0285230 0.0583906 1.2669722 1.5178548 1.8391329 1.4396984 1.0465974 
VI_MA_130648p0010_437_residues__                                                                    1.2728014 3.9040804 3.7151871 3.7347314 1.9007632 2.7231500 2.6027702 2.6000691 2.1187761 2.0840394 2.1338921 2.1641525 2.6217716 2.8358908 2.3158546 2.5893119 2.6666876 2.7394067 1.7152272 0.7469423 0.7037703 0.5765622 0.3115798 0.6183774 0.2478124 0.1914930 0.0000000 0.8116661 1.1018481 1.8043105 2.1398726 1.8310922 1.6969460 1.7334663 1.9563075 1.7596615 1.7884584 1.9695731 1.6481480 1.7068572 1.8684641 2.2844908 2.0039084 1.7205452 2.0371262 1.8128931 2.0032384 1.7300075 1.4930073 1.6958298 0.2874368 2.0027126 2.6466451 2.6006193 1.9164313 1.7778397 
VI_AmTr_v1.0_scaffold00111.43_locus_evm_27.TU.AmTr_v1.0_scaffold00111.43                            1.4920394 4.5844006 5.2598209 4.5537544 2.0583204 2.7873100 2.8923930 2.3432403 2.3634100 1.9929132 2.2855333 1.8227443 2.5356914 2.8050982 2.3162579 2.5625138 2.8869619 2.5734310 1.4244248 0.8520125 0.6814822 0.9317991 0.6766659 0.9620535 0.4219159 0.3806541 0.8116661 0.0000000 0.9459101 1.5493048 1.7604028 1.8212267 1.5535596 1.7068421 1.7114665 1.5446482 1.5344749 1.6816292 1.4314609 1.8298172 2.2936185 2.1546406 2.2072782 2.2420316 2.2966305 1.5026975 1.7275749 1.7212936 1.4538194 1.8848029 0.4654022 1.8372810 2.5995305 2.8942149 1.8438819 1.4666359 
VII_HAOX-0009745                                                                                    1.0646106 3.3709960 3.2403422 3.0773316 1.5197511 1.7084155 1.5840177 1.5358415 1.4779649 1.5612791 1.2763951 1.3675087 1.5617830 2.0548105 1.7046960 1.8542824 1.9957401 1.9825390 1.3716182 1.0356285 0.9072540 1.0037442 0.9524168 1.0434552 0.8147522 0.8385268 1.1018481 0.9459101 0.0000000 0.5483844 0.5106805 0.7667295 0.7162588 0.8402896 0.4639683 0.4972853 0.7315528 0.5081551 0.5159675 0.9028011 0.9789783 1.0968265 0.9400807 1.0317097 1.1336361 0.6873657 1.0827059 0.7781541 0.9559516 1.0165118 0.8236414 1.1054684 1.6904552 1.6382851 1.5187916 0.6219656 
VII_Mp3g05910.1                                                                                     1.3813255 3.9429825 4.0039574 4.0600680 1.5844436 2.7444906 3.2484599 2.5201014 2.3962370 2.4992164 2.2268238 2.2977622 2.5095170 3.3538761 2.6938801 3.2877596 3.0852084 3.3347485 2.6553238 1.1466069 0.9659375 1.8917566 1.4042018 1.7332719 0.9959011 0.9719134 1.8043105 1.5493048 0.5483844 0.0000000 0.8974053 1.2130477 1.1318435 1.2585624 0.6125636 0.6650062 0.8433770 0.8923713 0.8322785 1.2979279 1.8674687 2.0580252 1.9359340 1.6361367 1.7658459 1.1770421 1.9316683 1.0561239 1.5508799 1.8331405 1.0346437 1.9729541 2.6132030 2.9027114 2.1047231 0.9256233 
VII_ENA_MN199011_MN199011.1_Selaginella_moellendorffii                                              1.2156683 3.7150795 3.9791050 4.1423887 1.7817160 2.8395345 2.5419989 2.5050882 2.2793859 2.4454263 2.0458854 2.0716525 2.1835133 3.1516387 2.7305896 2.3060840 2.6177589 3.1823379 2.1849330 1.1659126 0.9602433 1.8499616 1.2262704 1.6946312 0.9393138 0.9715124 2.1398726 1.7604028 0.5106805 0.8974053 0.0000000 1.4201825 1.2238609 1.3336572 0.8798018 0.9217634 0.9267219 0.9583233 0.9754145 1.3746470 1.7546329 1.6729003 1.9274235 1.7409229 1.9861926 1.3406539 1.6614940 1.3592164 1.3994795 1.6505582 1.0263306 1.7692426 2.6730514 2.8650745 1.9213221 1.1869936 
VII_Sacu_v1.1_s0002.g001222_Myb_transcription_factor__0.077_                                        1.4097235 3.2504891 3.6209017 3.5552337 1.8509809 3.1813369 2.8364497 2.6123957 2.5389093 2.6044798 2.3801380 2.2279253 2.9761695 3.2686200 2.3929400 2.7524845 2.9081243 2.8008751 2.7111506 1.1588803 0.9677963 1.7962279 1.3782729 1.9802159 1.0368868 1.0648735 1.8310922 1.8212267 0.7667295 1.2130477 1.4201825 0.0000000 1.0453099 1.1668767 1.2913413 1.2700129 1.4287937 1.3358570 1.1530798 1.4866729 2.0360730 2.1595618 2.0326312 1.5943156 1.9756131 1.1093696 1.8113322 1.0274824 1.5745718 1.9061436 1.1445930 1.8957423 2.8986228 3.0158529 2.2007728 1.3385826 
VII_Sacu_v1.1_s0041.g012546_Myb_transcription_factor__0.077_                                        1.2359606 3.8555933 3.8883170 3.8589172 1.6350835 2.9002124 2.9902691 2.6457934 2.4192817 2.3707076 2.1446565 2.1716747 2.6780900 3.2997076 2.6180353 2.8646710 3.1624333 3.2044389 2.2696816 1.1123776 0.9089912 1.8302680 1.5110246 1.7097075 1.2324013 1.1889391 1.6969460 1.5535596 0.7162588 1.1318435 1.2238609 1.0453099 0.0000000 1.0320117 1.1821747 1.0948904 1.2129917 1.1574448 1.1930186 1.5616566 1.6731025 2.0138196 2.0545213 1.6564931 1.7973557 0.5473127 1.7597918 0.8599535 1.3975354 1.6645535 1.1714536 1.9623486 2.5471538 2.7550225 1.7493442 1.3069231 
VII_Sacu_v1.1_s0272.g027033_Myb_transcription_factor__0.077_                                        1.4329490 3.3655640 3.7491528 4.0305822 1.7580981 2.6936546 2.7988821 2.3821112 2.0170450 2.4579376 2.1064397 2.3303442 2.8056855 3.2021095 2.4345994 2.6834319 2.8235816 2.9955668 2.3473039 1.1660555 0.9779396 1.6836300 1.6410008 1.9472303 1.2542845 1.2212712 1.7334663 1.7068421 0.8402896 1.2585624 1.3336572 1.1668767 1.0320117 0.0000000 1.2900392 1.1726769 1.2449123 1.4447425 1.0953310 1.1973255 1.8722018 1.9379391 2.1753242 2.0253252 1.8351461 0.9158961 1.8971858 0.8247570 1.6569885 1.7074596 1.2675742 2.0265885 2.2777236 2.3759723 1.7891001 1.2378295 
VII_MA_96853p0010_582_residues__                                                                    1.3749787 4.0342416 4.4391744 4.3404749 1.7729718 2.2150937 2.7983064 2.6111907 2.5130689 2.4543987 2.0543967 2.1190195 2.5624716 3.0726897 2.4027042 2.6342419 2.7099714 3.0717036 2.3287356 1.2456883 1.0588724 1.8227091 1.4312651 1.8005648 1.1264709 1.1309530 1.9563075 1.7114665 0.4639683 0.6125636 0.8798018 1.2913413 1.1821747 1.2900392 0.0000000 0.4133700 0.8814214 0.6779531 0.6551778 1.3529947 1.7375763 1.8743842 2.0371040 1.5258622 1.8882059 1.1117048 1.8146753 1.1662087 1.5578940 1.6990217 1.1397934 2.0455124 2.3385755 2.8376768 2.0537552 0.8974973 
VII_MA_10208000p0010_602_residues__                                                                 1.2624084 4.0848845 4.2804559 4.2251818 1.5714677 2.4247007 2.7334098 2.3781659 2.5253360 2.3290649 1.9993873 1.8975824 2.3856163 3.1561992 2.3785375 2.5539408 3.2248265 3.0642175 2.3071399 1.1840609 1.0017826 1.6802855 1.3941353 1.7642100 1.1176043 1.1174674 1.7596615 1.5446482 0.4972853 0.6650062 0.9217634 1.2700129 1.0948904 1.1726769 0.4133700 0.0000000 0.8632698 0.4974617 0.6252702 1.2934524 1.7419540 1.8913749 1.7244480 1.4051846 1.5988138 1.0509939 1.9115232 1.0929691 1.6096774 1.5889089 1.2036013 1.8917068 2.2600074 2.6687289 1.8255750 0.7646069 
VII_MA_20462p0010_470_residues__                                                                    1.3272770 5.0573139 5.2526626 5.5409785 1.6711239 2.9282027 2.9232220 2.7934326 2.5176231 2.3746659 2.1925461 2.3631024 2.4712679 3.2884249 2.3330142 2.9520466 3.2949703 3.4973306 2.2795776 1.2388580 1.0164521 1.5977174 1.3578989 1.6926255 1.1616181 1.0933624 1.7884584 1.5344749 0.7315528 0.8433770 0.9267219 1.4287937 1.2129917 1.2449123 0.8814214 0.8632698 0.0000000 1.0476785 0.9320171 1.2730097 1.8252434 2.0432542 1.9544897 1.6196262 1.7074485 1.3072694 2.0548262 1.2358900 1.5882549 2.1089533 1.2224486 2.0631085 2.8146462 3.0387797 2.1454440 1.1721776 
VII_AmTr_v1.0_scaffold00038.91                                                                      1.3260648 4.3594523 4.6924971 5.1461613 1.9851176 2.9832853 3.1683873 2.6256494 2.9621038 2.6577834 2.4470582 2.3238838 2.6163574 3.7705895 2.5082634 2.9499630 3.3563634 3.0727542 2.5211108 1.2605996 1.0698002 1.9470494 1.6097857 1.9120503 1.0539589 1.0759481 1.9695731 1.6816292 0.5081551 0.8923713 0.9583233 1.3358570 1.1574448 1.4447425 0.6779531 0.4974617 1.0476785 0.0000000 0.7966889 1.6843481 1.7989241 2.1137282 1.8837802 1.5946474 1.9146060 1.2071602 2.1510501 1.3634241 1.7180093 1.7868297 1.1546272 2.2840746 2.6857869 3.4537770 2.0206640 0.8485091 
VII_AmTr_v1.0_scaffold00037.85                                                                      1.1566245 4.0475985 4.6298181 4.4651143 1.5395844 2.5203589 2.5129568 2.5034305 2.2280591 2.4911049 2.2079154 2.3642045 2.5277828 2.9616116 2.4405488 2.2984152 3.0277742 3.1080221 2.3093498 1.1693684 1.0233723 1.5241385 1.2744287 1.5643849 1.0437504 0.9859211 1.6481480 1.4314609 0.5159675 0.8322785 0.9754145 1.1530798 1.1930186 1.0953310 0.6551778 0.6252702 0.9320171 0.7966889 0.0000000 1.4876371 1.6452790 1.6857981 1.6062981 1.4606312 1.7767262 0.9870092 1.8667679 1.1499556 1.6791440 1.5485707 1.0688420 1.9815288 2.3687407 2.4305018 1.7853973 0.9281974 
VIII_MN199016_QIN53292.1_R2R3-MYB_transcription_factor__Selaginella_moellendorffii_                 1.0029802 4.3404404 4.2428977 4.5015681 1.6888135 2.3363306 2.2867809 2.4206525 2.0285789 2.0701245 2.2450617 2.0609521 2.5962706 2.9520481 1.9728977 2.5947458 2.7892053 2.4674943 2.2271162 1.3079923 1.1159225 1.7468723 1.5390751 1.6664988 1.1156868 1.0651274 1.7068572 1.8298172 0.9028011 1.2979279 1.3746470 1.4866729 1.5616566 1.1973255 1.3529947 1.2934524 1.2730097 1.6843481 1.4876371 0.0000000 1.0285216 1.0883794 1.0942833 1.1869571 1.1281636 1.3355662 1.0961219 1.4607702 1.5008565 1.1799192 1.0610569 1.1843999 2.3960241 2.4204375 1.8061418 1.4341840 
VIII_XM_024668296.1_XP_024524064.1_transcription_factor_MYB26__Selaginella_moellendorffii_          0.9628735 4.0058657 4.1589524 4.3523203 1.7964328 2.9946113 2.6158423 2.7237597 2.4249353 2.7477747 2.2962687 2.6207302 2.6195988 2.7442582 2.2803288 2.5705723 2.6582606 2.6772216 2.4486650 1.1591677 0.9417829 2.0651859 1.5868144 1.8033325 1.1208423 1.0622472 1.8684641 2.2936185 0.9789783 1.8674687 1.7546329 2.0360730 1.6731025 1.8722018 1.7375763 1.7419540 1.8252434 1.7989241 1.6452790 1.0285216 0.0000000 1.4179696 1.4168598 1.4365197 1.4192739 1.7678921 1.3971678 1.8816701 1.2507899 1.1659530 1.2447956 1.5542427 2.6729381 3.1028243 1.8874016 1.7866939 
VIII_Mapoly0073s0038_PTQ35164.1_hypothetical_protein_MARPO_0073s0038__Marchantia_polymorpha_        1.2986901 5.5719753 5.1270410 5.6270846 2.0648507 2.9707072 2.7286327 2.5948834 2.5396798 2.7535002 2.2966858 2.3138680 2.6973931 3.1197202 2.2227083 2.9796479 2.6835737 3.2520612 2.7980979 1.3806894 1.1068721 2.1329512 1.5880588 2.0767538 1.3446717 1.3857206 2.2844908 2.1546406 1.0968265 2.0580252 1.6729003 2.1595618 2.0138196 1.9379391 1.8743842 1.8913749 2.0432542 2.1137282 1.6857981 1.0883794 1.4179696 0.0000000 1.1271540 1.1885871 1.2372219 1.7808331 1.5667754 2.0533610 1.8762951 1.6784494 1.4316745 1.3982594 2.8121132 2.8288882 1.9576388 2.1423971 
VIII_Mapoly0006s0226_PTQ48220.1_hypothetical_protein_MARPO_0006s0226__Marchantia_polymorpha_        1.2330013 4.6757187 4.5124069 4.2666218 2.2488864 3.0273635 3.0728152 2.6948258 2.5411628 2.6198426 2.8680186 2.5630913 3.5355725 3.2490416 2.5631485 2.8409408 2.7661359 2.9246789 3.1592752 1.4563062 1.1877080 2.1404007 1.7176286 1.9460201 1.2961306 1.2102156 2.0039084 2.2072782 0.9400807 1.9359340 1.9274235 2.0326312 2.0545213 2.1753242 2.0371040 1.7244480 1.9544897 1.8837802 1.6062981 1.0942833 1.4168598 1.1271540 0.0000000 1.0801590 1.1915120 2.1948677 1.4765513 2.1180536 1.7086028 1.5654103 1.2337422 1.4029654 3.1121387 3.1087597 2.4172911 1.8400412 
VIII_XM_024680104.1_XP_024535872.1_transcription_factor_MYB8-like__Selaginella_moellendorffii_      1.2297611 4.1794106 4.3442559 3.8996577 1.9591123 2.3729449 2.5629331 2.3949726 2.1360146 1.8613290 1.8797096 2.1547294 2.5335844 2.6739237 2.0061692 2.4948787 2.3003520 2.5949657 2.3684436 1.5671336 1.2785066 1.9824164 1.4203327 1.6756481 1.4809140 1.3507438 1.7205452 2.2420316 1.0317097 1.6361367 1.7409229 1.5943156 1.6564931 2.0253252 1.5258622 1.4051846 1.6196262 1.5946474 1.4606312 1.1869571 1.4365197 1.1885871 1.0801590 0.0000000 0.9616715 1.7991305 1.2673080 1.5498978 1.3834479 1.2770735 1.4494316 1.1252378 2.7675424 2.7364631 1.7629650 1.7355587 
VIII_MN199020_QIN53296.1_R2R3-MYB_transcription_factor__Selaginella_moellendorffii_                 1.2851890 5.2301182 4.9781943 3.8498455 2.1251203 2.8403005 3.1309148 2.2885605 2.3972061 2.3578537 2.3680585 2.0393449 2.7548389 2.7600709 2.2344394 2.8342197 2.8160035 2.5475889 3.2444330 1.5616157 1.2576079 2.1673424 1.7292247 1.8278047 1.4064798 1.2902311 2.0371262 2.2966305 1.1336361 1.7658459 1.9861926 1.9756131 1.7973557 1.8351461 1.8882059 1.5988138 1.7074485 1.9146060 1.7767262 1.1281636 1.4192739 1.2372219 1.1915120 0.9616715 0.0000000 1.9900107 1.6043214 1.7240923 1.7827291 1.5087396 1.3449400 1.3741140 2.7791873 2.9710409 2.0860138 1.9101385 
Azfi_s0004.g008455                                                                                  1.2075920 4.5243272 4.7827343 4.6254867 1.7251970 2.6726978 3.4311454 2.1872416 2.3231603 2.3975858 2.1465213 2.2232480 2.6757640 3.2732283 2.2571249 2.6019897 2.8064043 2.8797531 2.4759955 1.1838838 0.9294033 1.8796566 1.2732209 1.5957087 1.1174765 1.1129444 1.8128931 1.5026975 0.6873657 1.1770421 1.3406539 1.1093696 0.5473127 0.9158961 1.1117048 1.0509939 1.3072694 1.2071602 0.9870092 1.3355662 1.7678921 1.7808331 2.1948677 1.7991305 1.9900107 0.0000000 1.8144369 0.8686544 1.5928929 1.6822751 1.1480675 2.2785194 2.5789838 2.8851206 1.9762371 1.2501520 
Azfi_s0014.g013584                                                                                  0.9881294 3.9387971 4.0959500 3.8267201 1.8579157 2.8192056 2.6140303 2.7691439 2.4787354 2.4782987 2.1394200 2.5149634 2.8854407 2.7063066 1.9797219 2.6505530 2.6795089 2.4727363 2.2411915 1.2397202 1.0754960 2.1763616 1.6340714 1.9929006 1.2942626 1.2596164 2.0032384 1.7275749 1.0827059 1.9316683 1.6614940 1.8113322 1.7597918 1.8971858 1.8146753 1.9115232 2.0548262 2.1510501 1.8667679 1.0961219 1.3971678 1.5667754 1.4765513 1.2673080 1.6043214 1.8144369 0.0000000 1.9182955 1.4429725 1.5668370 1.4166353 1.3818304 3.2119867 3.1238993 1.8896491 1.9491568 
Azfi_s0021.g015882                                                                                  1.3994736 3.9043681 4.1637083 4.1221518 1.6863234 2.1939864 2.8024363 2.1685834 2.1406906 2.3541090 2.0370006 2.2235171 2.7516303 2.8552045 2.1848492 2.5345827 2.9292285 3.0843741 2.3276036 1.1411372 0.9208365 1.8317042 1.3138754 1.7404960 1.1589185 1.1429596 1.7300075 1.7212936 0.7781541 1.0561239 1.3592164 1.0274824 0.8599535 0.8247570 1.1662087 1.0929691 1.2358900 1.3634241 1.1499556 1.4607702 1.8816701 2.0533610 2.1180536 1.5498978 1.7240923 0.8686544 1.9182955 0.0000000 1.4680527 1.6872626 1.1430386 2.0491045 2.4794142 2.5424011 2.0456327 1.3798530 
Azfi_s0035.g025508                                                                                  0.7930817 3.2967815 3.9899608 3.6203383 1.9115211 2.4892800 2.0781026 2.2968795 1.8695507 2.0074351 2.0109642 1.9167026 2.2804178 2.4344235 2.2225476 2.5251218 2.5779450 2.2822914 1.9775888 0.9608175 1.0240618 1.5805098 1.4446729 1.6156427 1.0702285 1.1026267 1.4930073 1.4538194 0.9559516 1.5508799 1.3994795 1.5745718 1.3975354 1.6569885 1.5578940 1.6096774 1.5882549 1.7180093 1.6791440 1.5008565 1.2507899 1.8762951 1.7086028 1.3834479 1.7827291 1.5928929 1.4429725 1.4680527 0.0000000 1.2809545 1.0977055 1.6054131 2.5779799 2.6479381 2.1128624 1.5077003 
Azfi_s0041.g026722                                                                                  1.0878016 4.2854657 4.9582367 5.2306132 1.8873571 2.3797317 2.6149160 3.0486754 2.2188672 2.3842891 2.5996136 2.8361344 3.0912790 3.1605684 2.4189500 3.0970011 2.8776634 2.9142989 2.6775056 1.2440992 0.9642015 1.7569319 1.4921247 2.0453831 1.1412975 1.0285230 1.6958298 1.8848029 1.0165118 1.8331405 1.6505582 1.9061436 1.6645535 1.7074596 1.6990217 1.5889089 2.1089533 1.7868297 1.5485707 1.1799192 1.1659530 1.6784494 1.5654103 1.2770735 1.5087396 1.6822751 1.5668370 1.6872626 1.2809545 0.0000000 1.0812090 1.4753031 2.9433454 3.0958457 2.1985186 1.7238939 
Azfi_s0076.g037908                                                                                  1.1019093 2.8190888 2.8134155 2.7204228 1.5874189 1.6822334 1.4561862 1.5354773 1.5132866 1.7412723 1.5147215 1.5821529 1.6594958 1.9083194 1.5492856 2.0344953 1.9406614 1.6972062 1.1234320 0.7184370 0.6966906 0.2886856 0.2393604 0.3671377 0.1218748 0.0583906 0.2874368 0.4654022 0.8236414 1.0346437 1.0263306 1.1445930 1.1714536 1.2675742 1.1397934 1.2036013 1.2224486 1.1546272 1.0688420 1.0610569 1.2447956 1.4316745 1.2337422 1.4494316 1.3449400 1.1480675 1.4166353 1.1430386 1.0977055 1.0812090 0.0000000 1.2837892 1.6155965 1.9028181 1.6501119 1.0983399 
Azfi_s0129.g048859                                                                                  1.1073296 4.1412925 4.6709225 4.5612671 1.9750365 2.9672692 2.8220483 3.1181351 2.9903515 2.5546122 2.5738753 2.2472411 3.1072133 3.2745221 2.8850834 3.6297873 2.7961480 3.3212263 2.6497106 1.2653525 1.0464472 2.0870582 1.5234549 1.9002103 1.2968298 1.2669722 2.0027126 1.8372810 1.1054684 1.9729541 1.7692426 1.8957423 1.9623486 2.0265885 2.0455124 1.8917068 2.0631085 2.2840746 1.9815288 1.1843999 1.5542427 1.3982594 1.4029654 1.1252378 1.3741140 2.2785194 1.3818304 2.0491045 1.6054131 1.4753031 1.2837892 0.0000000 3.1245245 2.9969032 1.9464600 1.9570638 
R1R2R3_MN199004_QIN53280.1_R1R2R3-MYB_protein__Selaginella_moellendorffii_                          2.1793526 3.6374736 3.6957534 3.7060359 1.4535485 1.9721898 1.7854451 2.0205028 1.6635790 1.8241594 1.8697586 1.9453834 2.0109610 2.1917333 2.1229709 2.3943816 2.0719295 2.5232812 2.8065243 1.3455827 1.3500241 2.5110832 1.8264788 2.3056800 1.6850941 1.5178548 2.6466451 2.5995305 1.6904552 2.6132030 2.6730514 2.8986228 2.5471538 2.2777236 2.3385755 2.2600074 2.8146462 2.6857869 2.3687407 2.3960241 2.6729381 2.8121132 3.1121387 2.7675424 2.7791873 2.5789838 3.2119867 2.4794142 2.5779799 2.9433454 1.6155965 3.1245245 0.0000000 0.6193647 0.8247245 2.2779600 
R1R2R3_Mapoly0036s0107_PTQ41127.1_hypothetical_protein_MARPO_0036s0107__Marchantia_polymorpha_      2.1892276 3.3388823 3.8392689 3.2586120 1.5077832 2.0187708 2.0211990 2.5762708 2.0099816 2.0530061 2.3186845 2.1360698 2.4012399 2.5639986 2.2481433 2.5323852 2.2999464 2.6123406 3.2609511 1.3618414 1.3661595 2.4810852 2.1070166 2.2914103 1.9902681 1.8391329 2.6006193 2.8942149 1.6382851 2.9027114 2.8650745 3.0158529 2.7550225 2.3759723 2.8376768 2.6687289 3.0387797 3.4537770 2.4305018 2.4204375 3.1028243 2.8288882 3.1087597 2.7364631 2.9710409 2.8851206 3.1238993 2.5424011 2.6479381 3.0958457 1.9028181 2.9969032 0.6193647 0.0000000 0.8749163 3.1294172 
R1R2R3_Mapoly0150s0001_PTQ28976.1_hypothetical_protein_MARPO_0150s0001__Marchantia_polymorpha_      1.6921827 2.4850919 2.3648841 2.1567662 1.0481597 1.2310250 1.2561997 1.4632386 1.4283755 1.3935693 1.3256376 1.4354041 1.4527497 1.7203052 1.5013750 1.8450337 1.6609384 1.6621429 2.2673680 1.5347285 1.5289922 1.6419001 1.4806568 1.7262699 1.6376134 1.4396984 1.9164313 1.8438819 1.5187916 2.1047231 1.9213221 2.2007728 1.7493442 1.7891001 2.0537552 1.8255750 2.1454440 2.0206640 1.7853973 1.8061418 1.8874016 1.9576388 2.4172911 1.7629650 2.0860138 1.9762371 1.8896491 2.0456327 2.1128624 2.1985186 1.6501119 1.9464600 0.8247245 0.8749163 0.0000000 1.8623240 
sp_Q8W1W6_MYB33_ARATH_Transcription_factor_MYB33_OS_Arabidopsis_thaliana_OX_3702_GN_MYB33_PE_2_SV_1 1.2130210 4.1435782 4.6666456 4.7027636 1.5849985 3.0201306 2.7536857 2.4569316 2.6195241 2.2509199 2.3421465 2.1142112 2.5091996 3.3479153 2.7573082 3.3475347 3.2410135 3.1056974 2.5378463 1.2004277 0.9828279 1.7114324 1.3655561 1.6695248 1.0835664 1.0465974 1.7778397 1.4666359 0.6219656 0.9256233 1.1869936 1.3385826 1.3069231 1.2378295 0.8974973 0.7646069 1.1721776 0.8485091 0.9281974 1.4341840 1.7866939 2.1423971 1.8400412 1.7355587 1.9101385 1.2501520 1.9491568 1.3798530 1.5077003 1.7238939 1.0983399 1.9570638 2.2779600 3.1294172 1.8623240 0.0000000 
